2006
0 1143 267
1 936 2250
2 508 1569
3 1960 1127
4 1179 2024
5 932 895
6 1345 1986
7 1237 878
8 1114 885
9 863 241
10 1131 763
11 1876 105
12 1381 565
13 717 946
14 1882 144
15 373 1778
16 1845 1458
17 600 554
18 132 306
19 593 1216
20 1080 1882
21 924 483
22 445 1931
23 1702 798
24 1978 1099
25 2176 1450
26 345 1918
27 1983 1139
28 1110 1584
29 1368 792
30 943 360
31 1100 1527
32 1378 1338
33 1074 1527
34 1648 1668
35 1580 806
36 1378 1197
37 1435 1771
38 299 280
39 583 520
40 1464 1033
41 1826 40
42 1119 397
43 539 543
44 1536 1694
45 1378 1333
46 699 2323
47 749 1341
48 1542 470
49 2217 1715
50 55 280
51 1050 1228
52 901 483
53 1093 4
54 1387 1771
55 594 2116
56 823 791
57 1803 317
58 1990 216
59 2136 428
60 1440 1033
61 69 796
62 621 1216
63 2016 1399
64 1698 105
65 1077 1697
66 1095 397
67 824 2149
68 1497 211
69 1287 2067
70 164 631
71 1159 1683
72 1378 1228
73 1348 1771
74 462 1789
75 1390 1066
76 1323 1771
77 1948 784
78 695 1884
79 1275 729
80 1345 1966
81 969 4
82 790 481
83 1570 196
84 833 788
85 1680 2034
86 2136 435
87 2283 1450
88 194 403
89 1561 913
90 193 854
91 1861 1208
92 1771 279
93 1077 1706
94 1648 1626
95 1948 1689
96 517 1666
97 368 1778
98 18 1258
99 993 437
100 1537 855
101 2064 1988
102 1171 1902
103 18 999
104 1788 2261
105 552 1278
106 145 1923
107 1549 434
108 872 91
109 1980 1139
110 217 906
111 1978 1135
112 786 791
113 1335 1540
114 1197 397
115 2020 2181
116 385 1325
117 723 122
118 1990 202
119 1459 1540
120 1497 172
121 457 1233
122 594 1931
123 1329 878
124 1332 173
125 379 1819
126 164 613
127 1290 172
128 712 2323
129 1378 1540
130 1042 1740
131 764 939
132 814 2323
133 1542 330
134 215 125
135 265 1252
136 2032 782
137 982 1248
138 239 1548
139 203 1511
140 1727 2055
141 1400 711
142 1181 1683
143 385 1367
144 1936 708
145 1116 1527
146 745 360
147 145 854
148 1712 2037
149 1627 799
150 2085 1988
151 1491 1892
152 1306 230
153 1680 2023
154 374 1689
155 943 1709
156 414 323
157 1250 267
158 1013 2333
159 1077 1669
160 1422 878
161 873 895
162 814 2292
163 2288 1715
164 2049 1867
165 1194 2024
166 1275 494
167 1080 1948
168 1042 1711
169 1978 502
170 269 1146
171 2194 782
172 1778 1361
173 18 976
174 145 1910
175 1680 2090
176 1858 105
177 2145 1399
178 -8 411
179 259 1505
180 429 1594
181 1916 1127
182 345 1758
183 498 1476
184 1551 353
185 1192 1095
186 1520 462
187 37 392
188 18 1121
189 1549 470
190 1080 1810
191 1906 1422
192 771 895
193 1570 227
194 1491 172
195 247 1505
196 763 809
197 800 360
198 663 2323
199 1727 2098
200 986 1250
201 899 966
202 2270 782
203 1785 447
204 18 1112
205 2181 428
206 661 481
207 498 1563
208 1627 915
209 1471 1402
210 619 1757
211 946 1104
212 69 405
213 1582 105
214 1536 1751
215 501 1621
216 1183 1810
217 2050 981
218 1007 2333
219 57 125
220 993 483
221 1551 375
222 901 1163
223 393 1890
224 249 280
225 269 1125
226 2288 1591
227 1778 1402
228 1104 763
229 1584 1402
230 123 125
231 1354 1544
232 753 809
233 2083 981
234 1993 1770
235 1291 589
236 581 1278
237 1310 230
238 1077 1689
239 824 2077
240 1852 48
241 147 1511
242 1627 880
243 923 1163
244 2288 1492
245 1835 1208
246 2054 782
247 1550 497
248 900 999
249 2049 2103
250 1521 769
251 1286 1795
252 1429 1892
253 539 548
254 1104 784
255 970 1163
256 145 1577
257 2075 981
258 2170 1399
259 1936 542
260 1570 127
261 1976 1104
262 1425 1771
263 1882 189
264 1821 1208
265 593 1243
266 1114 1551
267 1653 1903
268 1070 1542
269 646 1278
270 9 125
271 1059 114
272 1906 1458
273 913 26
274 164 735
275 914 1163
276 1321 1158
277 1329 1540
278 2005 600
279 594 1984
280 1771 327
281 1481 98
282 305 253
283 1867 1173
284 2206 1715
285 524 1757
286 1501 1402
287 1287 2121
288 2276 1715
289 723 221
290 1192 1066
291 1189 397
292 568 1796
293 1179 1930
294 1125 2332
295 1239 397
296 677 1822
297 859 1111
298 1635 1903
299 976 360
300 1003 2333
301 1923 2261
302 1719 52
303 654 1216
304 1104 782
305 455 1931
306 1329 1678
307 1936 524
308 1476 1033
309 1154 1663
310 1179 1810
311 594 2254
312 1205 1066
313 872 114
314 1978 1094
315 1058 114
316 345 1907
317 859 966
318 1286 1780
319 884 966
320 1240 1143
321 1332 196
322 1839 1208
323 1965 600
324 1794 279
325 1312 2033
326 457 1489
327 18 1055
328 1727 2261
329 2206 1740
330 1479 1402
331 373 1802
332 1519 1033
333 859 991
334 2042 239
335 205 1548
336 1077 1621
337 824 2129
338 215 381
339 330 1548
340 1023 410
341 1122 1527
342 37 366
343 1867 1208
344 1821 1361
345 613 1872
346 1551 345
347 1459 1466
348 1480 1088
349 1702 799
350 547 520
351 1978 1096
352 1518 769
353 594 2131
354 1990 239
355 1154 1683
356 1815 447
357 539 537
358 1225 1066
359 2135 981
360 2049 1820
361 183 1548
362 860 999
363 145 1550
364 901 360
365 145 1951
366 132 314
367 1112 397
368 122 906
369 1392 878
370 662 1278
371 1340 1234
372 560 554
373 1133 1902
374 1107 1583
375 2270 1450
376 48 306
377 485 323
378 305 274
379 1201 1066
380 581 1229
381 40 411
382 901 482
383 1177 1683
384 1275 688
385 1208 172
386 1600 1033
387 1009 4
388 1125 2186
389 1167 1143
390 1424 73
391 462 1796
392 1119 1902
393 1430 1540
394 771 2323
395 1553 345
396 1057 199
397 1812 1458
398 746 1216
399 749 1333
400 485 477
401 153 280
402 814 2310
403 594 2108
404 813 2323
405 1990 208
406 101 392
407 1465 913
408 2050 1020
409 1381 711
410 1557 1033
411 193 403
412 379 1797
413 165 1505
414 1469 1892
415 1842 42
416 1936 614
417 1422 1066
418 1154 1621
419 164 462
420 1243 127
421 677 1884
422 1541 572
423 88 405
424 2049 2160
425 1469 610
426 609 553
427 1329 1612
428 1473 1088
429 305 261
430 749 1244
431 485 463
432 217 865
433 180 403
434 594 2207
435 145 1915
436 560 583
437 508 1483
438 837 779
439 1368 642
440 896 456
441 725 1276
442 965 1709
443 1637 1679
444 1550 559
445 462 1751
446 1312 2082
447 1388 73
448 753 360
449 1029 4
450 1627 911
451 1594 105
452 1020 277
453 145 1722
454 1568 329
455 2077 1988
456 -8 405
457 763 794
458 498 1796
459 1057 114
460 2270 882
461 1821 1242
462 688 261
463 1459 1404
464 379 1689
465 457 1513
466 932 763
467 1821 1280
468 1378 1088
469 863 187
470 1278 1683
471 880 966
472 1680 2091
473 1188 1810
474 307 1125
475 18 1212
476 901 1143
477 1125 2263
478 1422 886
479 192 1505
480 164 403
481 593 1278
482 760 122
483 1093 88
484 1115 1584
485 345 1947
486 1312 2096
487 814 2159
488 490 609
489 1813 447
490 1302 267
491 1727 2037
492 2136 488
493 1815 374
494 471 1666
495 1093 2035
496 890 779
497 634 881
498 501 1611
499 106 125
500 1502 806
501 1329 1640
502 1719 75
503 2100 564
504 1069 1532
505 1422 1033
506 1208 127
507 749 1216
508 2230 981
509 1154 1584
510 72 974
511 1522 470
512 699 1908
513 263 1511
514 427 1216
515 1142 267
516 1057 2333
517 539 553
518 498 1246
519 1218 878
520 1607 855
521 1329 1633
522 1046 2333
523 379 1855
524 147 1505
525 594 2283
526 977 360
527 613 554
528 814 2169
529 765 895
530 553 1757
531 1549 455
532 1080 1772
533 2136 502
534 164 682
535 594 2061
536 1842 1208
537 1719 40
538 215 323
539 457 1278
540 666 935
541 688 338
542 409 1431
543 508 1567
544 1079 1104
545 1266 172
546 498 1518
547 1220 878
548 723 261
549 1275 397
550 2049 2181
551 67 914
552 1569 1679
553 1778 1394
554 379 1701
555 1460 822
556 2137 981
557 824 2230
558 2078 1988
559 1329 1683
560 688 329
561 9 130
562 345 1593
563 1507 211
564 2143 1399
565 498 1513
566 1368 597
567 1378 1151
568 1057 1104
569 1917 202
570 134 405
571 1354 1595
572 1329 1595
573 1549 330
574 1936 647
575 1077 1657
576 824 2237
577 1481 97
578 1698 2091
579 1088 397
580 1570 119
581 2050 1103
582 2270 856
583 932 843
584 1506 1892
585 1821 1349
586 498 1504
587 593 520
588 593 1235
589 1275 411
590 1153 1540
591 1378 1142
592 1570 172
593 69 829
594 1815 403
595 1803 363
596 1433 913
597 740 1288
598 594 1976
599 1368 773
600 264 1951
601 1481 106
602 1948 1697
603 248 1951
604 37 379
605 1727 2142
606 1365 711
607 1967 782
608 462 1692
609 730 1908
610 2030 2181
611 1011 2333
612 1154 1660
613 330 1520
614 613 1837
615 132 334
616 793 791
617 1420 878
618 345 1906
619 1267 878
620 1550 769
621 1648 1593
622 121 405
623 2147 1797
624 457 1581
625 715 935
626 37 356
627 385 1431
628 1936 516
629 1187 1143
630 936 2252
631 134 1258
632 1648 1672
633 2100 542
634 345 1548
635 508 1571
636 2050 1089
637 1272 1795
638 594 2323
639 1948 782
640 613 481
641 1975 1127
642 1481 314
643 2270 981
644 898 50
645 1286 1772
646 54 1258
647 96 125
648 1771 301
649 501 1594
650 824 2130
651 215 380
652 2048 1806
653 1429 642
654 989 277
655 60 405
656 1648 1679
657 457 1497
658 1080 1884
659 245 1505
660 1172 1143
661 842 779
662 901 779
663 1936 739
664 1125 2183
665 305 280
666 2048 1797
667 680 935
668 606 1796
669 132 315
670 1125 2169
671 941 999
672 2036 239
673 1328 230
674 373 1819
675 1980 1706
676 1480 806
677 946 1000
678 2048 1820
679 829 360
680 208 1951
681 1099 1143
682 1584 1903
683 901 481
684 560 595
685 1057 267
686 723 129
687 1080 1898
688 145 1824
689 1381 775
690 946 1040
691 882 779
692 338 1548
693 397 1603
694 919 483
695 1700 2037
696 640 1278
697 1312 2078
698 370 323
699 855 456
700 677 1874
701 814 2311
702 1302 196
703 1455 1033
704 1131 729
705 1151 1536
706 2229 782
707 215 403
708 1719 105
709 1727 2144
710 1275 477
711 1513 1088
712 600 520
713 1312 2069
714 814 2128
715 893 456
716 613 1907
717 1329 642
718 1936 502
719 1590 105
720 485 598
721 1362 1771
722 1375 1354
723 824 2182
724 949 360
725 1765 2261
726 1882 202
727 2244 981
728 559 595
729 392 1125
730 1119 1887
731 132 392
732 1573 775
733 102 949
734 345 1927
735 1181 729
736 1287 267
737 677 1860
738 1540 572
739 897 1709
740 1069 4
741 1568 307
742 1536 1741
743 512 1796
744 1411 314
745 558 1757
746 1163 397
747 1437 913
748 1575 1088
749 1097 129
750 2100 600
751 1119 1860
752 1247 878
753 535 617
754 462 1748
755 102 940
756 1499 572
757 1416 1892
758 2051 600
759 863 189
760 855 471
761 873 2250
762 457 1931
763 1567 345
764 1936 686
765 872 261
766 501 1656
767 1136 1584
768 1080 2333
769 1284 230
770 1602 105
771 970 4
772 1125 2221
773 1405 1771
774 338 1520
775 1121 2035
776 164 405
777 1275 480
778 1042 1709
779 2288 1450
780 1283 1795
781 2288 1540
782 485 496
783 164 484
784 740 122
785 719 1926
786 1204 230
787 2206 1797
788 69 854
789 872 193
790 824 2203
791 1544 1088
792 814 2194
793 1689 775
794 1381 762
795 1680 1903
796 865 2250
797 269 1248
798 1906 1399
799 164 412
800 304 1548
801 764 946
802 1422 913
803 164 677
804 1303 1771
805 2089 981
806 1110 1551
807 1680 2007
808 345 1716
809 730 881
810 1724 1402
811 1472 769
812 1882 174
813 164 411
814 932 848
815 1240 1795
816 688 308
817 634 935
818 1319 1143
819 1321 589
820 18 1110
821 2171 239
822 1353 1544
823 579 1931
824 1354 1551
825 859 999
826 1536 1892
827 1549 350
828 1680 1998
829 1077 1645
830 946 1057
831 215 325
832 548 553
833 913 966
834 1077 1694
835 1958 600
836 2049 1884
837 1585 1402
838 517 1750
839 932 863
840 18 1086
841 993 481
842 593 1263
843 1933 790
844 613 553
845 1368 584
846 749 1283
847 1317 230
848 1154 1544
849 814 2174
850 915 4
851 1307 1066
852 494 1594
853 751 881
854 1329 1544
855 946 984
856 2181 250
857 1566 127
858 1951 1689
859 936 2257
860 2226 981
861 485 387
862 2270 879
863 1192 1086
864 1374 1354
865 1460 823
866 1973 2261
867 1481 127
868 34 280
869 1359 1551
870 1378 1306
871 498 1431
872 1936 528
873 749 1380
874 198 1258
875 1469 769
876 593 1241
877 1459 1440
878 945 1709
879 485 541
880 1597 806
881 1469 711
882 1378 1148
883 1754 1402
884 1052 1706
885 1459 1489
886 677 1811
887 1501 1771
888 2036 502
889 1179 1902
890 1698 2088
891 937 360
892 544 1931
893 1481 241
894 1283 1683
895 1049 277
896 1412 642
897 1879 1458
898 1114 878
899 508 1437
900 178 280
901 594 2148
902 143 1258
903 145 1858
904 1018 1706
905 270 125
906 740 1276
907 1332 308
908 345 1689
909 164 599
910 1259 172
911 1261 267
912 814 2091
913 198 1252
914 1339 878
915 613 487
916 1973 2239
917 1459 1503
918 2049 2072
919 373 1807
920 343 1951
921 1356 314
922 1104 872
923 1709 1402
924 1008 1250
925 521 1757
926 1460 1033
927 946 1020
928 379 1890
929 517 1698
930 2020 542
931 850 2250
932 1378 1319
933 1644 1903
934 1976 1127
935 932 890
936 2223 782
937 216 906
938 1978 1103
939 517 1604
940 1963 202
941 1385 1551
942 795 114
943 1243 397
944 1236 2067
945 1644 105
946 1332 314
947 1985 1773
948 18 1157
949 1548 172
950 1145 230
951 932 786
952 1627 806
953 370 1626
954 704 2323
955 1227 878
956 670 2323
957 1627 855
958 379 1625
959 1179 1939
960 1536 1771
961 345 1859
962 913 4
963 1585 915
964 2089 1979
965 561 1278
966 1724 2037
967 2089 1988
968 145 1548
969 1296 620
970 594 2233
971 932 872
972 923 1706
973 662 1276
974 1627 1046
975 2033 2181
976 1332 211
977 932 768
978 1588 855
979 1347 620
980 634 1757
981 1312 2072
982 18 1030
983 1254 397
984 1125 2145
985 594 2115
986 473 1796
987 833 784
988 204 1511
989 2079 239
990 1413 1088
991 1321 1234
992 1469 622
993 1727 2069
994 1125 2184
995 2083 1797
996 1648 1574
997 764 895
998 91 280
999 1985 1776
1000 1727 2170
1001 1332 73
1002 1154 1624
1003 1727 2251
1004 145 1816
1005 1569 211
1006 1077 1542
1007 1993 1752
1008 305 177
1009 1717 2037
1010 2238 981
1011 1719 104
1012 338 1540
1013 1946 542
1014 2181 315
1015 1381 598
1016 1936 600
1017 1061 2333
1018 1551 447
1019 168 1258
1020 2065 600
1021 1022 1104
1022 1570 218
1023 1077 1551
1024 510 1431
1025 1145 1902
1026 535 595
1027 2181 292
1028 1550 554
1029 130 125
1030 920 360
1031 2113 1399
1032 198 1951
1033 1548 913
1034 145 1913
1035 1111 397
1036 1080 1792
1037 1413 1066
1038 1783 1361
1039 863 196
1040 608 2323
1041 2095 981
1042 1204 1066
1043 345 1696
1044 1365 1234
1045 814 2288
1046 506 1431
1047 37 306
1048 1375 1583
1049 872 61
1050 727 1216
1051 1376 1892
1052 485 502
1053 1997 1139
1054 913 763
1055 18 1130
1056 145 1906
1057 1147 1527
1058 863 188
1059 446 1216
1060 594 2087
1061 717 1926
1062 1803 346
1063 385 1340
1064 1539 913
1065 677 1757
1066 1519 172
1067 457 1216
1068 134 735
1069 983 483
1070 932 803
1071 1801 1458
1072 881 999
1073 18 1125
1074 111 405
1075 1216 1795
1076 2087 502
1077 608 1757
1078 1697 2091
1079 1709 2037
1080 1627 1088
1081 18 1210
1082 439 323
1083 847 779
1084 891 991
1085 2018 2181
1086 1481 211
1087 462 1716
1088 132 358
1089 1551 354
1090 634 925
1091 412 323
1092 1156 1104
1093 1568 345
1094 392 1203
1095 215 335
1096 184 1505
1097 1548 855
1098 1346 1540
1099 724 951
1100 1097 187
1101 2100 566
1102 368 1859
1103 1699 799
1104 1345 2024
1105 1312 2121
1106 1518 855
1107 1549 460
1108 498 1558
1109 1627 1057
1110 263 1505
1111 2138 1399
1112 2049 1969
1113 1947 202
1114 882 966
1115 777 114
1116 1350 314
1117 1952 2261
1118 1104 805
1119 2074 1988
1120 901 1160
1121 708 935
1122 1481 283
1123 594 2168
1124 753 861
1125 723 184
1126 1080 1774
1127 686 481
1128 1973 2251
1129 164 724
1130 498 1239
1131 1993 1775
1132 1119 1811
1133 185 1511
1134 1162 878
1135 1312 2024
1136 1760 40
1137 2049 1876
1138 498 1516
1139 132 339
1140 593 1255
1141 1933 782
1142 393 1896
1143 380 1603
1144 1020 1250
1145 379 1703
1146 594 2163
1147 200 1511
1148 196 906
1149 1973 2260
1150 915 966
1151 117 392
1152 392 1192
1153 1942 1127
1154 1466 1771
1155 715 946
1156 1567 127
1157 1024 277
1158 164 433
1159 1050 1250
1160 1933 775
1161 1059 230
1162 217 854
1163 1562 211
1164 145 1864
1165 1080 1841
1166 392 1216
1167 1464 314
1168 1906 1457
1169 1429 73
1170 1545 1402
1171 2049 1845
1172 715 939
1173 1053 2333
1174 993 410
1175 1329 1674
1176 688 322
1177 1016 410
1178 485 436
1179 1287 2122
1180 932 885
1181 1365 73
1182 69 827
1183 58 306
1184 498 1216
1185 97 280
1186 1694 1402
1187 66 306
1188 1852 105
1189 567 520
1190 1216 2028
1191 953 1709
1192 514 1604
1193 968 4
1194 330 1534
1195 936 2305
1196 663 1276
1197 833 779
1198 1345 1918
1199 580 1757
1200 672 481
1201 1518 127
1202 1286 1771
1203 1323 127
1204 1550 775
1205 721 1908
1206 1368 782
1207 1041 277
1208 1618 1033
1209 712 1216
1210 971 483
1211 594 2321
1212 695 1908
1213 593 1219
1214 2288 1523
1215 713 1926
1216 379 1603
1217 141 405
1218 1966 202
1219 1478 1771
1220 2089 1969
1221 2065 239
1222 171 1951
1223 379 1771
1224 1592 915
1225 1560 775
1226 517 1612
1227 1599 1679
1228 1257 1143
1229 1129 1527
1230 1139 1143
1231 322 1125
1232 1368 796
1233 1181 397
1234 1347 614
1235 1625 1903
1236 389 1890
1237 1688 799
1238 1248 1143
1239 379 1760
1240 932 873
1241 21 411
1242 1216 2067
1243 1057 187
1244 1302 200
1245 753 876
1246 1381 796
1247 1075 267
1248 1139 230
1249 2050 1001
1250 1107 1584
1251 517 620
1252 1186 397
1253 2143 981
1254 932 769
1255 1087 106
1256 1378 1329
1257 1941 790
1258 1378 1184
1259 1329 662
1260 1410 314
1261 1050 1147
1262 833 791
1263 1314 267
1264 392 1145
1265 1275 620
1266 1882 105
1267 1153 230
1268 2288 1562
1269 1702 775
1270 1378 1066
1271 526 1216
1272 1201 1683
1273 385 1369
1274 1496 572
1275 1575 806
1276 1830 42
1277 1459 913
1278 891 50
1279 379 1798
1280 1069 1542
1281 2133 1797
1282 1745 1458
1283 72 942
1284 740 2323
1285 1091 2026
1286 1112 763
1287 1498 1033
1288 373 1859
1289 194 906
1290 594 2098
1291 897 1706
1292 1568 227
1293 1355 1771
1294 1262 1683
1295 867 360
1296 699 1276
1297 18 1249
1298 498 1495
1299 1146 1902
1300 1093 106
1301 1057 214
1302 634 897
1303 1795 279
1304 1080 1740
1305 1321 1211
1306 594 2031
1307 1368 1583
1308 1119 1841
1309 814 2182
1310 1241 1066
1311 1598 1402
1312 164 616
1313 1821 1246
1314 2205 981
1315 2169 428
1316 2288 1551
1317 1748 1458
1318 1057 277
1319 855 465
1320 1568 241
1321 748 951
1322 1802 40
1323 1381 767
1324 933 2250
1325 1329 1651
1326 1648 1603
1327 731 1926
1328 594 2301
1329 1985 1747
1330 498 1481
1331 1551 356
1332 345 1610
1333 1635 1679
1334 1698 2037
1335 1343 878
1336 723 164
1337 305 220
1338 161 1548
1339 1882 165
1340 508 1549
1341 1550 572
1342 613 1796
1343 1080 1959
1344 72 970
1345 457 1431
1346 448 1278
1347 872 187
1348 997 1250
1349 566 1216
1350 913 50
1351 1536 1903
1352 1987 502
1353 1073 106
1354 1370 73
1355 1941 542
1356 1648 1483
1357 345 1579
1358 1069 1529
1359 132 366
1360 187 403
1361 84 1258
1362 617 1278
1363 1312 2122
1364 1831 42
1365 1154 1551
1366 2170 1423
1367 1151 1533
1368 305 125
1369 1216 1810
1370 594 2065
1371 1157 1683
1372 1771 340
1373 1387 878
1374 946 991
1375 590 1931
1376 1587 915
1377 1570 105
1378 1030 2333
1379 1648 1640
1380 946 4
1381 621 1926
1382 1358 314
1383 1378 1273
1384 1050 1169
1385 613 1846
1386 593 1261
1387 67 942
1388 2266 981
1389 1433 1892
1390 723 187
1391 1381 642
1392 777 122
1393 1077 1652
1394 814 2213
1395 1710 1458
1396 2257 981
1397 517 1757
1398 1094 267
1399 753 853
1400 1469 716
1401 2037 2181
1402 758 939
1403 824 2250
1404 152 411
1405 215 341
1406 37 374
1407 145 1581
1408 385 1409
1409 1125 2248
1410 1683 1458
1411 2050 1139
1412 508 1553
1413 814 2079
1414 977 351
1415 926 991
1416 379 1727
1417 753 846
1418 18 1089
1419 1220 1066
1420 1368 711
1421 1906 1454
1422 1093 1583
1423 1365 1354
1424 738 946
1425 695 1889
1426 22 1258
1427 923 483
1428 1670 775
1429 783 791
1430 406 1594
1431 1457 1771
1432 1345 1892
1433 305 153
1434 1520 372
1435 164 706
1436 1803 364
1437 1536 1719
1438 528 1931
1439 1811 1458
1440 269 1187
1441 2054 981
1442 1916 1173
1443 928 1706
1444 1648 1518
1445 1520 397
1446 1948 1747
1447 132 329
1448 2061 782
1449 1561 172
1450 594 2141
1451 1469 727
1452 406 1597
1453 2170 1450
1454 1345 711
1455 1497 572
1456 222 323
1457 1217 397
1458 711 261
1459 1378 1317
1460 1381 567
1461 936 2255
1462 1761 2261
1463 393 1931
1464 1972 1747
1465 753 881
1466 498 1581
1467 758 951
1468 2078 782
1469 500 1666
1470 1979 1689
1471 594 1961
1472 1993 1715
1473 491 1931
1474 1771 447
1475 688 360
1476 1312 2060
1477 749 1350
1478 640 1926
1479 1378 1199
1480 1080 1887
1481 1459 1470
1482 457 1455
1483 1680 1922
1484 1585 913
1485 59 125
1486 1701 799
1487 1183 1095
1488 345 1778
1489 1985 1764
1490 581 1216
1491 67 976
1492 1097 114
1493 102 908
1494 814 2114
1495 2270 827
1496 2083 1969
1497 100 411
1498 946 999
1499 1332 221
1500 1068 106
1501 1378 1230
1502 850 481
1503 1612 1903
1504 1948 790
1505 145 1940
1506 764 923
1507 594 2113
1508 833 790
1509 1498 1402
1510 1151 1540
1511 1077 1595
1512 1057 106
1513 1097 147
1514 1648 1458
1515 269 1216
1516 305 271
1517 1560 127
1518 9 214
1519 749 1329
1520 1520 416
1521 110 405
1522 18 1001
1523 764 914
1524 485 554
1525 863 261
1526 740 1358
1527 345 1876
1528 1393 314
1529 681 1926
1530 1491 127
1531 1936 715
1532 634 903
1533 594 2208
1534 987 1104
1535 864 895
1536 1052 397
1537 740 1397
1538 1936 691
1539 563 1931
1540 824 2185
1541 982 1250
1542 145 1629
1543 1172 230
1544 1275 471
1545 546 1757
1546 2288 1471
1547 1580 775
1548 457 1507
1549 1856 1458
1550 18 1137
1551 1526 196
1552 1841 1208
1553 1057 275
1554 1077 267
1555 1116 397
1556 1978 1139
1557 164 651
1558 553 1216
1559 436 1431
1560 1570 211
1561 1550 447
1562 1680 2021
1563 2049 1988
1564 457 1552
1565 1727 2050
1566 495 1796
1567 102 976
1568 89 125
1569 940 1709
1570 1249 1066
1571 1382 1583
1572 1363 1771
1573 1460 855
1574 2206 1793
1575 1319 172
1576 145 1793
1577 738 481
1578 685 881
1579 1805 1361
1580 210 403
1581 305 218
1582 2170 782
1583 61 306
1584 1422 883
1585 269 1252
1586 1119 1870
1587 1050 1157
1588 2117 1399
1589 1329 682
1590 2103 981
1591 71 1258
1592 1052 410
1593 763 791
1594 1125 2084
1595 345 1951
1596 417 1594
1597 2003 600
1598 1091 114
1599 1151 1527
1600 1131 1551
1601 1321 1197
1602 740 1385
1603 1481 73
1604 1191 729
1605 795 895
1606 1375 1540
1607 1050 1175
1608 723 196
1609 1935 202
1610 1533 1771
1611 2106 1797
1612 1680 1970
1613 1936 775
1614 1345 1951
1615 486 1931
1616 553 520
1617 481 1796
1618 577 520
1619 1332 230
1620 1719 47
1621 614 2323
1622 749 1391
1623 1125 2035
1624 1093 54
1625 1481 172
1626 814 2173
1627 1385 1583
1628 888 966
1629 723 186
1630 999 1709
1631 1080 1776
1632 373 1832
1633 859 1009
1634 2270 901
1635 594 1995
1636 69 735
1637 164 549
1638 1681 2091
1639 385 1423
1640 9 157
1641 1481 196
1642 1976 1085
1643 1791 1458
1644 1708 1402
1645 1321 1143
1646 1469 715
1647 165 403
1648 2200 782
1649 1953 1747
1650 1477 1088
1651 859 1014
1652 1469 572
1653 1342 314
1654 1093 2026
1655 946 974
1656 2049 1842
1657 1365 1329
1658 936 2267
1659 901 1111
1660 1847 1208
1661 1648 1639
1662 624 1926
1663 1154 1638
1664 1520 400
1665 594 2265
1666 1963 542
1667 1288 2122
1668 265 125
1669 1079 106
1670 1803 374
1671 385 1384
1672 824 2113
1673 583 1757
1674 575 1757
1675 749 1370
1676 164 442
1677 830 2250
1678 593 1239
1679 872 112
1680 1313 267
1681 437 1594
1682 145 1863
1683 2170 1440
1684 1345 1915
1685 1591 855
1686 1611 1088
1687 1154 1667
1688 1319 127
1689 990 4
1690 498 1278
1691 999 277
1692 1262 127
1693 1598 1903
1694 1233 1066
1695 2143 1797
1696 1233 267
1697 1275 589
1698 581 1236
1699 230 280
1700 1390 878
1701 55 306
1702 406 1603
1703 1383 878
1704 206 906
1705 1541 172
1706 529 1278
1707 1586 775
1708 1803 279
1709 771 360
1710 1933 1127
1711 100 280
1712 1980 1689
1713 913 15
1714 1536 1679
1715 149 411
1716 742 481
1717 1183 1104
1718 1857 105
1719 1080 2026
1720 1483 196
1721 1050 410
1722 2181 364
1723 866 779
1724 546 1216
1725 962 1709
1726 1973 2181
1727 2036 1139
1728 1469 751
1729 1680 1932
1730 498 1578
1731 153 125
1732 1077 1583
1733 762 1908
1734 1208 156
1735 305 138
1736 1978 1085
1737 1378 1354
1738 1936 736
1739 1216 2044
1740 1342 620
1741 2089 1984
1742 993 419
1743 1589 1679
1744 1939 1127
1745 1332 127
1746 102 906
1747 485 429
1748 1027 277
1749 1214 127
1750 1329 666
1751 1400 1771
1752 1368 565
1753 379 1626
1754 1431 913
1755 1050 1143
1756 1128 267
1757 647 1926
1758 305 131
1759 982 1223
1760 517 609
1761 725 1908
1762 1119 1895
1763 1336 711
1764 1175 1143
1765 812 895
1766 2048 542
1767 2050 782
1768 86 1258
1769 516 1931
1770 1378 1191
1771 667 481
1772 1949 1127
1773 764 925
1774 762 1926
1775 345 1865
1776 396 1603
1777 548 1278
1778 896 481
1779 1208 170
1780 385 1357
1781 1332 267
1782 814 2267
1783 1135 267
1784 305 277
1785 1031 2333
1786 508 1604
1787 1003 4
1788 2050 1062
1789 1936 508
1790 798 895
1791 421 323
1792 2050 1022
1793 1783 2261
1794 594 1939
1795 102 411
1796 1648 1459
1797 993 438
1798 1422 1060
1799 1945 1127
1800 1469 642
1801 1413 314
1802 1647 1903
1803 164 646
1804 2168 1797
1805 2049 2162
1806 65 306
1807 457 1234
1808 1332 172
1809 1830 40
1810 345 1732
1811 2288 1668
1812 1431 642
1813 977 277
1814 872 50
1815 175 403
1816 72 976
1817 855 477
1818 1302 211
1819 1568 304
1820 1345 73
1821 1056 4
1822 2222 782
1823 2049 2123
1824 392 1178
1825 1980 1715
1826 2050 1008
1827 613 1926
1828 462 1702
1829 824 2169
1830 535 620
1831 613 520
1832 1080 1940
1833 1312 2080
1834 1503 211
1835 1057 274
1836 2012 782
1837 982 1163
1838 1250 878
1839 501 1659
1840 69 753
1841 2177 782
1842 510 1437
1843 1469 630
1844 1680 1909
1845 1455 711
1846 1614 855
1847 1389 1771
1848 1347 589
1849 1771 392
1850 1459 1402
1851 2116 239
1852 464 1666
1853 487 1796
1854 1520 470
1855 879 360
1856 37 384
1857 1378 1090
1858 1128 1104
1859 872 79
1860 1321 1186
1861 1536 1752
1862 1974 1747
1863 1993 1776
1864 507 1931
1865 932 991
1866 201 280
1867 1104 819
1868 1852 42
1869 1061 1740
1870 1057 230
1871 1093 90
1872 345 1608
1873 1481 184
1874 1269 1683
1875 164 480
1876 625 2323
1877 764 951
1878 2049 1956
1879 594 2015
1880 9 280
1881 1421 1088
1882 983 4
1883 724 939
1884 1648 1660
1885 1422 891
1886 654 481
1887 1673 799
1888 1069 1534
1889 269 1133
1890 814 2160
1891 164 495
1892 1821 1300
1893 240 125
1894 1566 855
1895 153 1511
1896 1460 806
1897 855 481
1898 1282 878
1899 1127 1902
1900 1582 806
1901 1080 1985
1902 462 1666
1903 749 1397
1904 379 1853
1905 1069 1527
1906 844 481
1907 1381 624
1908 1275 536
1909 1125 2092
1910 1902 1458
1911 462 1581
1912 345 1626
1913 1520 330
1914 859 1019
1915 2270 899
1916 1568 339
1917 848 360
1918 1536 1709
1919 814 2208
1920 2081 502
1921 2100 568
1922 1541 806
1923 836 360
1924 379 1842
1925 1235 1795
1926 393 1892
1927 688 303
1928 1481 280
1929 1154 1540
1930 2034 2181
1931 824 2245
1932 69 845
1933 913 34
1934 1344 1771
1935 901 763
1936 740 1304
1937 192 125
1938 2226 1450
1939 30 411
1940 2049 1848
1941 861 456
1942 1130 1584
1943 72 914
1944 1125 2043
1945 613 1853
1946 1183 267
1947 107 392
1948 1385 1559
1949 2097 981
1950 807 2323
1951 1493 127
1952 1080 1837
1953 485 609
1954 1815 408
1955 2232 981
1956 880 999
1957 498 1229
1958 1648 1545
1959 824 2235
1960 392 1195
1961 1560 1903
1962 715 951
1963 2181 239
1964 719 360
1965 1882 135
1966 9 133
1967 6 411
1968 814 2077
1969 1099 1104
1970 863 114
1971 1050 1249
1972 1434 1088
1973 729 122
1974 1627 1033
1975 385 1278
1976 1125 2333
1977 526 1757
1978 180 854
1979 1597 915
1980 1815 401
1981 946 966
1982 814 2229
1983 1216 2024
1984 1104 781
1985 1344 642
1986 1506 913
1987 1217 1795
1988 1332 99
1989 462 1694
1990 1179 1811
1991 936 2333
1992 2094 239
1993 1216 2058
1994 872 113
1995 1329 711
1996 1080 1851
1997 501 1666
1998 1354 1583
1999 1154 1664
2000 2103 782
2001 1104 885
2002 539 520
2003 1328 1683
2004 1077 1613
2005 1648 1543
