923
0 158 780
1 802 944
2 -35 732
3 -19 705
4 819 358
5 442 513
6 702 841
7 807 472
8 341 995
9 83 613
10 711 729
11 452 460
12 210 284
13 726 157
14 231 284
15 562 360
16 484 116
17 980 849
18 265 966
19 917 217
20 849 552
21 807 879
22 399 441
23 2 104
24 -50 409
25 203 482
26 151 727
27 502 494
28 40 104
29 264 541
30 589 914
31 697 820
32 879 263
33 278 747
34 399 302
35 330 995
36 879 602
37 730 370
38 554 776
39 119 112
40 522 721
41 203 329
42 476 124
43 399 351
44 6 597
45 350 747
46 531 825
47 524 766
48 287 505
49 935 849
50 722 776
51 802 933
52 585 442
53 81 104
54 399 408
55 702 157
56 480 460
57 495 747
58 653 914
59 255 505
60 240 505
61 137 839
62 774 68
63 917 47
64 265 955
65 980 812
66 639 776
67 356 721
68 137 809
69 187 742
70 774 -41
71 650 692
72 628 914
73 807 950
74 416 995
75 633 757
76 531 830
77 659 914
78 343 284
79 137 680
80 1 219
81 354 747
82 774 3
83 278 681
84 -50 449
85 83 601
86 217 673
87 203 309
88 127 116
89 536 716
90 25 104
91 561 366
92 879 303
93 811 358
94 879 218
95 862 358
96 45 705
97 734 757
98 168 844
99 20 693
100 462 871
101 17 513
102 376 771
103 521 766
104 1 137
105 278 735
106 -50 439
107 120 127
108 539 698
109 550 914
110 680 599
111 721 540
112 19 327
113 35 298
114 849 478
115 -36 502
116 185 263
117 -35 705
118 -23 766
119 802 844
120 83 643
121 118 104
122 35 304
123 336 18
124 313 284
125 562 394
126 319 284
127 -35 763
128 270 136
129 820 844
130 514 764
131 241 284
132 513 763
133 270 178
134 83 580
135 280 505
136 774 54
137 499 736
138 589 820
139 343 242
140 484 36
141 457 163
142 659 599
143 185 264
144 741 156
145 81 529
146 83 853
147 632 744
148 260 654
149 525 -5
150 45 700
151 655 157
152 318 191
153 719 358
154 513 764
155 802 898
156 324 995
157 461 116
158 376 736
159 690 757
160 448 946
161 774 67
162 264 648
163 475 517
164 729 157
165 287 477
166 774 -46
167 879 578
168 642 914
169 119 104
170 707 -53
171 498 36
172 40 766
173 333 284
174 744 157
175 533 817
176 -8 597
177 445 517
178 632 725
179 232 537
180 708 157
181 926 667
182 151 752
183 502 461
184 578 405
185 642 692
186 650 729
187 1 113
188 399 267
189 849 569
190 903 849
191 680 550
192 442 461
193 168 944
194 252 505
195 668 729
196 158 749
197 290 538
198 423 163
199 749 844
200 232 590
201 934 681
202 837 849
203 158 759
204 716 358
205 757 157
206 20 619
207 575 780
208 774 -17
209 232 634
210 334 517
211 787 400
212 248 123
213 423 237
214 235 284
215 83 603
216 399 362
217 454 117
218 399 253
219 347 447
220 513 736
221 702 911
222 702 820
223 604 -9
224 343 247
225 180 115
226 711 -53
227 484 63
228 423 182
229 878 849
230 19 329
231 593 9
232 727 540
233 805 108
234 399 341
235 807 903
236 282 681
237 448 971
238 45 679
239 849 502
240 561 387
241 311 538
242 855 108
243 -31 766
244 127 127
245 203 300
246 495 763
247 360 771
248 462 842
249 499 764
250 442 501
251 359 538
252 745 756
253 802 905
254 640 819
255 849 555
256 254 944
257 177 944
258 168 859
259 729 776
260 264 538
261 205 672
262 938 733
263 787 466
264 522 36
265 697 914
266 697 793
267 157 672
268 406 517
269 716 370
270 287 470
271 827 849
272 203 340
273 416 517
274 879 583
275 730 804
276 185 226
277 525 766
278 593 36
279 875 358
280 270 145
281 640 788
282 1 205
283 433 116
284 169 112
285 700 820
286 -8 685
287 706 621
288 264 284
289 386 517
290 550 698
291 186 742
292 911 47
293 254 955
294 399 268
295 389 517
296 217 708
297 356 712
298 399 419
299 674 776
300 14 283
301 917 169
302 879 614
303 354 771
304 666 785
305 137 705
306 980 757
307 628 820
308 727 520
309 287 485
310 83 622
311 343 259
312 807 915
313 913 667
314 45 810
315 151 754
316 879 667
317 495 759
318 879 217
319 459 517
320 232 545
321 980 834
322 1 283
323 641 698
324 373 995
325 642 599
326 614 820
327 358 995
328 137 843
329 612 780
330 702 906
331 19 374
332 216 493
333 934 687
334 45 853
335 642 625
336 310 995
337 734 844
338 264 622
339 180 118
340 774 -53
341 34 104
342 40 705
343 83 529
344 879 597
345 546 820
346 60 668
347 171 735
348 275 505
349 -8 632
350 72 104
351 934 667
352 706 581
353 448 893
354 661 729
355 248 125
356 362 721
357 -35 766
358 287 517
359 127 112
360 502 474
361 184 944
362 459 124
363 533 766
364 495 764
365 477 460
366 19 409
367 265 990
368 745 753
369 15 104
370 934 716
371 696 -53
372 318 18
373 17 517
374 151 735
375 475 507
376 180 216
377 382 995
378 629 -9
379 849 577
380 180 125
381 787 463
382 722 520
383 573 36
384 119 120
385 448 983
386 639 -53
387 287 491
388 185 267
389 917 143
390 561 385
391 569 698
392 203 439
393 270 140
394 469 517
395 573 -8
396 137 703
397 525 -1
398 -40 502
399 429 116
400 448 995
401 654 599
402 -50 502
403 -41 409
404 980 848
405 151 766
406 626 780
407 318 21
408 217 735
409 842 849
410 314 681
411 217 705
412 452 163
413 506 842
414 792 108
415 980 804
416 190 263
417 203 368
418 330 447
419 217 747
420 254 654
421 822 108
422 457 137
423 58 668
424 298 728
425 45 670
426 132 853
427 730 844
428 745 729
429 525 11
430 232 505
431 343 260
432 533 820
433 137 672
434 849 520
435 530 825
436 423 251
437 343 747
438 810 358
439 575 698
440 684 785
441 272 538
442 495 744
443 19 397
444 531 909
445 232 122
446 45 832
447 357 721
448 484 47
449 168 874
450 364 517
451 484 53
452 343 219
453 209 368
454 232 654
455 531 831
456 702 890
457 1 502
458 425 995
459 21 317
460 585 444
461 625 820
462 980 733
463 314 712
464 787 399
465 399 361
466 525 30
467 736 157
468 531 914
469 75 529
470 706 540
471 205 493
472 345 447
473 502 507
474 573 820
475 20 692
476 137 841
477 685 520
478 214 742
479 702 914
480 180 112
481 575 776
482 83 531
483 849 479
484 554 757
485 802 950
486 318 447
487 573 3
488 823 108
489 186 263
490 83 640
491 635 776
492 787 404
493 184 672
494 83 607
495 246 505
496 343 191
497 879 309
498 642 651
499 45 827
500 640 816
501 227 284
502 114 853
503 980 817
504 185 727
505 879 630
506 27 705
507 697 818
508 954 733
509 787 465
510 249 505
511 439 116
512 573 34
513 697 788
514 123 127
515 232 613
516 298 735
517 538 -8
518 207 727
519 980 739
520 639 -45
521 484 111
522 265 995
523 83 612
524 294 191
525 640 785
526 242 944
527 127 123
528 399 402
529 362 736
530 745 760
531 -35 751
532 702 729
533 461 117
534 -36 409
535 385 447
536 1 226
537 1 121
538 780 844
539 203 284
540 20 672
541 669 599
542 229 122
543 980 806
544 706 546
545 285 995
546 712 156
547 475 514
548 320 712
549 151 716
550 794 108
551 264 612
552 632 776
553 787 444
554 650 650
555 48 104
556 573 21
557 132 112
558 354 759
559 119 105
560 45 668
561 -50 469
562 758 -53
563 419 538
564 820 849
565 33 766
566 45 694
567 484 124
568 270 191
569 265 974
570 502 460
571 977 733
572 632 698
573 442 482
574 484 90
575 917 68
576 581 405
577 151 751
578 -8 663
579 582 780
580 442 460
581 264 654
582 706 573
583 151 709
584 614 914
585 696 520
586 20 661
587 322 21
588 68 529
589 61 853
590 232 595
591 943 733
592 209 374
593 632 757
594 183 216
595 448 989
596 650 671
597 703 648
598 448 890
599 137 687
600 138 112
601 248 122
602 720 156
603 270 134
604 814 844
605 217 672
606 -18 705
607 209 409
608 879 302
609 168 912
610 19 104
611 151 740
612 678 914
613 448 911
614 722 729
615 449 460
616 1 109
617 718 729
618 706 564
619 730 776
620 1 136
621 17 502
622 689 729
623 270 125
624 698 914
625 182 227
626 264 632
627 83 668
628 119 127
629 697 785
630 274 505
631 343 200
632 934 671
633 576 914
634 343 276
635 254 284
636 442 517
637 264 606
638 730 838
639 525 21
640 502 478
641 376 756
642 399 251
643 680 525
644 1 409
645 650 714
646 1 272
647 399 286
648 640 818
649 807 883
650 561 376
651 675 156
652 709 757
653 314 682
654 495 36
655 917 199
656 158 839
657 278 727
658 405 538
659 399 290
660 575 751
661 137 828
662 639 -9
663 730 807
664 575 757
665 185 227
666 71 104
667 630 820
668 232 525
669 917 117
670 569 914
671 419 535
672 397 517
673 35 286
674 201 727
675 655 156
676 433 117
677 658 157
678 399 412
679 927 667
680 203 312
681 342 747
682 533 785
683 306 747
684 561 369
685 642 698
686 484 93
687 399 269
688 934 733
689 730 794
690 660 757
691 431 116
692 165 844
693 699 914
694 143 672
695 19 366
696 787 472
697 190 267
698 690 157
699 855 47
700 196 735
701 330 284
702 561 420
703 772 -53
704 650 648
705 879 589
706 575 754
707 745 733
708 264 594
709 21 304
710 303 681
711 168 901
712 221 284
713 706 648
714 531 913
715 -50 487
716 1 260
717 863 849
718 883 47
719 277 191
720 531 887
721 215 742
722 641 -53
723 287 447
724 484 43
725 479 842
726 361 538
727 730 783
728 873 47
729 980 789
730 149 705
731 757 156
732 232 597
733 536 698
734 264 627
735 802 854
736 643 914
737 306 681
738 787 429
739 656 729
740 702 894
741 354 517
742 35 294
743 419 517
744 -8 605
745 855 86
746 562 398
747 20 705
748 296 681
749 387 447
750 632 707
751 680 520
752 593 -9
753 471 460
754 -50 494
755 859 578
756 -8 672
757 980 840
758 734 760
759 879 655
760 217 727
761 271 493
762 17 518
763 702 821
764 505 36
765 335 21
766 448 935
767 846 358
768 849 578
769 251 944
770 -50 442
771 579 444
772 83 535
773 730 816
774 679 157
775 595 820
776 379 995
777 185 125
778 798 844
779 180 227
780 185 216
781 343 278
782 12 409
783 701 757
784 457 124
785 716 729
786 60 853
787 -21 705
788 336 21
789 297 191
790 -8 705
791 525 19
792 711 157
793 429 117
794 35 283
795 714 776
796 484 74
797 640 820
798 879 660
799 585 405
800 495 736
801 399 447
802 299 538
803 -8 653
804 17 529
805 383 447
806 158 742
807 232 579
808 331 447
809 69 529
810 287 465
811 203 343
812 209 376
813 315 747
814 520 721
815 652 757
816 525 -8
817 398 517
818 414 995
819 332 538
820 561 413
821 265 969
822 372 736
823 575 699
824 340 284
825 585 414
826 879 292
827 203 409
828 711 776
829 867 849
830 158 844
831 375 517
832 215 747
833 483 842
834 83 549
835 137 766
836 58 529
837 632 780
838 45 766
839 774 -47
840 287 478
841 661 914
842 706 593
843 848 358
844 232 653
845 561 444
846 20 597
847 917 124
848 399 320
849 448 871
850 205 742
851 787 396
852 834 108
853 462 853
854 967 849
855 203 440
856 562 405
857 787 370
858 561 360
859 724 729
860 808 472
861 43 766
862 947 733
863 265 980
864 621 780
865 1 104
866 774 57
867 642 685
868 151 705
869 934 684
870 730 781
871 523 825
872 326 538
873 506 825
874 802 890
875 575 777
876 536 700
877 525 36
878 807 358
879 976 733
880 427 995
881 802 852
882 181 125
883 185 122
884 849 472
885 287 493
886 879 358
887 484 460
888 880 47
889 216 727
890 298 727
891 21 327
892 632 735
893 288 727
894 561 399
895 423 238
896 270 138
897 279 735
898 536 721
899 533 801
900 376 753
901 514 766
902 -1 502
903 484 77
904 917 73
905 317 747
906 399 285
907 873 849
908 241 505
909 181 742
910 266 125
911 448 899
912 203 493
913 934 679
914 467 124
915 807 844
916 137 853
917 179 944
918 520 736
919 656 776
920 774 108
921 774 -27
922 457 135
