917
0 308 474
1 339 28
2 431 855
3 443 84
4 346 33
5 674 405
6 103 589
7 407 278
8 399 380
9 268 389
10 66 726
11 283 549
12 686 131
13 250 560
14 488 15
15 243 21
16 770 81
17 348 434
18 779 81
19 16 453
20 541 8
21 689 62
22 601 761
23 608 237
24 239 394
25 181 222
26 602 415
27 703 141
28 810 297
29 196 775
30 51 585
31 -17 792
32 790 664
33 348 363
34 473 415
35 836 658
36 747 316
37 399 351
38 -22 850
39 885 515
40 167 915
41 346 40
42 455 453
43 172 811
44 283 229
45 460 477
46 78 183
47 48 658
48 489 697
49 673 308
50 895 298
51 596 462
52 151 915
53 585 603
54 39 736
55 145 777
56 387 278
57 673 407
58 477 477
59 -32 850
60 288 389
61 691 311
62 501 615
63 435 788
64 715 141
65 852 141
66 850 141
67 106 619
68 103 655
69 78 915
70 181 193
71 53 321
72 341 808
73 619 795
74 360 561
75 122 560
76 607 131
77 110 535
78 810 223
79 665 701
80 699 282
81 545 131
82 156 721
83 308 470
84 699 405
85 948 565
86 -14 792
87 -23 387
88 549 882
89 577 462
90 686 141
91 172 824
92 567 462
93 855 85
94 121 193
95 590 462
96 276 229
97 564 8
98 501 56
99 82 589
100 828 639
101 691 316
102 99 268
103 -32 847
104 512 84
105 534 59
106 823 657
107 15 387
108 431 798
109 613 237
110 737 292
111 718 141
112 181 202
113 435 771
114 78 245
115 373 550
116 915 298
117 521 56
118 100 811
119 716 141
120 26 736
121 215 139
122 808 405
123 269 389
124 510 477
125 662 462
126 855 116
127 887 515
128 358 280
129 435 854
130 262 56
131 363 280
132 790 639
133 357 802
134 215 223
135 357 780
136 211 174
137 480 613
138 399 434
139 743 81
140 488 16
141 450 647
142 711 79
143 26 705
144 403 80
145 488 54
146 325 775
147 765 405
148 78 230
149 348 366
150 434 732
151 82 658
152 301 233
153 380 678
154 855 132
155 782 668
156 810 235
157 103 591
158 357 811
159 892 298
160 639 270
161 4 850
162 564 884
163 551 882
164 417 261
165 575 603
166 646 407
167 147 726
168 243 23
169 526 541
170 691 405
171 472 84
172 270 223
173 803 141
174 338 806
175 347 681
176 353 779
177 444 422
178 51 587
179 766 141
180 915 286
181 662 472
182 660 131
183 489 661
184 -32 792
185 861 298
186 682 25
187 545 136
188 674 184
189 838 81
190 455 477
191 387 280
192 673 405
193 435 745
194 489 705
195 948 598
196 228 389
197 252 394
198 345 280
199 15 414
200 779 316
201 665 710
202 156 744
203 757 141
204 526 526
205 90 915
206 235 560
207 540 415
208 553 603
209 501 655
210 344 434
211 53 335
212 526 560
213 790 657
214 455 422
215 575 462
216 348 380
217 243 389
218 570 8
219 417 422
220 262 45
221 346 49
222 589 884
223 619 748
224 901 515
225 534 84
226 709 292
227 948 567
228 134 776
229 934 639
230 246 560
231 639 282
232 61 481
233 308 484
234 784 141
235 915 147
236 32 915
237 664 282
238 438 336
239 364 280
240 352 779
241 496 84
242 808 369
243 619 786
244 489 851
245 218 79
246 855 147
247 380 681
248 410 264
249 172 817
250 72 658
251 500 882
252 59 726
253 501 15
254 791 485
255 156 766
256 69 915
257 477 54
258 153 692
259 501 657
260 679 308
261 488 56
262 808 376
263 810 298
264 390 550
265 431 885
266 262 31
267 326 223
268 376 79
269 39 691
270 181 229
271 567 513
272 732 141
273 346 45
274 262 49
275 573 603
276 484 477
277 601 797
278 435 764
279 209 394
280 -23 405
281 560 8
282 666 485
283 388 278
284 51 566
285 422 653
286 437 422
287 215 204
288 430 361
289 805 316
290 85 589
291 526 477
292 488 25
293 293 324
294 -31 792
295 660 185
296 489 827
297 78 197
298 526 517
299 84 792
300 103 658
301 619 768
302 102 279
303 754 668
304 218 394
305 675 701
306 790 668
307 747 405
308 82 651
309 241 79
310 559 571
311 399 347
312 341 789
313 709 313
314 262 66
315 -23 414
316 598 733
317 601 732
318 99 248
319 61 486
320 674 144
321 417 374
322 307 28
323 156 746
324 240 599
325 102 308
326 559 157
327 692 316
328 521 882
329 484 415
330 155 193
331 39 673
332 153 722
333 417 80
334 106 658
335 347 721
336 915 227
337 545 135
338 489 882
339 485 29
340 262 69
341 646 270
342 283 448
343 53 315
344 855 81
345 792 316
346 559 188
347 168 915
348 145 792
349 338 764
350 243 13
351 211 173
352 39 713
353 112 811
354 103 640
355 61 435
356 678 316
357 456 54
358 723 81
359 10 915
360 346 28
361 492 882
362 478 415
363 426 84
364 790 640
365 433 361
366 489 84
367 417 407
368 136 193
369 406 278
370 410 278
371 836 81
372 619 832
373 499 15
374 673 316
375 467 54
376 45 915
377 1 414
378 338 759
379 112 560
380 240 581
381 121 191
382 299 223
383 145 811
384 263 775
385 131 789
386 48 726
387 833 485
388 389 79
389 678 311
390 181 223
391 67 486
392 387 550
393 102 312
394 121 161
395 78 192
396 122 612
397 810 163
398 240 561
399 61 422
400 501 697
401 122 590
402 814 657
403 110 549
404 824 657
405 0 792
406 836 657
407 428 422
408 82 654
409 444 84
410 262 55
411 755 141
412 10 887
413 39 651
414 567 472
415 308 462
416 435 766
417 855 103
418 208 229
419 293 389
420 585 596
421 823 298
422 431 732
423 204 594
424 -8 387
425 855 515
426 51 387
427 643 282
428 293 322
429 438 288
430 489 825
431 712 292
432 462 477
433 566 131
434 221 229
435 48 717
436 796 657
437 39 725
438 843 81
439 849 298
440 510 84
441 607 462
442 691 421
443 734 668
444 110 556
445 338 828
446 619 792
447 390 561
448 489 665
449 298 28
450 810 222
451 240 394
452 545 140
453 696 316
454 455 473
455 283 560
456 332 223
457 808 316
458 399 361
459 948 594
460 534 75
461 708 62
462 575 415
463 136 164
464 433 434
465 399 396
466 601 816
467 665 185
468 665 748
469 892 515
470 948 614
471 293 341
472 341 818
473 116 560
474 106 639
475 833 515
476 772 668
477 501 693
478 250 32
479 341 796
480 915 229
481 39 697
482 438 361
483 948 563
484 346 39
485 639 415
486 435 754
487 431 738
488 131 776
489 489 720
490 674 131
491 172 874
492 293 233
493 181 212
494 691 435
495 711 76
496 220 394
497 646 255
498 416 434
499 700 308
500 444 430
501 731 485
502 775 316
503 836 660
504 948 570
505 455 463
506 915 208
507 172 813
508 801 485
509 96 811
510 -23 400
511 16 454
512 915 156
513 770 316
514 322 223
515 799 485
516 229 775
517 181 221
518 639 250
519 29 651
520 378 681
521 728 141
522 697 62
523 82 652
524 256 79
525 798 405
526 855 130
527 683 701
528 338 561
529 923 515
530 567 571
531 709 316
532 262 79
533 585 602
534 915 191
535 145 776
536 86 505
537 243 29
538 601 735
539 96 792
540 136 191
541 156 751
542 567 494
543 488 29
544 566 8
545 627 131
546 422 667
547 60 454
548 655 282
549 703 316
550 693 308
551 293 229
552 389 80
553 106 653
554 722 292
555 243 79
556 601 832
557 153 717
558 619 794
559 217 79
560 389 278
561 598 884
562 35 387
563 782 485
564 422 678
565 103 600
566 698 316
567 576 237
568 695 308
569 634 415
570 399 363
571 296 233
572 61 482
573 92 915
574 -32 832
575 501 623
576 534 56
577 76 315
578 526 528
579 638 462
580 89 915
581 810 147
582 131 811
583 612 462
584 810 280
585 435 770
586 121 155
587 466 422
588 122 606
589 711 81
590 367 681
591 646 250
592 153 726
593 618 131
594 417 84
595 699 316
596 29 602
597 559 237
598 240 223
599 206 229
600 537 415
601 60 426
602 39 699
603 10 871
604 172 915
605 380 680
606 417 402
607 709 302
608 346 37
609 187 775
610 26 651
611 172 816
612 551 884
613 331 775
614 346 79
615 682 62
616 559 184
617 665 721
618 357 779
619 259 394
620 287 389
621 243 17
622 321 561
623 567 596
624 352 811
625 711 485
626 236 223
627 215 79
628 737 316
629 348 347
630 243 55
631 489 760
632 438 298
633 660 177
634 53 338
635 121 156
636 481 415
637 250 79
638 559 140
639 444 434
640 674 701
641 156 689
642 99 183
643 534 15
644 348 681
645 693 62
646 323 28
647 240 79
648 53 358
649 347 704
650 915 210
651 103 590
652 700 62
653 292 389
654 489 693
655 939 639
656 48 670
657 248 229
658 682 57
659 10 850
660 399 412
661 347 742
662 145 789
663 821 639
664 308 550
665 243 22
666 435 739
667 489 786
668 204 599
669 345 278
670 344 233
671 408 434
672 78 196
673 374 561
674 526 516
675 181 197
676 51 586
677 857 515
678 271 389
679 348 358
680 442 434
681 81 658
682 435 732
683 948 515
684 793 639
685 608 462
686 283 537
687 574 8
688 694 485
689 732 405
690 598 883
691 559 199
692 674 185
693 598 732
694 682 32
695 431 261
696 481 477
697 686 137
698 567 498
699 914 298
700 356 779
701 422 647
702 96 794
703 2 850
704 559 180
705 641 407
706 94 183
707 664 485
708 331 758
709 664 185
710 781 81
711 639 237
712 122 619
713 417 361
714 632 237
715 172 880
716 375 79
717 283 415
718 153 681
719 53 334
720 67 505
721 110 560
722 483 54
723 113 619
724 116 193
725 526 603
726 48 694
727 283 427
728 619 818
729 138 726
730 308 526
731 948 560
732 417 415
733 209 389
734 422 676
735 262 68
736 682 43
737 764 81
738 18 578
739 243 775
740 438 261
741 53 387
742 417 264
743 682 53
744 -24 850
745 215 90
746 795 316
747 480 609
748 947 639
749 79 792
750 283 404
751 153 690
752 99 279
753 660 180
754 222 599
755 78 248
756 526 568
757 829 639
758 504 15
759 215 174
760 283 394
761 153 724
762 449 647
763 308 434
764 336 561
765 682 8
766 10 869
767 283 535
768 499 415
769 308 472
770 16 414
771 347 717
772 598 750
773 601 462
774 667 485
775 293 278
776 244 229
777 431 750
778 122 915
779 283 508
780 338 758
781 205 599
782 312 434
783 438 310
784 651 8
785 422 651
786 16 451
787 633 415
788 204 560
789 102 315
790 480 606
791 136 155
792 466 415
793 399 421
794 215 167
795 563 415
796 238 389
797 526 549
798 341 758
799 262 28
800 341 801
801 78 229
802 156 681
803 34 651
804 102 285
805 438 356
806 53 356
807 526 591
808 489 657
809 18 575
810 571 8
811 682 29
812 695 141
813 915 212
814 344 223
815 -23 404
816 721 701
817 110 505
818 585 597
819 559 513
820 234 79
821 98 183
822 567 131
823 487 415
824 -7 387
825 598 842
826 567 493
827 731 701
828 10 900
829 123 155
830 106 621
831 131 801
832 662 485
833 660 160
834 31 792
835 915 291
836 795 485
837 39 683
838 82 648
839 346 53
840 18 566
841 741 485
842 480 647
843 908 147
844 501 606
845 262 67
846 869 147
847 682 46
848 96 806
849 639 407
850 827 81
851 257 775
852 612 415
853 487 29
854 731 668
855 16 440
856 608 131
857 435 885
858 691 415
859 399 397
860 915 169
861 197 229
862 156 747
863 211 167
864 948 639
865 99 193
866 489 744
867 605 832
868 83 792
869 236 229
870 711 62
871 826 147
872 341 760
873 51 597
874 678 435
875 790 660
876 526 497
877 810 190
878 540 882
879 619 798
880 53 374
881 497 477
882 56 454
883 390 555
884 122 573
885 678 405
886 103 638
887 619 820
888 700 282
889 250 13
890 855 141
891 341 434
892 347 758
893 639 412
894 16 447
895 93 915
896 476 29
897 837 141
898 544 882
899 18 602
900 601 826
901 240 591
902 832 639
903 526 532
904 156 775
905 26 729
906 297 775
907 559 131
908 51 602
909 341 828
910 26 707
911 456 29
912 534 8
913 744 81
914 207 229
915 60 422
916 37 387
