1198
0 799 124
1 855 958
2 472 584
3 867 185
4 946 612
5 518 547
6 21 1033
7 962 1110
8 826 958
9 383 813
10 430 1045
11 371 813
12 754 265
13 309 204
14 301 159
15 905 1016
16 440 1195
17 767 512
18 1031 329
19 1200 850
20 377 157
21 1029 520
22 296 696
23 107 1182
24 496 644
25 946 600
26 334 25
27 461 985
28 732 227
29 467 462
30 1248 967
31 713 319
32 925 1081
33 334 -12
34 568 874
35 1225 666
36 1197 886
37 496 171
38 1043 489
39 1061 235
40 78 1182
41 905 1077
42 748 512
43 543 869
44 135 513
45 1221 909
46 542 526
47 1015 151
48 450 96
49 1099 151
50 121 79
51 1169 909
52 588 183
53 -2 825
54 146 478
55 1055 608
56 962 1105
57 502 96
58 447 523
59 811 561
60 678 658
61 309 213
62 946 633
63 861 958
64 732 220
65 1058 705
66 440 1039
67 135 498
68 225 -52
69 82 733
70 816 512
71 317 1154
72 101 79
73 334 -43
74 496 564
75 472 641
76 978 360
77 1089 288
78 108 1033
79 452 171
80 255 235
81 336 523
82 334 10
83 714 446
84 973 1048
85 865 972
86 1029 465
87 773 684
88 332 1018
89 752 285
90 776 265
91 687 646
92 295 421
93 791 117
94 1190 909
95 1209 975
96 440 1089
97 1 1084
98 510 633
99 1200 909
100 937 1081
101 935 425
102 1173 975
103 270 159
104 461 919
105 533 96
106 111 376
107 714 491
108 92 874
109 1043 442
110 631 200
111 816 545
112 930 140
113 434 1001
114 1 1095
115 941 1001
116 656 658
117 1043 555
118 592 1004
119 1211 669
120 21 121
121 596 1004
122 804 265
123 377 145
124 406 101
125 379 813
126 390 483
127 1024 294
128 370 991
129 962 1211
130 1268 622
131 730 684
132 738 132
133 820 707
134 896 686
135 1061 231
136 627 869
137 422 547
138 422 500
139 447 500
140 935 444
141 1024 360
142 699 265
143 132 1182
144 498 171
145 737 504
146 1058 723
147 592 874
148 21 251
149 1071 291
150 660 1119
151 244 500
152 303 547
153 271 159
154 251 431
155 207 638
156 1031 1080
157 716 658
158 714 622
159 493 850
160 442 813
161 1031 360
162 813 309
163 298 547
164 1031 1097
165 751 684
166 1043 508
167 350 547
168 1038 612
169 143 1182
170 905 1064
171 1200 770
172 591 874
173 479 204
174 467 440
175 739 265
176 1078 360
177 334 32
178 1028 1048
179 627 874
180 1029 503
181 1065 231
182 415 991
183 1248 919
184 1200 792
185 1090 231
186 340 1018
187 1043 456
188 160 668
189 740 1097
190 1071 151
191 202 638
192 799 132
193 492 1229
194 905 1070
195 930 158
196 1248 909
197 472 624
198 430 1051
199 314 1160
200 924 559
201 154 421
202 820 265
203 946 636
204 818 265
205 135 574
206 500 869
207 280 448
208 1082 723
209 670 646
210 22 281
211 316 836
212 291 547
213 412 523
214 897 140
215 135 591
216 377 133
217 1200 803
218 424 523
219 740 1062
220 493 869
221 642 874
222 779 285
223 82 762
224 684 1119
225 1058 664
226 1225 664
227 301 500
228 679 265
229 763 285
230 197 638
231 282 213
232 166 1195
233 813 345
234 323 500
235 302 696
236 935 434
237 1003 989
238 620 869
239 542 534
240 1124 151
241 1003 1025
242 111 381
243 6 825
244 730 132
245 315 1160
246 724 623
247 287 213
248 267 -52
249 494 200
250 11 825
251 894 972
252 318 1036
253 433 96
254 292 1160
255 1031 1185
256 81 1182
257 946 593
258 461 976
259 897 722
260 104 1182
261 737 454
262 1031 1215
263 1076 723
264 469 171
265 108 976
266 788 132
267 1268 635
268 1068 360
269 915 1001
270 146 35
271 1268 664
272 791 561
273 942 376
274 1240 975
275 448 204
276 827 561
277 472 600
278 494 96
279 1248 933
280 510 639
281 241 666
282 383 547
283 790 512
284 334 93
285 976 972
286 1007 335
287 841 684
288 1043 444
289 713 372
290 430 1061
291 135 556
292 490 1229
293 251 434
294 82 773
295 816 547
296 358 448
297 166 1182
298 138 879
299 280 462
300 289 421
301 250 421
302 1211 909
303 440 1048
304 197 1236
305 430 1039
306 937 1106
307 297 421
308 714 477
309 589 735
310 905 1010
311 429 500
312 1171 608
313 280 500
314 671 646
315 1069 151
316 82 825
317 1193 975
318 717 622
319 21 97
320 279 235
321 1024 312
322 291 1236
323 1003 1219
324 797 512
325 1058 682
326 146 -25
327 1089 238
328 1010 636
329 1063 235
330 365 991
331 614 869
332 434 1024
333 140 591
334 430 1098
335 444 991
336 1200 746
337 135 527
338 905 1039
339 962 1064
340 472 581
341 434 1050
342 643 200
343 222 523
344 740 1100
345 282 235
346 784 117
347 946 617
348 111 361
349 334 78
350 630 1119
351 1031 1175
352 135 482
353 397 523
354 804 512
355 531 200
356 -18 854
357 1124 201
358 737 345
359 589 728
360 1141 608
361 510 564
362 589 1028
363 296 693
364 722 132
365 334 26
366 108 988
367 21 205
368 735 220
369 1138 896
370 272 235
371 1029 575
372 537 125
373 -16 874
374 461 941
375 1031 1121
376 447 1028
377 146 -8
378 696 646
379 1268 660
380 448 1229
381 1058 671
382 883 686
383 826 265
384 932 1106
385 1065 235
386 137 1182
387 571 1028
388 1175 975
389 1029 501
390 994 1219
391 596 1028
392 251 457
393 670 263
394 1138 1025
395 529 484
396 534 511
397 302 695
398 108 79
399 441 171
400 430 991
401 772 998
402 1248 911
403 433 1127
404 867 266
405 897 686
406 1045 291
407 358 468
408 673 230
409 212 230
410 782 117
411 434 1097
412 32 1033
413 531 183
414 368 430
415 997 636
416 962 1169
417 163 421
418 972 291
419 371 447
420 876 559
421 1089 291
422 537 171
423 813 300
424 795 117
425 82 760
426 901 140
427 733 1119
428 740 1009
429 1173 1022
430 713 426
431 861 972
432 867 220
433 905 1081
434 436 813
435 1043 467
436 724 643
437 1075 669
438 714 646
439 664 869
440 255 -52
441 618 1205
442 1031 1157
443 551 869
444 790 285
445 171 658
446 1138 1022
447 111 357
448 483 644
449 1093 151
450 577 735
451 26 79
452 758 707
453 150 638
454 459 204
455 334 100
456 154 477
457 146 398
458 1024 390
459 298 213
460 252 1236
461 770 227
462 64 874
463 317 1144
464 203 1236
465 951 972
466 1024 291
467 1089 235
468 334 151
469 861 965
470 277 -52
471 1173 723
472 472 564
473 140 482
474 135 643
475 724 684
476 935 512
477 537 113
478 1076 291
479 282 218
480 1243 664
481 1043 498
482 1013 636
483 737 400
484 133 874
485 472 602
486 467 430
487 358 991
488 82 668
489 912 1081
490 292 1195
491 146 74
492 633 874
493 747 561
494 466 204
495 108 954
496 434 997
497 1003 972
498 491 547
499 21 254
500 251 426
501 946 582
502 1031 1087
503 140 668
504 1107 1025
505 531 171
506 251 534
507 1051 151
508 270 209
509 1248 975
510 266 209
511 119 668
512 946 473
513 439 523
514 22 357
515 874 722
516 618 1144
517 1170 723
518 1 1033
519 219 421
520 789 1009
521 1003 973
522 1031 291
523 121 93
524 74 1182
525 714 561
526 21 150
527 974 473
528 373 836
529 714 539
530 444 813
531 713 325
532 447 515
533 280 235
534 135 573
535 140 566
536 845 684
537 978 342
538 971 158
539 313 836
540 493 846
541 140 667
542 1043 538
543 579 874
544 1126 669
545 766 265
546 531 176
547 994 490
548 70 1182
549 672 646
550 -2 874
551 21 203
552 1153 669
553 669 869
554 797 561
555 1127 608
556 71 79
557 897 972
558 140 494
559 679 268
560 334 36
561 588 1229
562 221 638
563 377 204
564 737 388
565 430 1019
566 166 1204
567 722 117
568 737 512
569 972 1219
570 763 512
571 1031 1166
572 146 86
573 292 1191
574 493 813
575 897 684
576 222 501
577 816 553
578 241 637
579 1084 151
580 334 121
581 390 447
582 472 666
583 1247 975
584 971 151
585 140 658
586 782 684
587 897 582
588 277 421
589 692 265
590 318 1043
591 472 640
592 440 1140
593 493 865
594 464 171
595 385 547
596 251 500
597 289 213
598 334 -2
599 494 1028
600 568 880
601 358 447
602 935 473
603 475 813
604 954 490
605 294 666
606 431 204
607 935 430
608 318 1018
609 180 -52
610 1031 303
611 135 533
612 111 377
613 1000 972
614 1143 886
615 551 728
616 883 709
617 1093 723
618 494 204
619 146 381
620 740 1114
621 1153 723
622 661 869
623 474 1028
624 47 1033
625 434 1000
626 280 459
627 1 1088
628 226 421
629 377 168
630 128 668
631 656 657
632 501 462
633 21 122
634 1029 517
635 447 882
636 377 146
637 371 836
638 82 753
639 809 285
640 744 220
641 539 200
642 867 199
643 935 470
644 758 117
645 312 159
646 241 563
647 474 564
648 135 667
649 135 530
650 1188 909
651 449 882
652 492 644
653 566 200
654 1080 151
655 434 1055
656 706 265
657 1031 1178
658 618 1229
659 533 183
660 308 159
661 816 220
662 377 813
663 135 1182
664 377 155
665 292 1177
666 673 232
667 108 971
668 943 1001
669 935 497
670 531 173
671 82 1033
672 461 991
673 1 1182
674 59 1033
675 289 1236
676 1 1045
677 1200 811
678 108 993
679 935 463
680 566 183
681 669 874
682 1124 187
683 824 559
684 547 735
685 472 547
686 467 441
687 439 547
688 1079 335
689 444 430
690 135 656
691 962 1199
692 542 516
693 21 170
694 535 728
695 280 426
696 377 201
697 461 906
698 470 547
699 56 1182
700 646 263
701 1070 723
702 1031 1048
703 296 213
704 417 836
705 714 537
706 1140 1022
707 146 93
708 302 666
709 484 204
710 340 999
711 143 658
712 935 400
713 1081 608
714 334 116
715 483 666
716 490 96
717 567 728
718 510 568
719 101 668
720 140 661
721 518 1028
722 1196 975
723 789 958
724 440 1033
725 656 874
726 714 426
727 1025 151
728 512 462
729 1024 307
730 560 200
731 397 836
732 830 265
733 813 303
734 1043 514
735 846 270
736 317 1122
737 687 658
738 1065 664
739 990 473
740 772 958
741 876 579
742 108 1014
743 434 1079
744 792 958
745 883 690
746 317 1116
747 925 1106
748 22 340
749 1024 335
750 569 735
751 1173 987
752 1107 669
753 383 836
754 243 209
755 905 1076
756 772 964
757 1168 1022
758 596 1024
759 1075 664
760 1031 1147
761 111 370
762 334 85
763 108 938
764 116 879
765 417 861
766 1092 1025
767 724 622
768 867 270
769 -18 861
770 322 836
771 1043 575
772 656 646
773 937 1088
774 100 874
775 1003 1008
776 296 823
777 318 1039
778 978 335
779 430 1031
780 387 523
781 82 730
782 838 227
783 946 592
784 241 597
785 721 707
786 146 403
787 673 263
788 309 -52
789 668 268
790 721 622
791 1043 523
792 108 884
793 1173 1018
794 708 646
795 430 101
796 866 722
797 1124 169
798 381 447
799 724 673
800 140 633
801 1268 608
802 396 836
803 348 500
804 1200 789
805 166 1197
806 135 668
807 1034 291
808 867 140
809 146 79
810 633 869
811 679 646
812 440 1073
813 36 357
814 905 1001
815 440 1210
816 1017 1048
817 779 512
818 108 959
819 867 146
820 280 461
821 643 230
822 1116 608
823 626 1119
824 752 345
825 430 1038
826 312 204
827 844 265
828 425 882
829 198 -52
830 296 836
831 585 1229
832 867 227
833 146 -52
834 108 974
835 1043 528
836 82 751
837 -18 825
838 334 18
839 897 718
840 1 1179
841 568 889
842 514 1229
843 1078 231
844 524 542
845 251 523
846 434 1065
847 790 220
848 335 430
849 1021 335
850 269 426
851 280 447
852 1202 608
853 283 666
854 395 836
855 322 159
856 924 541
857 461 911
858 643 201
859 461 882
860 935 447
861 411 836
862 1003 1006
863 1024 361
864 1031 316
865 280 545
866 942 334
867 146 491
868 795 285
869 -18 849
870 461 963
871 496 547
872 1031 333
873 935 376
874 1 1137
875 440 1028
876 354 823
877 1189 975
878 455 171
879 129 381
880 1031 1219
881 846 220
882 146 441
883 876 582
884 713 285
885 537 96
886 1157 886
887 417 864
888 789 999
889 21 146
890 618 1187
891 434 1044
892 651 263
893 112 874
894 43 1182
895 66 1033
896 472 625
897 510 596
898 280 475
899 43 1033
900 146 91
901 440 1061
902 1116 151
903 529 511
904 104 1033
905 431 171
906 856 707
907 568 920
908 1029 442
909 334 122
910 1031 1072
911 887 559
912 713 339
913 943 1008
914 251 547
915 369 836
916 816 524
917 440 1172
918 1215 669
919 1080 669
920 252 209
921 943 1081
922 788 117
923 1128 608
924 136 874
925 390 500
926 241 547
927 430 96
928 614 1229
929 146 -14
930 473 564
931 1225 909
932 545 728
933 240 523
934 1 1080
935 169 1236
936 510 629
937 140 602
938 135 536
939 942 344
940 461 923
941 713 407
942 1200 886
943 358 500
944 1213 909
945 1245 664
946 296 668
947 380 813
948 371 823
949 740 1119
950 277 235
951 44 1033
952 1138 886
953 135 495
954 82 728
955 1173 746
956 705 646
957 1144 886
958 400 813
959 794 117
960 581 171
961 753 285
962 1124 177
963 452 430
964 294 213
965 1 1073
966 417 882
967 867 168
968 440 1229
969 312 823
970 924 512
971 542 542
972 1031 299
973 293 668
974 799 117
975 513 96
976 1248 924
977 1142 1022
978 -18 874
979 461 887
980 52 825
981 241 618
982 830 227
983 354 500
984 212 235
985 85 1182
986 937 1105
987 643 263
988 472 651
989 212 209
990 1002 360
991 273 668
992 1187 746
993 1024 1048
994 21 195
995 734 220
996 154 491
997 1038 608
998 309 421
999 241 567
1000 979 151
1001 381 836
1002 216 235
1003 716 707
1004 241 658
1005 905 1038
1006 535 735
1007 992 335
1008 888 722
1009 827 559
1010 357 204
1011 724 638
1012 883 718
1013 662 869
1014 529 482
1015 935 441
1016 280 547
1017 946 614
1018 962 1219
1019 714 507
1020 1031 318
1021 537 149
1022 926 1106
1023 859 227
1024 524 547
1025 22 254
1026 761 265
1027 592 998
1028 968 1048
1029 643 268
1030 1031 335
1031 377 159
1032 1035 636
1033 440 1167
1034 946 602
1035 698 265
1036 334 -52
1037 661 230
1038 510 644
1039 985 291
1040 309 430
1041 327 500
1042 1029 490
1043 817 220
1044 1089 151
1045 618 1159
1046 332 -52
1047 966 490
1048 338 836
1049 962 1056
1050 867 188
1051 799 707
1052 447 510
1053 111 369
1054 892 722
1055 772 999
1056 980 151
1057 495 1229
1058 1031 1167
1059 317 1043
1060 867 269
1061 222 500
1062 942 313
1063 937 1091
1064 241 638
1065 388 430
1066 1080 291
1067 989 972
1068 542 511
1069 312 547
1070 935 490
1071 531 182
1072 942 291
1073 927 582
1074 568 998
1075 377 101
1076 962 1160
1077 986 291
1078 1268 639
1079 740 1010
1080 166 1236
1081 1225 669
1082 1084 335
1083 1200 608
1084 140 638
1085 405 523
1086 618 1143
1087 334 46
1088 280 523
1089 138 381
1090 568 972
1091 373 813
1092 135 636
1093 992 636
1094 537 111
1095 561 200
1096 317 1074
1097 1075 668
1098 541 200
1099 354 991
1100 109 79
1101 908 1081
1102 311 823
1103 338 1018
1104 434 1127
1105 247 1236
1106 302 673
1107 1092 151
1108 331 823
1109 816 559
1110 431 178
1111 1031 1186
1112 1179 608
1113 -18 843
1114 1000 1219
1115 618 1221
1116 816 517
1117 1124 198
1118 844 270
1119 1107 723
1120 568 903
1121 476 171
1122 188 668
1123 385 430
1124 1084 360
1125 767 1009
1126 275 421
1127 440 1155
1128 154 452
1129 994 473
1130 146 425
1131 434 991
1132 962 1048
1133 1087 291
1134 763 707
1135 214 638
1136 1138 909
1137 21 79
1138 135 629
1139 688 265
1140 1029 486
1141 1031 390
1142 772 975
1143 969 291
1144 135 664
1145 472 603
1146 22 325
1147 1007 636
1148 37 79
1149 713 414
1150 461 914
1151 588 171
1152 298 500
1153 740 117
1154 472 813
1155 315 1154
1156 292 1236
1157 440 1077
1158 140 546
1159 1124 231
1160 877 972
1161 881 582
1162 1031 442
1163 138 874
1164 1098 231
1165 27 79
1166 340 991
1167 521 200
1168 93 874
1169 399 991
1170 942 301
1171 82 794
1172 334 108
1173 589 732
1174 813 285
1175 647 874
1176 434 1106
1177 551 200
1178 618 1119
1179 1038 636
1180 108 879
1181 334 159
1182 337 523
1183 430 1127
1184 811 265
1185 618 1145
1186 313 204
1187 424 500
1188 686 646
1189 1200 768
1190 866 707
1191 489 644
1192 21 171
1193 127 1182
1194 529 462
1195 551 183
1196 954 473
1197 461 907
