3091
0 1706 968
1 2806 1622
2 208 3716
3 4049 601
4 5847 1754
5 5039 1476
6 -105 1126
7 1157 1943
8 1871 3117
9 749 2050
10 562 2370
11 3961 1682
12 2689 2733
13 2282 2829
14 5030 118
15 4865 2173
16 3419 5344
17 2328 94
18 2490 3732
19 3898 250
20 4534 3088
21 1283 1483
22 3658 4091
23 4944 5305
24 1109 1201
25 514 317
26 360 5845
27 1590 805
28 3674 4578
29 3512 2862
30 2060 3537
31 4244 1485
32 5143 772
33 431 3638
34 4269 -8
35 522 3248
36 -105 1174
37 261 3793
38 106 4748
39 445 1901
40 1668 757
41 4038 2864
42 720 268
43 4944 5296
44 3299 5100
45 360 5709
46 1066 1904
47 295 2898
48 4951 3299
49 3684 4151
50 4459 1761
51 1334 5031
52 6000 2458
53 4816 4251
54 1752 1378
55 1477 1494
56 741 251
57 4505 3425
58 5484 4348
59 562 2420
60 4049 740
61 4720 4433
62 5212 772
63 1180 3524
64 3419 5185
65 1463 5290
66 106 4913
67 5277 3733
68 4737 4392
69 2861 1053
70 5212 955
71 2590 3134
72 3921 -6
73 1642 1494
74 3870 5069
75 2650 3163
76 3136 730
77 2423 2987
78 309 3816
79 4559 3882
80 3130 424
81 914 4816
82 342 2898
83 162 2390
84 844 3459
85 1021 4816
86 1345 244
87 140 3576
88 4623 4884
89 1959 187
90 1250 244
91 3837 2658
92 5229 1004
93 218 1781
94 3499 5515
95 4637 4286
96 2999 2475
97 1089 4816
98 1121 2736
99 2298 1955
100 1319 1671
101 2926 3321
102 2347 5245
103 3906 1313
104 2153 4189
105 2353 5112
106 3869 2719
107 3997 1442
108 4313 2337
109 4652 5751
110 3898 262
111 4909 2965
112 1346 5178
113 392 3811
114 4720 4336
115 2786 211
116 2453 187
117 -51 3716
118 4559 3701
119 4505 2872
120 1669 5069
121 1871 3073
122 4368 1313
123 3221 201
124 1741 476
125 804 1943
126 3470 4661
127 3684 4479
128 1011 244
129 4865 2572
130 1471 5331
131 2296 3354
132 4179 1499
133 2926 3381
134 2160 211
135 4137 1528
136 2347 5234
137 1988 3073
138 1423 5178
139 563 2410
140 2430 1042
141 502 1901
142 5069 3641
143 230 316
144 3072 5491
145 2806 1422
146 1413 244
147 4459 1748
148 4734 880
149 1014 3459
150 1651 1352
151 1809 5126
152 3825 3049
153 2778 3198
154 3290 2186
155 5275 4997
156 5210 2285
157 2424 1728
158 1193 5062
159 4780 4284
160 3837 2490
161 4750 1303
162 360 5658
163 754 5037
164 5847 1823
165 595 3248
166 874 4845
167 4944 5276
168 3372 2628
169 1247 1943
170 4266 1313
171 2160 345
172 1809 3386
173 4529 2864
174 1671 733
175 5111 1656
176 4943 2776
177 -51 4024
178 4615 392
179 1132 3363
180 3072 2459
181 5229 983
182 4436 1528
183 889 1299
184 3631 2197
185 4720 4801
186 6009 2458
187 1029 244
188 5039 1768
189 1296 4911
190 2073 2389
191 5069 118
192 2909 646
193 3512 2718
194 4972 3214
195 6000 1919
196 4880 3620
197 3290 2487
198 5661 4211
199 5210 2070
200 -70 3427
201 971 3459
202 5176 2202
203 3158 5491
204 2442 2587
205 5847 1658
206 4492 3581
207 3684 4372
208 5855 1185
209 4340 725
210 2134 3537
211 874 4940
212 758 1358
213 4288 4011
214 42 1781
215 2806 1237
216 5039 1777
217 1478 636
218 1283 1195
219 3118 2496
220 1471 482
221 1913 3073
222 1686 30
223 4253 1330
224 1180 3390
225 1749 187
226 5024 3641
227 5277 4233
228 1463 5276
229 2400 4466
230 1121 3249
231 2468 2864
232 4865 2034
233 4340 732
234 760 5037
235 4603 3589
236 5563 4421
237 4062 -8
238 4637 4251
239 -145 2907
240 1668 710
241 4340 579
242 1014 3766
243 4975 4286
244 3561 2888
245 1296 4893
246 1987 894
247 2436 2829
248 3747 2303
249 1871 3197
250 2464 3625
251 1005 244
252 2389 4615
253 3072 2370
254 3684 4747
255 6031 2284
256 4944 5579
257 3898 404
258 -145 2617
259 5021 118
260 2058 187
261 4074 5562
262 5042 4286
263 5561 4714
264 2389 4500
265 3419 5409
266 1786 187
267 2283 4977
268 1109 1622
269 1590 730
270 1183 1647
271 856 175
272 2833 3583
273 1735 3568
274 5512 4348
275 2022 187
276 2735 211
277 2400 4642
278 2747 3171
279 2105 94
280 2153 3937
281 5039 1849
282 3290 2432
283 1288 4883
284 4340 691
285 4674 825
286 3104 424
287 2296 3541
288 3419 5257
289 3597 2197
290 5277 4251
291 3837 2577
292 984 2728
293 774 4838
294 2102 187
295 196 485
296 5795 983
297 1441 3568
298 942 4775
299 3290 2409
300 4288 4016
301 2443 1208
302 1308 4775
303 514 324
304 318 3576
305 3072 2070
306 131 345
307 1987 876
308 5210 2171
309 3445 4661
310 2443 1602
311 1331 1658
312 2818 3198
313 563 2744
314 263 4101
315 5012 4348
316 2097 2233
317 360 5617
318 3812 2303
319 2000 3864
320 2926 3464
321 4169 1433
322 2909 539
323 3701 2799
324 2164 1049
325 2148 3571
326 2283 4830
327 3290 2618
328 1580 5178
329 3986 1528
330 2057 85
331 1709 5126
332 2347 5172
333 448 2922
334 563 2646
335 4452 1528
336 3070 5491
337 4285 5562
338 -145 2934
339 2443 1201
340 4646 1257
341 2347 5118
342 2023 3864
343 1836 5073
344 548 2294
345 1400 4865
346 3334 730
347 3825 2532
348 4972 2965
349 4459 1703
350 5277 4348
351 112 945
352 -113 2617
353 4865 2064
354 4534 2864
355 3701 2792
356 261 3827
357 3825 2421
358 4413 2327
359 2057 94
360 4058 740
361 2256 3125
362 2340 5112
363 2044 187
364 1590 1121
365 4592 3416
366 5847 1412
367 2029 3073
368 3701 2862
369 353 3811
370 4603 3617
371 4944 5342
372 3814 3146
373 286 4040
374 2246 94
375 562 2759
376 4972 3153
377 4052 550
378 5318 983
379 106 4672
380 4734 825
381 3499 5266
382 3888 5069
383 4888 4310
384 5172 4251
385 4891 4348
386 -51 4278
387 3248 201
388 431 3613
389 4225 550
390 1741 413
391 5164 4348
392 1669 5160
393 3818 3042
394 2057 71
395 3299 4706
396 4464 735
397 1331 1501
398 774 4811
399 4876 4251
400 2650 3197
401 3825 2303
402 853 4638
403 1639 3731
404 5262 2458
405 3837 2402
406 1380 4865
407 4851 2923
408 4049 622
409 5111 1317
410 419 3811
411 4634 4884
412 2085 3537
413 2447 2595
414 2759 1805
415 3512 2842
416 2160 353
417 1671 549
418 999 4816
419 1471 633
420 2350 852
421 4673 3243
422 2116 2429
423 3317 271
424 1590 4087
425 2164 1142
426 1193 5781
427 1470 244
428 2424 1680
429 4559 4000
430 131 407
431 1706 974
432 3824 2964
433 3430 1238
434 4792 2923
435 1342 633
436 5855 1023
437 3299 5112
438 1282 3568
439 4559 4150
440 4008 1528
441 1560 636
442 1668 680
443 169 2390
444 -105 1128
445 3312 730
446 1288 4775
447 5277 3864
448 196 853
449 2116 2978
450 5085 3641
451 2298 2151
452 428 5859
453 2296 3134
454 1296 4998
455 5156 3641
456 3299 5491
457 1088 3903
458 1345 636
459 2157 4840
460 5744 4211
461 3900 236
462 1121 2731
463 562 2657
464 2012 3864
465 5039 1592
466 4559 3811
467 2073 2264
468 4505 3160
469 2869 424
470 1671 849
471 3684 4098
472 3118 2626
473 4734 850
474 2088 5168
475 690 1943
476 4662 5751
477 712 1943
478 563 2717
479 2283 4642
480 4750 845
481 5604 2458
482 -145 3334
483 1807 1352
484 5353 1919
485 3737 2888
486 2063 5168
487 3959 -8
488 5225 5191
489 -63 1781
490 3421 830
491 5026 4286
492 4972 3110
493 2362 1192
494 1372 4815
495 5315 4348
496 4734 1104
497 1977 1378
498 5359 4997
499 1532 3731
500 1014 3838
501 77 2390
502 1087 1195
503 3869 2666
504 4058 3019
505 3900 -6
506 1625 1027
507 5355 4211
508 1871 3290
509 261 4101
510 5575 2458
511 5312 2458
512 3825 2909
513 4944 5751
514 2533 211
515 3791 1313
516 445 1900
517 4940 772
518 4953 3299
519 1927 1352
520 2441 1100
521 3870 4954
522 2022 4189
523 2670 3198
524 4603 3545
525 2020 401
526 5039 1727
527 6031 2236
528 2105 5146
529 674 5859
530 1217 1926
531 5243 1833
532 5088 4310
533 1625 1028
534 2926 3513
535 5365 983
536 2909 586
537 1590 4051
538 4789 2761
539 2275 211
540 5089 4348
541 -51 4083
542 5700 1919
543 5115 4310
544 2430 966
545 3703 740
546 821 2744
547 4459 1439
548 4505 2949
549 309 3831
550 4669 3243
551 3072 3583
552 4880 3641
553 2508 2595
554 4074 5279
555 2761 1805
556 1590 820
557 3073 3344
558 5043 2202
559 1174 1647
560 4186 1442
561 1193 5623
562 4084 550
563 2833 3223
564 2347 4632
565 490 317
566 374 2922
567 1463 5331
568 4641 3253
569 1741 591
570 4720 4829
571 4737 4433
572 1337 633
573 4997 2034
574 1119 2718
575 342 2922
576 230 314
577 2047 4189
578 2105 5156
579 4944 5609
580 795 175
581 1945 187
582 -105 1664
583 4253 1325
584 2169 2978
585 2424 1611
586 3499 5490
587 3705 2601
588 4244 1499
589 1709 5024
590 -145 2700
591 5230 4348
592 2347 4625
593 5367 1919
594 45 3576
595 781 5859
596 4294 2337
597 1193 5859
598 3499 5180
599 4716 825
600 3465 2070
601 756 244
602 3705 2714
603 3703 1313
604 1679 3731
605 3072 2109
606 3380 2481
607 4505 3133
608 1552 1195
609 3837 2321
610 4721 1257
611 3674 4180
612 1014 3802
613 1679 3584
614 2296 3321
615 2053 974
616 512 2922
617 1590 774
618 4368 1305
619 3588 2303
620 2833 3312
621 263 4040
622 106 4907
623 360 5175
624 5459 2458
625 5042 4251
626 774 4864
627 1283 1438
628 2029 3121
629 5212 1108
630 5773 4115
631 958 1299
632 4505 3221
633 472 3189
634 3248 2718
635 3835 2610
636 3837 2303
637 1669 5037
638 2298 2085
639 2445 3783
640 4122 740
641 2806 1414
642 -105 1516
643 4492 3773
644 5771 4495
645 3564 4621
646 3073 3451
647 2148 3537
648 2495 1100
649 3299 4690
650 2105 5056
651 4913 2776
652 3422 869
653 1558 636
654 506 1901
655 1334 5143
656 3585 1238
657 4615 24
658 3269 4690
659 3192 730
660 1671 787
661 4459 1844
662 4459 1403
663 4750 1109
664 3421 730
665 1535 1195
666 134 3716
667 1178 244
668 3380 2358
669 261 3733
670 887 4666
671 1752 3436
672 5778 1919
673 2148 3746
674 2277 3125
675 4288 3901
676 2356 2829
677 -16 2507
678 2801 211
679 3684 4580
680 2389 4466
681 5615 2458
682 3684 4171
683 3835 2752
684 797 1299
685 4865 2202
686 5515 1919
687 5656 2458
688 2492 2595
689 3684 4749
690 5538 983
691 4459 1722
692 3539 4621
693 1834 4087
694 3674 4621
695 2909 527
696 3639 4621
697 4587 4176
698 2296 3528
699 3041 1782
700 4459 1611
701 910 4816
702 1590 922
703 4865 2468
704 2298 2313
705 5847 1507
706 3073 3302
707 2283 4987
708 2218 1979
709 553 2322
710 3869 2864
711 1283 1615
712 5847 1829
713 3419 5464
714 6031 2430
715 1307 633
716 1389 5178
717 4304 4098
718 855 3459
719 2600 3134
720 1066 1691
721 563 2294
722 3494 2070
723 3468 5515
724 4253 1433
725 2160 335
726 1718 5020
727 4789 2918
728 4574 4294
729 2480 139
730 2926 3583
731 251 3259
732 3732 4098
733 1244 1943
734 5212 1014
735 1669 5171
736 1253 633
737 1193 5597
738 546 1795
739 954 4775
740 3002 1805
741 514 475
742 563 2635
743 2202 2233
744 758 1369
745 4810 772
746 3900 170
747 2117 3864
748 2318 2829
749 4231 740
750 1304 633
751 2342 2829
752 4572 825
753 3499 5439
754 4505 3416
755 4115 1499
756 1288 4884
757 4750 1352
758 2220 1955
759 3705 2775
760 4359 2327
761 4918 5751
762 2650 3169
763 2689 2988
764 522 3184
765 3415 2070
766 1937 4189
767 420 3259
768 895 2744
769 2347 5112
770 4292 2337
771 3064 3583
772 3419 5462
773 106 4703
774 4505 2941
775 1706 688
776 4534 2959
777 2282 2860
778 5212 853
779 1463 5237
780 2479 211
781 1224 1926
782 887 4638
783 5210 2458
784 472 3248
785 3791 480
786 2298 2338
787 3076 3245
788 2920 5491
789 4880 2965
790 3299 5136
791 3937 1442
792 2689 3171
793 3684 4207
794 3837 2197
795 4890 4348
796 2337 211
797 2375 3557
798 2595 2662
799 1118 1694
800 4067 550
801 -105 1286
802 4058 3053
803 20 945
804 2147 187
805 6031 2298
806 3539 4649
807 782 3248
808 641 1943
809 5752 4421
810 -105 1399
811 5198 5261
812 2353 5247
813 4058 2972
814 2689 3006
815 3701 2861
816 1109 1632
817 1966 4985
818 3212 4665
819 3990 3059
820 1726 363
821 4292 2327
822 -105 1109
823 4625 3641
824 3986 1682
825 -51 3827
826 4498 1291
827 2614 5303
828 3073 3385
829 929 4816
830 3839 1413
831 327 3576
832 3674 4543
833 4865 2152
834 3707 740
835 4883 3299
836 3494 2189
837 -105 1729
838 2428 2459
839 4973 2761
840 2283 4815
841 1127 1943
842 2717 5491
843 2347 5157
844 4603 3641
845 3415 2109
846 6031 1919
847 3380 2497
848 1471 337
849 3684 4721
850 1287 633
851 558 481
852 5493 1919
853 1706 855
854 1668 674
855 261 4034
856 4058 2892
857 5225 5261
858 -51 4270
859 1319 1926
860 2831 3198
861 2116 2673
862 4789 2883
863 4880 3456
864 1625 974
865 1296 4992
866 -43 945
867 -145 3246
868 4968 4251
869 4880 2923
870 4847 4310
871 3172 5491
872 110 3716
873 160 945
874 2806 1629
875 3658 4087
876 5659 1919
877 3839 1365
878 2443 1386
879 82 2390
880 2442 2558
881 1826 5020
882 4452 1637
883 6031 2208
884 106 5043
885 2618 5417
886 446 3248
887 3076 3171
888 3789 2888
889 1741 840
890 157 3576
891 4996 1397
892 3073 3339
893 3072 2365
894 1532 3597
895 903 2050
896 2139 4189
897 2364 3557
898 5350 4211
899 1991 4189
900 4581 4294
901 2298 2263
902 4427 735
903 1938 3768
904 2116 2405
905 2389 4552
906 4413 2337
907 2808 3171
908 4780 4324
909 1331 1664
910 5277 3641
911 2926 3299
912 1066 1590
913 322 3576
914 -145 2852
915 1014 3701
916 5561 4393
917 3073 3285
918 5459 4115
919 236 3259
920 360 5697
921 4775 1403
922 2136 187
923 4615 89
924 3349 2718
925 4603 3530
926 3419 5515
927 3835 2373
928 446 3259
929 2063 4985
930 1180 3568
931 -105 977
932 2283 4645
933 1457 1195
934 3031 201
935 5212 935
936 1235 244
937 1463 5319
938 5210 2425
939 3419 5036
940 5100 3641
941 2806 1711
942 5111 2761
943 1321 3568
944 360 5363
945 3839 1581
946 1669 4943
947 5630 4115
948 221 2898
949 2073 2334
950 4539 3416
951 548 2322
952 230 481
953 3527 2189
954 1070 4775
955 95 4591
956 95 3576
957 6031 2087
958 4720 4523
959 5350 4348
960 5229 4251
961 3633 2303
962 4883 4310
963 2392 5303
964 131 282
965 3460 5515
966 4888 2761
967 4550 1257
968 5069 87
969 3512 2888
970 1706 766
971 328 1781
972 3839 1489
973 3869 2658
974 4615 273
975 1264 633
976 2153 3896
977 1758 4888
978 2148 3712
979 2298 2272
980 2347 4642
981 4941 3641
982 2861 998
983 2759 5491
984 3921 -8
985 867 1513
986 1987 434
987 3290 260
988 1604 4087
989 3037 3299
990 1679 3724
991 328 1901
992 2073 3537
993 5037 2776
994 5500 4348
995 548 1901
996 5561 4960
997 1823 4087
998 1304 1943
999 4469 1291
1000 2105 5154
1001 4505 3432
1002 496 1901
1003 2570 2595
1004 1836 5027
1005 4615 213
1006 355 5175
1007 3869 2796
1008 2153 4018
1009 5277 4050
1010 2347 5247
1011 5561 4421
1012 2614 5210
1013 2353 5118
1014 3825 2783
1015 1834 4181
1016 805 3444
1017 1669 5050
1018 1288 4860
1019 196 767
1020 3073 3583
1021 4889 4286
1022 3108 646
1023 196 945
1024 2116 2958
1025 170 3576
1026 4452 1687
1027 1671 638
1028 2490 3783
1029 2796 1411
1030 192 2177
1031 5847 1502
1032 2861 1037
1033 3290 2177
1034 796 4638
1035 2157 4985
1036 4947 4251
1037 3422 1149
1038 -20 3576
1039 3674 4383
1040 1288 5033
1041 2806 1222
1042 1393 4815
1043 998 1299
1044 4961 1397
1045 -51 4332
1046 3535 2189
1047 4509 1403
1048 4228 550
1049 3703 1233
1050 1752 3568
1051 1580 5331
1052 221 2998
1053 1938 3711
1054 4720 4472
1055 1758 4877
1056 5771 4582
1057 5688 1833
1058 3024 2475
1059 2618 5198
1060 -145 3362
1061 1350 636
1062 2116 2820
1063 5561 4582
1064 4599 5751
1065 2029 3120
1066 4269 571
1067 5771 4471
1068 2424 1805
1069 4780 4286
1070 3576 2189
1071 754 4638
1072 3082 1724
1073 5039 1403
1074 1429 244
1075 5210 2202
1076 5855 1412
1077 5041 2173
1078 3299 4874
1079 1822 974
1080 1132 1926
1081 4890 2761
1082 1938 3559
1083 1706 376
1084 -105 1519
1085 3073 3529
1086 5111 1516
1087 3705 2633
1088 4894 4251
1089 95 4552
1090 1713 363
1091 360 5183
1092 4345 5562
1093 2883 5491
1094 4611 3088
1095 874 4931
1096 3791 439
1097 4865 2522
1098 1938 3864
1099 2116 2706
1100 3997 1419
1101 3684 4173
1102 1669 5013
1103 1590 1195
1104 5094 4251
1105 95 4638
1106 1331 1632
1107 4880 3622
1108 4459 1732
1109 1334 5016
1110 2367 1192
1111 3542 1238
1112 499 317
1113 5052 4286
1114 -51 4463
1115 2432 2829
1116 4340 672
1117 2423 3125
1118 2073 1979
1119 2566 1805
1120 656 2898
1121 4536 735
1122 411 317
1123 2185 4634
1124 1288 5071
1125 562 2647
1126 -16 2508
1127 4810 4286
1128 3802 1313
1129 1987 407
1130 1669 4877
1131 4930 5751
1132 5561 4884
1133 5677 4211
1134 4452 1621
1135 -51 3797
1136 2106 4985
1137 969 4775
1138 -21 945
1139 1190 1926
1140 3053 3171
1141 4253 1328
1142 1581 1195
1143 1493 5331
1144 431 3811
1145 3701 2888
1146 4611 3102
1147 2185 894
1148 5059 2173
1149 4999 4348
1150 4049 527
1151 2430 1036
1152 131 365
1153 2831 3531
1154 2442 2488
1155 1971 4985
1156 5561 4750
1157 409 3259
1158 4360 3813
1159 1288 4974
1160 2073 4189
1161 1076 1815
1162 -95 3427
1163 563 2483
1164 2255 894
1165 2811 1100
1166 2157 4624
1167 2012 1378
1168 3535 2888
1169 2708 211
1170 2833 3436
1171 4565 4294
1172 2347 5176
1173 2298 2321
1174 1679 3568
1175 5038 87
1176 2296 94
1177 4780 4258
1178 790 5037
1179 3674 4225
1180 1706 461
1181 2153 3798
1182 3894 2864
1183 1251 1694
1184 4452 1936
1185 5165 2202
1186 3587 2888
1187 1076 1903
1188 2831 3536
1189 2485 1805
1190 2265 4624
1191 5465 4997
1192 1776 1378
1193 196 923
1194 5601 4582
1195 1193 5573
1196 649 2050
1197 591 1834
1198 4944 5687
1199 774 4727
1200 2310 2459
1201 5598 4115
1202 3072 2280
1203 2291 852
1204 1296 4877
1205 1735 1378
1206 2073 2359
1207 3118 2589
1208 4889 4348
1209 2188 3783
1210 3824 2888
1211 -105 1288
1212 5111 1623
1213 3398 2718
1214 4010 1499
1215 4944 2202
1216 610 5859
1217 251 1948
1218 2383 5296
1219 3290 2255
1220 4843 772
1221 2176 2233
1222 1283 1556
1223 2153 3978
1224 1987 541
1225 3705 2888
1226 3422 1074
1227 2376 3557
1228 3997 1384
1229 1356 5178
1230 4505 3512
1231 3841 699
1232 1417 1494
1233 1471 435
1234 1331 1605
1235 1076 1917
1236 230 451
1237 2389 4624
1238 887 4705
1239 5039 1426
1240 1109 1464
1241 1288 4867
1242 4810 4785
1243 2296 3557
1244 5855 1164
1245 984 2744
1246 3674 4331
1247 1331 1494
1248 4124 1433
1249 2093 2389
1250 3660 2888
1251 1193 5690
1252 1109 1647
1253 2833 1724
1254 3674 4250
1255 2443 1192
1256 4884 1397
1257 4951 4310
1258 1354 3568
1259 3075 1782
1260 1087 1201
1261 4548 3088
1262 4623 3243
1263 1836 5066
1264 3785 2189
1265 4492 3663
1266 5329 4211
1267 4382 2337
1268 4603 3479
1269 2997 424
1270 2909 619
1271 988 5859
1272 3588 2224
1273 3317 260
1274 1450 244
1275 3419 5278
1276 740 2744
1277 1752 3415
1278 5790 4115
1279 1826 974
1280 4559 3088
1281 3898 236
1282 1871 3386
1283 1331 1503
1284 5561 4382
1285 1214 244
1286 4880 3299
1287 205 282
1288 3922 2864
1289 2298 3783
1290 2153 4101
1291 -27 3575
1292 2455 3783
1293 4930 2202
1294 360 5465
1295 360 5859
1296 1836 5057
1297 303 1781
1298 3987 1442
1299 4750 833
1300 3814 3245
1301 1076 1778
1302 2833 3248
1303 3703 877
1304 1281 1694
1305 4139 550
1306 3855 3227
1307 68 4508
1308 4244 1442
1309 -145 3427
1310 5313 4348
1311 1193 5375
1312 1956 30
1313 -145 2959
1314 385 5859
1315 169 2177
1316 3290 2554
1317 6031 2211
1318 2441 1192
1319 3900 53
1320 3512 2851
1321 1686 82
1322 910 175
1323 4810 4884
1324 2116 2681
1325 4843 2776
1326 3855 3187
1327 5433 1833
1328 4066 550
1329 4865 2169
1330 1669 5144
1331 4750 1019
1332 4734 1244
1333 472 3213
1334 4656 3253
1335 2804 5491
1336 3793 439
1337 1979 1352
1338 2319 211
1339 4581 5751
1340 5086 4251
1341 4711 3605
1342 4505 3563
1343 1590 694
1344 4492 3813
1345 5140 2173
1346 5039 1707
1347 5735 4421
1348 2073 2324
1349 1463 4865
1350 765 5859
1351 -51 4447
1352 2160 401
1353 4720 4390
1354 4231 590
1355 4371 4294
1356 2157 4686
1357 1709 5050
1358 4802 4884
1359 3295 730
1360 1076 1728
1361 5654 4115
1362 2326 1192
1363 3299 5287
1364 3835 3049
1365 4780 4316
1366 4474 550
1367 639 2922
1368 2468 2890
1369 3869 2737
1370 2347 5131
1371 5561 4401
1372 3874 1682
1373 1087 1299
1374 3825 2859
1375 276 481
1376 1716 363
1377 309 3811
1378 3208 2717
1379 2116 2486
1380 5825 4139
1381 4867 4251
1382 1076 1880
1383 1686 108
1384 449 3248
1385 4615 230
1386 1758 4886
1387 5111 1443
1388 945 1943
1389 3223 2177
1390 3248 5491
1391 5451 4115
1392 5954 2458
1393 5229 1046
1394 2282 2946
1395 5039 1627
1396 5771 4426
1397 4559 4025
1398 6018 1919
1399 3705 2693
1400 774 4789
1401 4156 1442
1402 5039 1736
1403 1627 1352
1404 3786 4904
1405 3049 201
1406 2289 1955
1407 2148 4985
1408 4865 2694
1409 5130 2202
1410 1264 4775
1411 4944 5516
1412 4673 3253
1413 779 209
1414 2926 3519
1415 1089 5014
1416 1429 4815
1417 5561 4997
1418 1132 3386
1419 2282 2957
1420 1752 3386
1421 4311 2327
1422 2872 1805
1423 1590 744
1424 2227 1955
1425 1121 2919
1426 1279 244
1427 1893 1352
1428 -27 3459
1429 4459 1425
1430 5666 4582
1431 4711 3482
1432 754 4677
1433 2116 2468
1434 2833 3518
1435 1471 567
1436 3118 2645
1437 2400 4558
1438 5225 4997
1439 5348 1919
1440 1836 5020
1441 4789 2735
1442 491 1886
1443 1296 5092
1444 911 5859
1445 4372 2337
1446 4737 4390
1447 3701 2725
1448 3600 2189
1449 530 2922
1450 1832 974
1451 3869 2716
1452 1319 1664
1453 1532 3568
1454 -105 1046
1455 2296 3205
1456 5855 986
1457 4711 3641
1458 5855 1132
1459 838 5859
1460 3837 2326
1461 1219 1694
1462 3674 4171
1463 1076 1926
1464 2874 1105
1465 2116 2467
1466 5289 4997
1467 1748 187
1468 4505 2877
1469 367 1784
1470 -51 4419
1471 1131 4003
1472 1829 4985
1473 2791 3198
1474 6031 2109
1475 2361 2459
1476 2468 2847
1477 2443 1497
1478 1590 4003
1479 962 4816
1480 131 483
1481 472 3184
1482 1121 2766
1483 1089 4881
1484 2160 214
1485 4384 4294
1486 1834 4189
1487 805 3255
1488 1625 1334
1489 3900 120
1490 3699 2303
1491 3634 1238
1492 3841 740
1493 1062 2718
1494 4049 716
1495 4868 2776
1496 1733 4087
1497 3746 740
1498 4821 2776
1499 2303 3783
1500 926 3459
1501 2337 2459
1502 553 2922
1503 5855 1229
1504 1241 1647
1505 754 5032
1506 1788 5126
1507 5039 1772
1508 2576 2662
1509 3419 5495
1510 805 3248
1511 3499 5086
1512 1625 1343
1513 1331 1562
1514 2048 3864
1515 2831 3583
1516 1066 1708
1517 548 1947
1518 4484 1403
1519 2618 5034
1520 1871 3088
1521 4668 3416
1522 1283 1400
1523 4375 735
1524 3825 2396
1525 221 3188
1526 4126 1442
1527 5855 1189
1528 2468 2829
1529 3869 2806
1530 3033 2459
1531 2164 1192
1532 1987 401
1533 2157 4789
1534 2490 3769
1535 1334 5141
1536 3422 1132
1537 2743 3198
1538 4123 5562
1539 2298 1979
1540 1434 4865
1541 1695 1494
1542 2837 1126
1543 3260 730
1544 4907 2034
1545 2282 2870
1546 2055 974
1547 1684 1494
1548 4031 3059
1549 4045 2864
1550 -105 1364
1551 887 4660
1552 765 5037
1553 4750 1397
1554 4268 4016
1555 3499 5467
1556 779 242
1557 2583 211
1558 4603 3585
1559 5111 1680
1560 1948 30
1561 2085 5168
1562 3835 2968
1563 4734 1044
1564 770 4638
1565 563 2370
1566 4944 5261
1567 3898 281
1568 2298 2101
1569 1706 363
1570 95 4520
1571 5847 1695
1572 2383 5175
1573 5216 3641
1574 -105 1532
1575 874 5008
1576 1463 5224
1577 656 2875
1578 2926 3578
1579 836 2744
1580 5229 1108
1581 4990 2776
1582 1193 5037
1583 2484 5303
1584 251 2164
1585 4340 735
1586 5102 3641
1587 1771 5020
1588 149 5175
1589 3476 5515
1590 383 3259
1591 2026 187
1592 787 5037
1593 2895 5491
1594 562 2782
1595 1924 30
1596 882 1943
1597 2113 2389
1598 3837 2355
1599 1938 3537
1600 5825 4115
1601 4794 4286
1602 3072 2186
1603 3684 4291
1604 1580 5296
1605 4168 550
1606 2468 2987
1607 4581 4286
1608 4048 2864
1609 3723 740
1610 5039 1954
1611 4415 3813
1612 656 2881
1613 2376 3134
1614 2443 1530
1615 3003 424
1616 4452 1794
1617 2164 996
1618 2202 4634
1619 1855 974
1620 3380 2462
1621 5111 1815
1622 4459 1821
1623 4873 5751
1624 1726 5020
1625 401 3576
1626 5225 5067
1627 4147 1442
1628 562 2728
1629 3512 2742
1630 1014 3903
1631 4253 1424
1632 2148 3786
1633 4074 5354
1634 1089 5037
1635 4074 5069
1636 3674 4512
1637 1066 1299
1638 4720 4610
1639 2137 2233
1640 1669 5178
1641 1193 5572
1642 4536 1291
1643 3422 839
1644 1288 5093
1645 2298 2329
1646 774 4837
1647 562 2442
1648 4810 4453
1649 2006 4985
1650 3307 415
1651 3723 4098
1652 3791 572
1653 774 4724
1654 1959 30
1655 4611 3228
1656 4231 735
1657 3415 2177
1658 2283 5112
1659 5737 4421
1660 3063 646
1661 5168 5261
1662 2211 2085
1663 1125 5859
1664 944 1483
1665 2383 5122
1666 874 5005
1667 2292 852
1668 5111 1622
1669 1625 1242
1670 2480 187
1671 2359 3125
1672 5277 3746
1673 2202 2150
1674 4459 1584
1675 5064 1241
1676 2470 3625
1677 5079 772
1678 854 1943
1679 5854 2458
1680 -145 2745
1681 1668 815
1682 196 495
1683 522 3193
1684 5678 4582
1685 2214 894
1686 4603 3629
1687 324 5175
1688 106 4661
1689 2347 852
1690 1193 5470
1691 -51 4018
1692 3977 3059
1693 4366 5751
1694 2561 3134
1695 2153 3783
1696 2430 1062
1697 4975 4310
1698 2174 4634
1699 5445 1919
1700 3686 4904
1701 3380 2412
1702 3837 2195
1703 1767 3386
1704 496 1886
1705 5607 4582
1706 4865 2735
1707 3968 2864
1708 5771 4571
1709 798 4638
1710 2926 3478
1711 2390 94
1712 2872 201
1713 3884 1313
1714 5561 4625
1715 1760 4985
1716 2527 211
1717 867 1473
1718 1109 1320
1719 -51 4508
1720 2249 894
1721 3027 2496
1722 4322 -8
1723 3380 2500
1724 2296 3413
1725 3060 2459
1726 5855 1052
1727 360 5273
1728 5464 4211
1729 251 2177
1730 2543 5303
1731 5431 4348
1732 4615 108
1733 437 2922
1734 1669 5114
1735 3634 1365
1736 2160 365
1737 1014 3840
1738 4972 3299
1739 4603 3478
1740 4776 4324
1741 1758 4923
1742 3073 3391
1743 3896 3187
1744 3674 4091
1745 1021 4775
1746 3898 439
1747 1333 636
1748 302 3576
1749 2681 1805
1750 5021 87
1751 4564 550
1752 1121 2718
1753 4572 550
1754 653 352
1755 562 2666
1756 3082 1762
1757 -63 3427
1758 4459 1896
1759 4972 3147
1760 2283 5103
1761 5813 4211
1762 1669 5091
1763 991 4775
1764 95 4594
1765 3317 411
1766 380 317
1767 4366 5616
1768 2296 3461
1769 2157 4699
1770 5097 2173
1771 3396 4661
1772 2874 998
1773 2806 1151
1774 596 2875
1775 2148 3563
1776 590 2922
1777 5568 2458
1778 445 1886
1779 2443 1311
1780 2430 937
1781 4615 461
1782 1668 772
1783 4811 4310
1784 3824 2967
1785 4231 690
1786 4346 3813
1787 4559 3922
1788 1109 1195
1789 2340 3125
1790 2472 3783
1791 230 282
1792 3732 4087
1793 -63 2617
1794 3835 2382
1795 1669 5100
1796 2341 3783
1797 1836 5126
1798 1027 2718
1799 2874 1058
1800 3076 3181
1801 3701 2655
1802 2296 3137
1803 3686 4780
1804 5648 4115
1805 3889 2864
1806 1109 1362
1807 189 282
1808 5855 1365
1809 1089 4994
1810 754 4864
1811 4865 2168
1812 3033 2475
1813 1283 1465
1814 2383 5271
1815 969 244
1816 4340 -8
1817 1590 4045
1818 4012 1499
1819 1180 3434
1820 3482 2070
1821 4244 1450
1822 2378 2459
1823 4048 5069
1824 2164 974
1825 106 4649
1826 4734 966
1827 1735 1449
1828 4559 3478
1829 3166 730
1830 4241 550
1831 2833 3530
1832 3703 1270
1833 1087 1199
1834 -27 3576
1835 539 3248
1836 4881 1397
1837 3890 3187
1838 1463 4815
1839 1668 545
1840 106 5067
1841 2157 4685
1842 3900 -1
1843 1429 4865
1844 2124 2233
1845 1741 389
1846 2211 1192
1847 4060 1499
1848 4615 298
1849 1193 5394
1850 4455 1611
1851 4505 3253
1852 360 5222
1853 5277 2458
1854 472 3221
1855 221 3214
1856 4505 3000
1857 309 3895
1858 2443 1536
1859 3208 2718
1860 2439 1192
1861 3721 2189
1862 1590 825
1863 431 3576
1864 4623 4866
1865 3248 232
1866 3380 2177
1867 1251 244
1868 3684 4251
1869 2157 4678
1870 5855 1371
1871 -145 3336
1872 -16 2484
1873 1066 1943
1874 3588 2197
1875 2116 2389
1876 2874 1011
1877 4459 1546
1878 2157 4823
1879 3299 4995
1880 1296 5148
1881 3765 740
1882 5855 983
1883 -16 2616
1884 774 4677
1885 1706 841
1886 2430 1100
1887 3380 2390
1888 3841 656
1889 367 1781
1890 -145 3167
1891 4865 2693
1892 5039 2034
1893 5111 1537
1894 3422 908
1895 4799 2923
1896 2831 3277
1897 2383 5112
1898 2818 1724
1899 4586 3088
1900 3419 5362
1901 4833 4251
1902 2999 2478
1903 3887 1682
1904 1274 1647
1905 4559 3894
1906 5110 5261
1907 2430 852
1908 3072 2412
1909 2861 646
1910 2148 3642
1911 4944 5621
1912 3422 996
1913 4278 1313
1914 1409 1195
1915 4615 264
1916 3054 424
1917 3701 2611
1918 2296 3299
1919 5141 3641
1920 2148 3721
1921 221 3176
1922 458 2922
1923 2105 3864
1924 2796 1414
1925 563 2552
1926 1132 3327
1927 -105 1781
1928 1180 3406
1929 2861 424
1930 3825 2892
1931 996 244
1932 5574 2458
1933 5277 4048
1934 -145 2801
1935 2926 3382
1936 1283 1647
1937 1706 936
1938 1627 5178
1939 4972 3086
1940 4459 1858
1941 2073 2233
1942 3599 2303
1943 2833 3171
1944 2442 2459
1945 3703 1242
1946 1870 974
1947 4058 2864
1948 1758 4985
1949 5111 1304
1950 4459 1747
1951 1471 575
1952 -10 1781
1953 5054 4251
1954 3290 242
1955 3422 1007
1956 3542 4621
1957 2155 2978
1958 1034 1299
1959 3217 2177
1960 1109 1407
1961 251 2155
1962 2654 3198
1963 2029 3125
1964 4789 2776
1965 868 1513
1966 2809 3198
1967 1334 5144
1968 1590 1068
1969 1976 187
1970 3688 1365
1971 2140 1955
1972 2353 4642
1973 1296 5121
1974 3707 4904
1975 254 3716
1976 103 2390
1977 1871 3173
1978 1739 108
1979 2796 1238
1980 5847 1779
1981 4208 1442
1982 4865 2085
1983 2442 2581
1984 4623 4829
1985 2157 4650
1986 3048 527
1987 2263 94
1988 1590 4027
1989 1124 1647
1990 294 3903
1991 651 2744
1992 5045 1241
1993 4944 5451
1994 4505 3536
1995 1763 4985
1996 759 1299
1997 2321 3783
1998 1066 1872
1999 4519 1403
2000 4452 1584
2001 3825 2498
2002 3997 1313
2003 5028 5261
2004 1193 5214
2005 5627 4421
2006 1590 796
2007 1313 1195
2008 869 2050
2009 1076 1796
2010 1283 1230
2011 4253 1340
2012 3855 3245
2013 2099 401
2014 4389 24
2015 701 2050
2016 1709 1352
2017 5472 1833
2018 4559 3941
2019 1109 1266
2020 1010 2718
2021 1590 757
2022 1181 1647
2023 4288 4008
2024 2806 1238
2025 874 4816
2026 5001 1397
2027 4459 1404
2028 4674 4884
2029 2490 3625
2030 309 3869
2031 1590 868
2032 1066 1883
2033 1193 1694
2034 5809 2458
2035 887 4742
2036 5384 4997
2037 221 2950
2038 1625 1277
2039 4074 5413
2040 3703 956
2041 -105 1704
2042 2157 4636
2043 3340 2628
2044 1331 1527
2045 5182 772
2046 1283 1521
2047 3591 2888
2048 2321 187
2049 4090 1528
2050 131 473
2051 5045 1397
2052 4944 5700
2053 1391 4003
2054 4536 795
2055 1296 1694
2056 5847 1833
2057 -105 1422
2058 3029 3583
2059 4182 550
2060 435 1795
2061 169 2315
2062 4722 4390
2063 3299 4922
2064 4872 2202
2065 1741 363
2066 2298 2098
2067 1296 5033
2068 5625 4211
2069 4074 5369
2070 4865 2056
2071 4366 5562
2072 1180 3386
2073 5257 4997
2074 2770 3198
2075 2801 201
2076 1237 1694
2077 4810 792
2078 4944 5691
2079 1590 711
2080 1739 187
2081 2285 894
2082 2202 4624
2083 2442 2519
2084 177 282
2085 5593 1833
2086 2296 3241
2087 5093 2761
2088 -145 3097
2089 5242 2458
2090 1076 1890
2091 1416 4865
2092 1565 1195
2093 2957 201
2094 4074 5344
2095 261 3716
2096 4899 3641
2097 294 4040
2098 5430 4211
2099 380 481
2100 1132 3281
2101 2283 4981
2102 3380 2536
2103 1735 1494
2104 3499 5036
2105 2828 201
2106 5368 1919
2107 972 5859
2108 5371 2458
2109 1706 459
2110 2116 2697
2111 3844 4904
2112 5111 1814
2113 761 1369
2114 1679 3694
2115 113 945
2116 3108 682
2117 2417 3557
2118 1365 633
2119 1288 4887
2120 5764 4421
2121 2370 3125
2122 976 5859
2123 2383 5301
2124 4647 3416
2125 1892 187
2126 2164 1054
2127 1288 5148
2128 251 2053
2129 3082 1782
2130 4099 740
2131 562 2686
2132 4810 4450
2133 5555 1919
2134 2164 1004
2135 2145 2233
2136 4780 4251
2137 3835 2683
2138 5169 4348
2139 2480 94
2140 5459 4211
2141 1088 3919
2142 2157 4760
2143 50 3716
2144 3936 1682
2145 5210 2305
2146 5053 118
2147 4898 5751
2148 5825 4211
2149 3419 5092
2150 2174 4624
2151 1296 4879
2152 5641 1919
2153 3380 2406
2154 238 5175
2155 1871 3151
2156 4188 1528
2157 2116 2567
2158 4810 4491
2159 -105 945
2160 2105 4985
2161 3299 5252
2162 4129 1442
2163 2264 894
2164 3170 2717
2165 4429 1528
2166 196 488
2167 2164 1172
2168 3072 2162
2169 5210 2271
2170 4857 4251
2171 5071 2761
2172 3512 2774
2173 4615 118
2174 4452 1611
2175 -105 1426
2176 933 1513
2177 3825 2789
2178 3839 1682
2179 1836 5069
2180 1671 563
2181 3684 4780
2182 2614 5063
2183 106 5175
2184 4074 5376
2185 2298 2233
2186 3703 921
2187 3828 2189
2188 563 2440
2189 5212 990
2190 4165 550
2191 2157 4857
2192 6031 2164
2193 1121 3281
2194 1019 1299
2195 1938 3805
2196 2650 3198
2197 5561 4379
2198 2353 4633
2199 1378 633
2200 4452 1848
2201 3421 839
2202 2298 2459
2203 4279 4016
2204 1014 3734
2205 5039 1694
2206 2666 1100
2207 4459 1795
2208 -38 4508
2209 4505 2892
2210 1001 1483
2211 1848 1378
2212 196 867
2213 4085 550
2214 4058 3059
2215 3419 5219
2216 -51 3905
2217 4960 1397
2218 2443 1416
2219 4810 4364
2220 5545 4348
2221 2863 998
2222 867 1481
2223 1272 4003
2224 360 5234
2225 3521 2888
2226 548 2050
2227 3900 218
2228 1938 3796
2229 4340 571
2230 5450 4348
2231 2861 1100
2232 5277 4115
2233 3812 4904
2234 591 1795
2235 3898 349
2236 5768 4115
2237 3072 2303
2238 -145 3130
2239 5574 4115
2240 1741 663
2241 947 1299
2242 1671 545
2243 3825 2442
2244 2164 1138
2245 221 3259
2246 3835 3037
2247 2797 1100
2248 472 3208
2249 5284 4115
2250 754 5017
2251 4583 3416
2252 2296 3428
2253 3299 5128
2254 2870 998
2255 1810 1352
2256 2285 852
2257 2160 269
2258 5111 1342
2259 106 5054
2260 562 2875
2261 2298 2147
2262 263 4082
2263 563 2712
2264 2665 3198
2265 2148 3734
2266 4645 1403
2267 1027 4775
2268 3218 424
2269 823 5037
2270 5823 1919
2271 5557 4211
2272 2298 2258
2273 3415 2143
2274 1112 1926
2275 1334 5178
2276 4734 1218
2277 3898 252
2278 -51 4219
2279 4993 2034
2280 3212 4690
2281 1319 1694
2282 774 4793
2283 1371 3568
2284 5665 1833
2285 388 3811
2286 3076 2070
2287 3674 4415
2288 2283 4943
2289 991 3459
2290 4505 2998
2291 665 1943
2292 4559 4155
2293 3512 2802
2294 5710 4421
2295 4231 571
2296 4235 1442
2297 3248 424
2298 741 244
2299 2296 3476
2300 2157 4684
2301 4057 -8
2302 5305 4115
2303 4648 3253
2304 3134 424
2305 2282 2969
2306 2177 1979
2307 1987 595
2308 3422 1156
2309 5392 4115
2310 1706 956
2311 4865 2644
2312 1495 5331
2313 -105 1630
2314 1193 5652
2315 -12 3576
2316 4505 3570
2317 360 5707
2318 4170 550
2319 2442 2543
2320 3899 2864
2321 4049 597
2322 3940 -8
2323 3532 2888
2324 1668 553
2325 3073 3354
2326 5227 1833
2327 1851 30
2328 2153 4037
2329 923 5859
2330 6031 2458
2331 2667 1805
2332 3979 2864
2333 4290 1313
2334 5111 1833
2335 48 4508
2336 4459 1879
2337 3684 4525
2338 309 3903
2339 5397 1833
2340 3299 4883
2341 -16 2617
2342 3716 1365
2343 2833 3184
2344 2078 2233
2345 4505 3428
2346 3701 2601
2347 2202 2085
2348 1752 3469
2349 3290 2628
2350 221 3182
2351 3977 3187
2352 1590 639
2353 1121 3060
2354 5771 4421
2355 3290 2234
2356 2646 1100
2357 3063 555
2358 3299 5335
2359 4869 1397
2360 2806 1724
2361 3290 2349
2362 5111 1389
2363 5111 2776
2364 405 1901
2365 3072 2083
2366 3892 2864
2367 3299 4888
2368 2400 4539
2369 2471 1805
2370 3214 2098
2371 3290 2524
2372 3290 232
2373 360 5832
2374 2270 4624
2375 3674 4593
2376 2797 3198
2377 135 2390
2378 -105 1330
2379 754 4901
2380 1668 849
2381 514 481
2382 1590 4014
2383 1471 279
2384 1334 4968
2385 4864 772
2386 4582 1403
2387 3299 5040
2388 4459 1531
2389 3684 4614
2390 3499 5192
2391 466 3248
2392 4972 3230
2393 5085 5261
2394 3073 3580
2395 3643 2303
2396 3743 2197
2397 705 5859
2398 5127 2202
2399 5561 4831
2400 1792 4985
2401 3380 2207
2402 4074 5464
2403 1709 5020
2404 3426 2070
2405 656 2912
2406 2378 3125
2407 1171 1943
2408 4452 1889
2409 3419 5315
2410 1296 4775
2411 2490 3765
2412 4505 3216
2413 -145 2809
2414 1534 4003
2415 1193 5323
2416 2874 1126
2417 4645 5751
2418 -105 1491
2419 3214 2108
2420 4962 4348
2421 2882 201
2422 3299 4800
2423 4720 4475
2424 4970 1403
2425 4923 4286
2426 957 2744
2427 -79 945
2428 1818 4985
2429 3674 4466
2430 4869 772
2431 5111 1692
2432 1643 1494
2433 1741 637
2434 5505 4348
2435 1036 4816
2436 1274 3568
2437 755 1943
2438 4488 550
2439 2148 3649
2440 1193 5753
2441 2296 3221
2442 2400 4635
2443 2914 5491
2444 95 4516
2445 3072 2418
2446 2283 5046
2447 1995 4189
2448 3686 4835
2449 1625 1275
2450 5300 4115
2451 4368 1300
2452 2909 569
2453 4284 550
2454 2220 1979
2455 4795 1397
2456 1590 908
2457 2301 852
2458 -145 3299
2459 2153 4010
2460 4124 1442
2461 3063 527
2462 3216 730
2463 3900 153
2464 2430 998
2465 933 1483
2466 2004 3864
2467 360 5387
2468 2988 5491
2469 4841 4348
2470 3607 2197
2471 2689 2662
2472 2153 3953
2473 2160 341
2474 1852 974
2475 4368 1291
2476 2464 187
2477 4897 4310
2478 5649 1833
2479 2795 3198
2480 4810 4583
2481 1180 3388
2482 2296 3525
2483 3240 4661
2484 2057 60
2485 1987 661
2486 2105 5069
2487 3870 5002
2488 779 244
2489 1066 1658
2490 4414 24
2491 5111 1241
2492 4459 1936
2493 4963 3299
2494 3002 1782
2495 4611 3243
2496 1724 1494
2497 2806 1683
2498 3837 2189
2499 2073 2337
2500 3837 2360
2501 4962 2776
2502 3329 2718
2503 3512 2730
2504 2647 3134
2505 4045 5069
2506 3814 3210
2507 2831 3201
2508 3703 948
2509 2442 2575
2510 4164 5562
2511 2148 3864
2512 106 4791
2513 1253 636
2514 754 4928
2515 1283 1570
2516 2298 2325
2517 1741 919
2518 499 5859
2519 5748 4115
2520 2347 5205
2521 5769 4421
2522 4052 527
2523 2096 3864
2524 5550 4348
2525 2443 1611
2526 2978 3583
2527 548 1970
2528 3214 2072
2529 1747 187
2530 1298 1195
2531 3770 2197
2532 867 1452
2533 3825 2841
2534 1471 244
2535 3248 415
2536 3684 4648
2537 2148 3685
2538 5210 2173
2539 5532 4348
2540 1625 1190
2541 1590 846
2542 3900 21
2543 2837 1151
2544 2116 2585
2545 5460 1833
2546 2282 2849
2547 4789 2923
2548 799 4638
2549 3825 2683
2550 1871 3318
2551 683 2050
2552 267 5175
2553 1120 1694
2554 4720 4755
2555 4389 2327
2556 525 2922
2557 2018 187
2558 2021 1352
2559 514 430
2560 3380 2605
2561 854 4638
2562 3835 2682
2563 2285 879
2564 2870 5491
2565 1109 1483
2566 5685 4582
2567 3898 304
2568 3814 3116
2569 1590 1162
2570 1319 1943
2571 2833 3460
2572 3380 2265
2573 1625 1023
2574 106 5098
2575 2418 3557
2576 5261 4997
2577 1121 3012
2578 563 2604
2579 4587 4155
2580 3299 5255
2581 5855 1152
2582 969 175
2583 2576 2595
2584 5066 5261
2585 6031 2336
2586 2157 4752
2587 2760 211
2588 1114 1694
2589 3109 2496
2590 1231 1647
2591 3684 4203
2592 2283 5107
2593 3118 2603
2594 4750 1084
2595 1108 1943
2596 4268 4097
2597 4913 4348
2598 5923 1919
2599 4288 3813
2600 5855 1400
2601 5410 4997
2602 2298 2246
2603 2442 2595
2604 2282 2978
2605 3684 4412
2606 2424 1671
2607 -51 4056
2608 1076 1694
2609 4810 4623
2610 1296 4847
2611 2049 4189
2612 4750 916
2613 3212 4661
2614 2854 201
2615 4367 4098
2616 5039 1689
2617 1016 4775
2618 3299 5226
2619 1283 1340
2620 3934 2864
2621 4623 4839
2622 4072 550
2623 953 1992
2624 556 2922
2625 2312 3557
2626 3419 5218
2627 805 3459
2628 3108 704
2629 3703 913
2630 2597 2662
2631 1078 4816
2632 1209 4775
2633 4750 1004
2634 4457 1584
2635 3076 3231
2636 4156 1433
2637 2353 4625
2638 5236 4251
2639 -27 3427
2640 4459 1898
2641 2283 1192
2642 1331 1575
2643 -16 2408
2644 3791 533
2645 3841 650
2646 227 282
2647 5034 2173
2648 95 4604
2649 4603 3489
2650 3072 2362
2651 2058 3537
2652 1826 30
2653 4008 3059
2654 4904 4348
2655 1116 5037
2656 5225 5208
2657 4244 1453
2658 5619 1919
2659 -51 4161
2660 864 1369
2661 -27 3436
2662 5004 2776
2663 5115 4286
2664 5705 1919
2665 2396 2459
2666 3704 4087
2667 1706 407
2668 3727 2189
2669 4615 294
2670 5561 4793
2671 4325 1528
2672 5183 4251
2673 2614 5033
2674 2719 1805
2675 1681 1494
2676 590 481
2677 3841 572
2678 3037 3171
2679 779 175
2680 5315 2458
2681 3703 871
2682 2164 1146
2683 4452 1863
2684 1784 1352
2685 5277 4211
2686 1193 5423
2687 2142 401
2688 3299 5168
2689 5045 1265
2690 360 5435
2691 3814 3184
2692 653 481
2693 4885 2202
2694 1625 1351
2695 3814 3042
2696 2464 3557
2697 5886 1919
2698 1829 3386
2699 389 3259
2700 294 3983
2701 5565 4421
2702 867 1390
2703 5716 983
2704 5634 4582
2705 1741 974
2706 1283 1440
2707 758 1299
2708 5210 2373
2709 3010 1782
2710 -51 4092
2711 -3 3716
2712 4810 4348
2713 106 4638
2714 360 5410
2715 5771 1919
2716 3937 1499
2717 251 1901
2718 -40 2617
2719 1463 5178
2720 1625 1352
2721 1076 1883
2722 4509 4294
2723 2160 395
2724 6031 2083
2725 1049 4775
2726 -51 4390
2727 3588 2199
2728 1283 1449
2729 1590 4061
2730 1369 4815
2731 3571 1238
2732 3569 4621
2733 5771 4431
2734 4780 4310
2735 5855 1258
2736 984 2718
2737 2225 1192
2738 4389 -8
2739 76 3576
2740 2999 2496
2741 3603 4621
2742 1706 762
2743 887 4775
2744 1159 4003
2745 4505 2864
2746 2105 5149
2747 591 1943
2748 4182 1528
2749 5277 3838
2750 2874 1085
2751 1369 4775
2752 6031 1926
2753 4880 3552
2754 2057 30
2755 3154 5491
2756 1580 5233
2757 1590 636
2758 2355 3134
2759 1283 1454
2760 4311 3813
2761 2283 4772
2762 2004 1378
2763 3422 1143
2764 1121 3086
2765 4587 4251
2766 5210 772
2767 3835 2303
2768 1334 4865
2769 2699 1100
2770 4002 1499
2771 4438 5751
2772 2170 1955
2773 3299 4821
2774 335 2898
2775 4615 209
2776 2073 1955
2777 5111 1560
2778 4995 4251
2779 3825 2478
2780 -145 3352
2781 656 2922
2782 2524 3134
2783 4828 4348
2784 4720 4573
2785 261 3789
2786 4789 2781
2787 2490 3755
2788 1741 586
2789 3380 2487
2790 4711 3468
2791 4615 3416
2792 208 5175
2793 5118 4348
2794 5039 1510
2795 3118 730
2796 3118 2659
2797 3290 240
2798 5283 4997
2799 2833 3314
2800 4491 3813
2801 3422 1238
2802 5319 4211
2803 2831 3293
2804 4695 1403
2805 3380 2628
2806 5229 991
2807 1193 5305
2808 2157 4800
2809 3837 2491
2810 291 3576
2811 4337 550
2812 1288 5037
2813 1082 1943
2814 5626 983
2815 2430 1044
2816 874 4844
2817 4559 3787
2818 3906 5069
2819 1407 244
2820 1066 1696
2821 4933 4310
2822 5531 1833
2823 953 1943
2824 2105 5168
2825 106 4997
2826 1121 2989
2827 -51 4473
2828 2833 3307
2829 4253 1313
2830 150 3716
2831 3473 2070
2832 5855 1209
2833 4074 5440
2834 1797 1352
2835 3885 1313
2836 1590 4025
2837 4452 1897
2838 5212 1105
2839 874 4932
2840 3118 2707
2841 238 3716
2842 4734 1257
2843 5855 1230
2844 2982 3583
2845 3870 4904
2846 1739 150
2847 1539 1195
2848 3421 790
2849 2650 3134
2850 2861 606
2851 864 3459
2852 3499 5305
2853 2618 5491
2854 3953 1499
2855 3573 4621
2856 2035 3125
2857 2241 94
2858 4891 2202
2859 4720 4324
2860 874 5037
2861 1397 636
2862 4880 3619
2863 2618 5033
2864 16 4508
2865 1109 1438
2866 4750 1222
2867 4691 3641
2868 5046 2173
2869 562 2322
2870 1706 609
2871 4615 369
2872 -105 1368
2873 2063 5039
2874 1193 5613
2875 4576 3253
2876 2443 1480
2877 2430 916
2878 4340 724
2879 2470 94
2880 2806 1646
2881 1334 4978
2882 1739 143
2883 2336 94
2884 4864 4348
2885 3881 5069
2886 3419 5441
2887 2576 2640
2888 1434 244
2889 3499 5310
2890 1109 1590
2891 3514 1238
2892 1752 3522
2893 1753 1378
2894 2176 187
2895 2689 2851
2896 5013 4348
2897 2056 3125
2898 1817 4985
2899 718 2744
2900 2289 3125
2901 3684 4692
2902 3 3716
2903 1987 411
2904 4874 2761
2905 3118 2717
2906 2073 2282
2907 4386 550
2908 5277 4018
2909 4669 1257
2910 1628 4087
2911 2153 4131
2912 3010 2475
2913 -51 3793
2914 1516 1195
2915 2837 1132
2916 4603 3574
2917 3214 2070
2918 867 1369
2919 1443 244
2920 3095 424
2921 5048 3641
2922 4492 3570
2923 3214 2177
2924 4367 4294
2925 3825 2966
2926 3704 4098
2927 223 3576
2928 3037 3236
2929 4340 730
2930 2424 1755
2931 1088 3955
2932 4711 3416
2933 2167 1192
2934 2400 4583
2935 4367 735
2936 -51 4155
2937 -16 2390
2938 4977 2776
2939 563 2380
2940 5225 5063
2941 2352 5247
2942 3214 5491
2943 611 2922
2944 867 1374
2945 3523 2888
2946 2724 1100
2947 1686 43
2948 3229 730
2949 1671 599
2950 2667 2662
2951 3825 2372
2952 4615 550
2953 2298 2333
2954 2071 974
2955 2443 1209
2956 169 2208
2957 5446 1833
2958 1184 1647
2959 3299 5238
2960 367 1795
2961 555 2050
2962 562 2727
2963 5847 1710
2964 2078 3537
2965 261 3962
2966 169 3716
2967 4911 2034
2968 1088 4003
2969 108 5175
2970 3898 409
2971 1369 636
2972 1829 30
2973 1462 4003
2974 4615 341
2975 2383 5303
2976 1014 3576
2977 68 4516
2978 2485 5303
2979 4750 792
2980 2298 2340
2981 196 483
2982 4720 4756
2983 1741 904
2984 1668 803
2985 1492 5331
2986 707 3248
2987 -51 4022
2988 4734 1036
2989 805 3273
2990 2855 1100
2991 4972 3161
2992 5039 1887
2993 4750 1082
2994 3863 1313
2995 1758 4940
2996 3702 4098
2997 917 175
2998 -51 3917
2999 4963 4310
3000 896 2744
3001 1428 1195
3002 5225 5220
3003 953 2050
3004 4734 1188
3005 3789 1365
3006 1668 810
3007 2347 5162
3008 1296 4841
3009 1236 244
3010 4505 3142
3011 4151 1442
3012 4536 825
3013 305 3576
3014 1734 4877
3015 3419 5119
3016 308 3259
3017 4268 4098
3018 2351 187
3019 2081 1955
3020 4615 129
3021 5315 983
3022 -105 1309
3023 3366 4661
3024 2157 4710
3025 3108 730
3026 4750 891
3027 2520 1805
3028 618 481
3029 178 1781
3030 3290 2258
3031 5212 984
3032 3835 2458
3033 2627 1100
3034 4790 792
3035 2787 3171
3036 1709 5091
3037 4472 4294
3038 949 1943
3039 5045 1253
3040 4380 4294
3041 4327 4098
3042 2831 3514
3043 1790 3386
3044 3499 5256
3045 2002 3864
3046 741 268
3047 2504 211
3048 3317 415
3049 2116 2679
3050 2353 5146
3051 2296 3457
3052 4546 1403
3053 3539 4661
3054 4536 1257
3055 653 268
3056 1686 1494
3057 5025 2202
3058 3073 3245
3059 3825 2400
3060 5301 983
3061 3674 4350
3062 5428 4348
3063 3791 509
3064 2021 1378
3065 2861 480
3066 5467 983
3067 3966 1313
3068 774 4700
3069 5069 772
3070 2160 264
3071 2831 3459
3072 3824 3042
3073 2614 5136
3074 5210 1919
3075 1451 4815
3076 2034 894
3077 5561 4348
3078 2840 201
3079 5203 4348
3080 5911 1919
3081 5465 4115
3082 3051 201
3083 2833 3252
3084 4810 4783
3085 5847 1571
3086 5229 1063
3087 2765 5491
3088 1334 5153
3089 2483 3134
3090 692 3248
