208
0 71 142
1 73 32
2 47 35
3 25 71
4 41 23
5 34 35
6 33 41
7 15 71
8 62 123
9 34 29
10 68 101
11 63 101
12 114 110
13 45 101
14 41 74
15 71 127
16 119 90
17 12 28
18 59 35
19 92 120
20 62 44
21 62 97
22 44 97
23 33 25
24 46 62
25 62 35
26 93 116
27 71 135
28 78 70
29 71 100
30 132 58
31 62 75
32 70 94
33 93 110
34 56 32
35 54 32
36 68 75
37 109 128
38 74 127
39 30 97
40 34 41
41 7 97
42 114 88
43 62 98
44 68 81
45 71 77
46 32 71
47 120 110
48 32 74
49 63 98
50 78 52
51 72 15
52 45 107
53 74 101
54 18 15
55 58 32
56 34 42
57 62 42
58 62 127
59 43 91
60 13 41
61 70 81
62 62 114
63 68 97
64 32 55
65 107 80
66 61 81
67 78 49
68 101 95
69 74 107
70 121 80
71 30 85
72 11 71
73 119 86
74 76 101
75 101 110
76 41 80
77 109 134
78 27 71
79 62 101
80 43 85
81 34 47
82 12 41
83 62 39
84 58 15
85 95 134
86 71 96
87 62 79
88 32 52
89 70 97
90 93 128
91 62 81
92 33 38
93 25 65
94 106 58
95 7 93
96 89 105
97 120 127
98 71 73
99 10 63
100 107 68
101 71 15
102 62 117
103 54 24
104 15 99
105 95 133
106 54 15
107 101 88
108 97 134
109 78 105
110 80 70
111 34 38
112 92 60
113 92 105
114 71 89
115 78 64
116 96 95
117 47 101
118 63 75
119 68 73
120 30 99
121 92 54
122 46 70
123 12 37
124 102 66
125 68 98
126 15 101
127 61 80
128 32 59
129 72 13
130 121 68
131 89 120
132 109 133
133 31 59
134 33 28
135 102 58
136 43 89
137 47 58
138 95 129
139 78 60
140 96 89
141 76 107
142 9 63
143 15 68
144 128 104
145 120 128
146 128 86
147 34 28
148 15 98
149 71 129
150 95 132
151 9 67
152 119 104
153 47 97
154 96 70
155 15 93
156 74 110
157 30 80
158 72 7
159 48 58
160 53 107
161 132 66
162 89 52
163 41 19
164 128 98
165 62 109
166 44 85
167 59 32
168 26 15
169 60 101
170 43 94
171 71 88
172 43 99
173 26 41
174 33 15
175 62 49
176 12 63
177 96 80
178 107 88
179 93 111
180 41 25
181 101 105
182 81 105
183 71 7
184 71 82
185 46 58
186 20 41
187 82 70
188 68 99
189 69 32
190 48 70
191 12 15
192 32 47
193 62 142
194 73 15
195 78 100
196 61 73
197 63 73
198 58 35
199 15 63
200 25 68
201 62 107
202 7 101
203 33 19
204 25 59
205 92 52
206 95 128
207 9 71
