1472
0 715 1512
1 1198 1389
2 908 1029
3 1271 103
4 1684 886
5 582 93
6 1231 320
7 607 111
8 1604 112
9 1388 1086
10 1755 798
11 179 212
12 125 741
13 1615 975
14 219 445
15 127 1308
16 1555 112
17 113 1602
18 1758 312
19 1292 1613
20 547 1116
21 296 709
22 1758 513
23 546 166
24 107 190
25 1061 854
26 216 1878
27 792 1512
28 326 894
29 628 71
30 1457 1667
31 582 79
32 -129 255
33 720 485
34 1132 871
35 567 1076
36 1449 1380
37 718 302
38 1720 1652
39 1315 824
40 491 1555
41 172 212
42 482 1116
43 1482 112
44 412 71
45 1380 998
46 1189 141
47 1393 415
48 1256 476
49 1391 54
50 514 262
51 1525 992
52 645 273
53 1417 1667
54 650 966
55 1244 1358
56 668 851
57 536 1115
58 1432 144
59 576 273
60 1529 992
61 833 200
62 1856 1276
63 1934 703
64 546 1394
65 1434 267
66 1242 1488
67 1820 798
68 886 940
69 788 1509
70 1434 112
71 297 1592
72 540 262
73 1351 643
74 245 1305
75 -129 456
76 52 867
77 1109 1571
78 686 769
79 1605 798
80 1388 1358
81 1042 866
82 1725 1652
83 342 186
84 231 1784
85 1468 629
86 29 1422
87 382 1082
88 371 1468
89 421 709
90 634 96
91 854 1425
92 670 904
93 1450 526
94 18 1592
95 1160 854
96 380 1089
97 1502 676
98 1161 230
99 1233 974
100 1256 538
101 1551 1004
102 52 962
103 1734 1652
104 652 382
105 704 474
106 1109 1589
107 652 205
108 1421 1380
109 1487 710
110 767 1482
111 1445 1667
112 1502 687
113 1550 1074
114 574 1154
115 1831 798
116 790 1158
117 -102 499
118 1352 1380
119 733 382
120 1273 844
121 684 1669
122 652 196
123 326 847
124 999 1664
125 119 1308
126 1795 1611
127 1856 1329
128 1597 998
129 1691 1121
130 831 211
131 231 1854
132 809 1521
133 81 752
134 1758 507
135 264 1241
136 1448 1667
137 696 1512
138 760 1669
139 1478 1017
140 1152 939
141 908 927
142 1551 1019
143 495 1115
144 1682 886
145 309 1576
146 1353 1380
147 1648 1652
148 545 1645
149 677 1144
150 1384 838
151 835 1425
152 335 752
153 1758 568
154 1357 1667
155 1934 594
156 245 1251
157 1368 1380
158 692 71
159 1596 788
160 1432 193
161 127 1219
162 1292 1385
163 21 1304
164 1795 1485
165 1356 45
166 1549 112
167 1931 573
168 810 722
169 574 1116
170 1109 1481
171 545 1638
172 668 868
173 21 1103
174 411 937
175 35 837
176 1530 1338
177 1508 1000
178 686 1144
179 1685 954
180 113 1671
181 1168 854
182 1178 844
183 1273 586
184 1551 982
185 1370 1358
186 1388 1121
187 1487 886
188 376 1595
189 582 96
190 658 71
191 109 190
192 1256 506
193 1758 335
194 714 1482
195 920 793
196 816 -5
197 1393 1338
198 1542 975
199 1502 749
200 1434 341
201 739 441
202 1085 854
203 1552 1652
204 172 458
205 119 1592
206 81 701
207 1552 1667
208 1349 45
209 279 1154
210 1043 866
211 479 159
212 1393 1331
213 1795 1549
214 1602 1342
215 684 1509
216 491 1459
217 309 1566
218 21 1162
219 1613 1342
220 1338 857
221 1934 798
222 1536 788
223 1571 992
224 21 1275
225 1172 939
226 1156 1488
227 908 936
228 1758 518
229 587 1482
230 204 697
231 1678 312
232 36 962
233 116 1422
234 21 1171
235 1337 1028
236 654 101
237 1685 886
238 206 289
239 957 866
240 -129 309
241 1704 1121
242 908 935
243 1559 1000
244 609 1509
245 1488 629
246 452 71
247 554 1374
248 593 1184
249 613 71
250 1166 141
251 858 1000
252 1463 975
253 908 975
254 582 71
255 1393 1318
256 839 225
257 35 903
258 245 1302
259 1650 312
260 384 1479
261 1432 57
262 201 458
263 974 1664
264 1760 1342
265 204 650
266 1685 888
267 908 -5
268 1256 364
269 1384 886
270 877 1425
271 1267 1613
272 739 474
273 1549 980
274 411 913
275 787 1221
276 1605 788
277 -63 499
278 264 1158
279 1445 381
280 833 748
281 526 1683
282 396 709
283 1450 629
284 1529 1000
285 49 1422
286 17 499
287 384 1493
288 971 1669
289 1026 54
290 1487 755
291 1220 939
292 707 760
293 279 894
294 1593 112
295 1594 1342
296 1489 975
297 21 1200
298 943 816
299 21 1057
300 518 1116
301 839 197
302 886 959
303 546 221
304 175 1079
305 738 1482
306 979 866
307 1292 1493
308 668 914
309 1774 1342
310 1798 1121
311 863 748
312 1856 1137
313 539 273
314 782 1512
315 342 181
316 838 1669
317 1089 163
318 886 950
319 1856 1194
320 385 71
321 338 1514
322 658 1549
323 584 1144
324 886 848
325 1154 854
326 1445 1338
327 1934 577
328 653 1512
329 1311 836
330 127 1197
331 1679 1074
332 261 1019
333 863 722
334 967 816
335 179 236
336 1404 1380
337 1534 704
338 1393 476
339 1622 112
340 1026 98
341 751 485
342 326 815
343 326 752
344 662 382
345 729 101
346 662 1669
347 1231 353
348 318 894
349 707 1521
350 342 222
351 1166 1293
352 1256 390
353 -129 413
354 88 1693
355 810 723
356 685 485
357 1473 1380
358 661 71
359 707 706
360 670 821
361 1393 381
362 125 735
363 495 262
364 125 773
365 385 163
366 1650 174
367 673 302
368 1445 467
369 1487 872
370 172 252
371 1445 420
372 1524 975
373 1351 693
374 670 847
375 1311 824
376 652 273
377 338 1481
378 1445 476
379 1487 881
380 668 964
381 391 1082
382 1420 992
383 1356 998
384 1856 1301
385 419 1116
386 1024 854
387 231 1882
388 1384 788
389 1393 1337
390 877 1459
391 -68 499
392 591 273
393 204 565
394 1557 992
395 1281 45
396 231 1592
397 1891 798
398 668 939
399 908 1031
400 411 761
401 231 1875
402 1432 77
403 1544 1667
404 1197 1304
405 188 1079
406 1132 883
407 652 101
408 908 946
409 1231 243
410 1679 1338
411 1466 1338
412 52 898
413 886 873
414 411 766
415 1650 210
416 1889 573
417 1393 1261
418 1472 992
419 81 710
420 1301 195
421 592 96
422 585 71
423 1089 108
424 1456 1380
425 543 273
426 413 1154
427 1401 1000
428 677 752
429 384 1555
430 1432 91
431 545 1555
432 652 132
433 1393 1324
434 144 499
435 18 190
436 172 289
437 1250 362
438 127 1292
439 1529 980
440 619 1144
441 169 1592
442 844 698
443 1256 544
444 1435 1017
445 768 1669
446 857 769
447 960 -5
448 652 340
449 1351 655
450 88 1702
451 195 1079
452 1236 362
453 1109 1567
454 882 407
455 787 1215
456 650 273
457 791 1521
458 1223 230
459 1394 199
460 260 1592
461 1682 798
462 1205 45
463 522 166
464 1366 1358
465 -129 461
466 1378 1017
467 681 485
468 1934 701
469 123 1592
470 1322 45
471 148 190
472 758 34
473 172 270
474 11 1477
475 1502 843
476 1795 1509
477 971 1668
478 721 71
479 1198 1433
480 1651 312
481 877 1521
482 326 856
483 205 436
484 1131 1488
485 380 1092
486 342 184
487 1480 1342
488 1351 741
489 670 895
490 1446 886
491 1795 1373
492 325 289
493 -129 499
494 35 778
495 658 485
496 1102 103
497 1145 141
498 1026 14
499 1633 1652
500 1292 1633
501 228 709
502 1135 1537
503 839 196
504 1231 317
505 230 709
506 1109 1602
507 1529 1017
508 216 1794
509 1267 45
510 1395 992
511 376 1555
512 817 211
513 972 -5
514 1233 948
515 908 1003
516 770 1191
517 1450 623
518 1087 45
519 671 96
520 52 890
521 231 1795
522 21 1217
523 81 832
524 646 1482
525 103 499
526 1217 1537
527 264 1187
528 531 1116
529 446 1116
530 999 816
531 1758 366
532 1650 130
533 1026 104
534 216 1808
535 81 758
536 574 1509
537 877 1493
538 1445 392
539 52 752
540 888 1031
541 1187 939
542 1217 103
543 810 768
544 264 709
545 1351 713
546 125 701
547 385 80
548 879 1669
549 1487 869
550 1198 1468
551 837 1425
552 201 214
553 1284 1358
554 -11 190
555 1202 1488
556 11 1422
557 1477 886
558 -129 190
559 1393 1150
560 309 1514
561 385 169
562 413 1116
563 787 1158
564 842 1425
565 652 243
566 877 1479
567 677 698
568 1502 649
569 261 1075
570 46 1057
571 779 321
572 1443 381
573 934 -5
574 125 772
575 1450 579
576 309 1592
577 127 1226
578 812 340
579 1309 199
580 1109 1488
581 35 677
582 1450 357
583 594 1144
584 707 769
585 88 1614
586 521 1382
587 245 1267
588 1005 866
589 1641 1652
590 823 732
591 309 1537
592 1450 477
593 187 445
594 1388 1281
595 390 71
596 1229 1358
597 1228 103
598 52 724
599 607 122
600 1109 1664
601 1223 45
602 1650 283
603 584 1076
604 35 706
605 1568 1338
606 127 1097
607 98 190
608 1384 746
609 209 436
610 172 243
611 762 1192
612 -129 205
613 -129 280
614 699 1509
615 1433 1000
616 1187 1304
617 652 111
618 676 101
619 567 1115
620 655 1221
621 385 181
622 812 321
623 741 101
624 1366 45
625 689 71
626 1256 370
627 -129 257
628 936 866
629 204 557
630 380 1154
631 1480 1380
632 1795 1411
633 644 1512
634 593 1221
635 1795 1652
636 1534 647
637 1303 1380
638 1288 643
639 121 1592
640 1388 1095
641 216 1422
642 21 1169
643 593 1197
644 1391 45
645 1484 992
646 1267 1488
647 128 1422
648 1432 92
649 264 1171
650 1233 1006
651 1132 866
652 1758 527
653 26 190
654 652 350
655 1393 411
656 1795 1521
657 656 1144
658 1527 112
659 1198 1413
660 1026 43
661 882 413
662 1176 1304
663 543 1374
664 482 1115
665 1172 45
666 785 485
667 739 471
668 1570 1342
669 88 1592
670 292 1592
671 770 1144
672 1256 432
673 1237 45
674 1192 1468
675 1062 854
676 1272 1493
677 1509 1342
678 1327 199
679 750 1512
680 130 499
681 1364 1667
682 1318 1667
683 753 1482
684 626 1509
685 72 1057
686 1087 49
687 1721 1121
688 1758 371
689 655 974
690 1499 649
691 1233 1028
692 109 1057
693 208 458
694 1388 1338
695 620 1144
696 882 390
697 1106 230
698 342 185
699 1551 992
700 325 288
701 1251 103
702 882 360
703 1295 45
704 1159 1293
705 1145 140
706 593 1154
707 1600 1342
708 1729 1652
709 491 1382
710 655 1482
711 1535 1338
712 777 1521
713 858 748
714 231 1603
715 421 715
716 279 1111
717 231 1797
718 52 892
719 1546 980
720 545 1631
721 762 1144
722 554 1482
723 1233 939
724 1384 852
725 1795 1607
726 1640 975
727 1816 1329
728 858 1027
729 1281 1358
730 1145 45
731 1790 1329
732 384 1468
733 1395 1000
734 1795 1599
735 127 1079
736 996 866
737 35 962
738 172 499
739 1480 1364
740 245 1353
741 1856 1187
742 224 445
743 216 1809
744 1109 1476
745 502 166
746 1301 146
747 554 1468
748 863 769
749 863 732
750 1758 564
751 1247 1488
752 810 769
753 1682 1342
754 1514 1667
755 546 228
756 689 1521
757 432 71
758 309 1589
759 1087 82
760 224 436
761 21 1308
762 1024 844
763 1758 342
764 326 813
765 1487 868
766 1823 798
767 1434 205
768 652 245
769 1003 817
770 1852 1329
771 1795 1581
772 1401 1338
773 908 913
774 524 1374
775 342 220
776 1132 929
777 216 1904
778 1502 790
779 1292 1380
780 1780 1329
781 231 1833
782 1663 798
783 1184 1293
784 245 1257
785 1001 816
786 1393 460
787 52 936
788 125 771
789 812 341
790 1719 1342
791 1758 320
792 326 799
793 863 698
794 817 698
795 1583 886
796 702 698
797 408 882
798 1632 1652
799 652 122
800 1231 230
801 1856 1296
802 1132 919
803 201 289
804 1109 854
805 326 790
806 628 111
807 668 966
808 1182 45
809 693 96
810 231 1708
811 882 462
812 408 889
813 1515 1338
814 532 273
815 1656 1652
816 886 994
817 309 1545
818 1101 1664
819 81 714
820 817 225
821 1266 1488
822 231 1701
823 245 1422
824 750 1482
825 758 101
826 1450 573
827 408 937
828 81 773
829 1198 1393
830 1330 643
831 670 974
832 1026 95
833 1299 103
834 658 1624
835 586 966
836 843 732
837 1660 975
838 554 1410
839 936 867
840 843 1425
841 739 419
842 652 474
843 1441 112
844 -76 190
845 384 1525
846 127 1257
847 721 96
848 792 1509
849 693 1669
850 -129 265
851 1231 341
852 1433 1017
853 1534 644
854 491 1453
855 1934 686
856 362 1468
857 1186 1537
858 1487 649
859 1273 643
860 482 273
861 127 1294
862 1256 586
863 618 1144
864 245 1247
865 1351 656
866 113 1648
867 886 889
868 652 302
869 943 793
870 580 1512
871 1384 882
872 315 894
873 877 1429
874 201 237
875 1233 998
876 739 470
877 1829 1329
878 524 1382
879 35 904
880 540 1116
881 668 905
882 491 1394
883 668 824
884 828 1669
885 264 1154
886 766 302
887 786 485
888 1487 671
889 856 748
890 711 1512
891 222 289
892 856 1521
893 1393 1086
894 413 1131
895 1544 980
896 677 745
897 1360 1028
898 380 1103
899 216 1613
900 1233 976
901 886 928
902 279 979
903 787 1521
904 652 324
905 677 769
906 287 894
907 787 321
908 1317 199
909 888 343
910 178 289
911 841 698
912 1396 1338
913 128 1014
914 491 1521
915 1351 743
916 1795 1375
917 201 273
918 1678 1652
919 81 827
920 1368 1023
921 709 382
922 216 1853
923 1123 854
924 148 1592
925 163 1079
926 1434 246
927 408 922
928 479 273
929 731 485
930 1292 1448
931 1551 1000
932 882 352
933 1795 1493
934 216 1796
935 261 1014
936 527 273
937 491 1374
938 1650 112
939 103 190
940 231 1770
941 446 1115
942 325 273
943 127 1232
944 204 709
945 -129 483
946 1339 643
947 660 974
948 1434 248
949 886 855
950 1788 1342
951 11 1592
952 107 1702
953 127 1241
954 1226 939
955 810 748
956 1026 25
957 221 709
958 1725 1342
959 342 273
960 204 612
961 1132 939
962 852 1669
963 1636 1652
964 385 86
965 886 822
966 397 1115
967 113 1592
968 1471 1017
969 817 196
970 82 1057
971 1003 816
972 -129 358
973 231 1664
974 201 212
975 1636 886
976 842 343
977 1267 1537
978 172 482
979 1301 124
980 1422 1017
981 1775 798
982 1795 1557
983 21 1099
984 668 864
985 -73 190
986 919 913
987 1480 1354
988 1682 1329
989 52 937
990 1311 828
991 1384 809
992 158 499
993 1758 558
994 1502 886
995 1089 133
996 886 1000
997 1491 1667
998 52 944
999 81 778
1000 1384 784
1001 820 698
1002 1685 975
1003 420 709
1004 575 1509
1005 105 190
1006 125 750
1007 1292 1667
1008 1679 1329
1009 1588 112
1010 1132 911
1011 1388 1108
1012 554 1382
1013 1450 563
1014 -121 499
1015 1256 510
1016 127 1099
1017 810 715
1018 1450 341
1019 1089 230
1020 668 845
1021 707 698
1022 670 813
1023 342 249
1024 1502 864
1025 408 752
1026 216 1869
1027 113 1612
1028 538 262
1029 1388 1250
1030 1026 92
1031 1551 1066
1032 1679 1121
1033 1292 1432
1034 13 190
1035 1301 199
1036 1322 643
1037 1197 1301
1038 46 499
1039 924 -5
1040 172 445
1041 384 1526
1042 1087 103
1043 37 677
1044 1109 1537
1045 1439 1338
1046 586 974
1047 1176 45
1048 877 1442
1049 437 1115
1050 1256 580
1051 172 436
1052 1534 788
1053 1856 1260
1054 183 212
1055 1934 687
1056 1883 798
1057 746 96
1058 1487 854
1059 491 1553
1060 1758 525
1061 980 816
1062 807 1521
1063 552 273
1064 1432 54
1065 1856 1251
1066 216 1745
1067 52 770
1068 491 1404
1069 515 1374
1070 380 1082
1071 1338 998
1072 216 1600
1073 1502 717
1074 827 343
1075 408 861
1076 279 988
1077 502 273
1078 1534 695
1079 125 832
1080 681 1482
1081 1667 1338
1082 731 96
1083 665 1221
1084 524 166
1085 1580 1074
1086 1724 1652
1087 231 1904
1088 787 1216
1089 626 1512
1090 1298 643
1091 1338 993
1092 383 1555
1093 882 485
1094 1619 1338
1095 608 1144
1096 1256 554
1097 1702 1652
1098 -25 190
1099 545 1683
1100 -2 190
1101 432 1683
1102 734 71
1103 584 1088
1104 1233 1025
1105 971 1664
1106 21 1194
1107 1338 889
1108 1122 103
1109 207 436
1110 835 1482
1111 86 499
1112 839 211
1113 148 499
1114 670 891
1115 882 367
1116 109 1422
1117 1622 975
1118 1368 1017
1119 1186 1293
1120 1172 230
1121 677 768
1122 1393 396
1123 1434 236
1124 1881 573
1125 -9 499
1126 1598 788
1127 1262 1028
1128 623 1482
1129 1679 1099
1130 172 190
1131 411 837
1132 179 289
1133 839 200
1134 231 1783
1135 1795 1627
1136 319 709
1137 1456 1338
1138 1795 1519
1139 231 1806
1140 790 1144
1141 239 1079
1142 810 752
1143 709 1144
1144 98 1422
1145 96 701
1146 752 1482
1147 586 273
1148 1518 1667
1149 1301 103
1150 1109 1584
1151 886 861
1152 545 1629
1153 1003 844
1154 1292 1440
1155 1384 854
1156 1664 312
1157 1267 1581
1158 233 1422
1159 1597 1000
1160 1026 108
1161 326 762
1162 1750 798
1163 1934 668
1164 479 262
1165 545 1622
1166 639 1221
1167 326 832
1168 1234 1028
1169 408 792
1170 1374 743
1171 1329 199
1172 1896 573
1173 1420 476
1174 279 1127
1175 598 96
1176 1565 1074
1177 736 474
1178 1856 1236
1179 1217 141
1180 595 273
1181 81 190
1182 574 1512
1183 1697 1652
1184 192 1014
1185 376 1683
1186 1534 629
1187 919 898
1188 758 4
1189 479 86
1190 546 226
1191 231 1640
1192 1671 1652
1193 1145 939
1194 658 1659
1195 405 1115
1196 1109 1468
1197 856 1669
1198 1758 573
1199 88 1603
1200 216 1592
1201 179 258
1202 681 1521
1203 261 1079
1204 266 1154
1205 670 833
1206 1393 457
1207 1262 1488
1208 739 382
1209 1198 1371
1210 1851 798
1211 -129 409
1212 863 703
1213 1071 108
1214 479 166
1215 1758 494
1216 1393 1290
1217 1376 1358
1218 658 1669
1219 554 1452
1220 1231 362
1221 1487 673
1222 652 125
1223 1758 548
1224 491 1482
1225 4 499
1226 1551 980
1227 245 1271
1228 670 840
1229 534 1394
1230 1484 1342
1231 812 343
1232 231 1824
1233 1434 221
1234 1148 1468
1235 1430 476
1236 310 289
1237 739 398
1238 969 866
1239 1338 928
1240 1145 103
1241 1512 1342
1242 479 77
1243 1388 1118
1244 1393 1133
1245 1218 230
1246 1934 720
1247 758 -5
1248 1098 230
1249 1338 824
1250 1368 1028
1251 1188 141
1252 866 485
1253 204 649
1254 758 96
1255 1384 975
1256 886 992
1257 701 1221
1258 127 1253
1259 612 974
1260 1607 1074
1261 21 1155
1262 279 1152
1263 338 1468
1264 1425 886
1265 -128 499
1266 523 1394
1267 1203 1537
1268 179 213
1269 1735 1121
1270 113 1603
1271 1393 1256
1272 1687 1342
1273 1566 788
1274 1331 824
1275 1704 1342
1276 52 677
1277 1026 -5
1278 848 1425
1279 1439 381
1280 1088 103
1281 261 1044
1282 1472 1338
1283 1589 992
1284 1095 230
1285 231 1860
1286 1176 1293
1287 810 698
1288 668 813
1289 376 1621
1290 -129 252
1291 113 1702
1292 1197 1293
1293 1447 1338
1294 983 1664
1295 1934 573
1296 195 1014
1297 1856 1261
1298 20 190
1299 411 715
1300 1650 201
1301 1251 1028
1302 1267 1493
1303 1473 629
1304 1787 1652
1305 910 793
1306 1338 988
1307 1412 476
1308 886 972
1309 921 1669
1310 1393 408
1311 216 1827
1312 1176 141
1313 309 709
1314 1488 1017
1315 886 895
1316 1559 112
1317 1256 362
1318 1345 1380
1319 652 191
1320 89 1057
1321 839 220
1322 668 850
1323 914 -5
1324 758 71
1325 1393 401
1326 1256 450
1327 1637 975
1328 1581 1074
1329 1434 266
1330 1219 103
1331 1387 1017
1332 1161 1537
1333 204 588
1334 545 1682
1335 231 1617
1336 882 373
1337 1290 643
1338 1417 1338
1339 1534 782
1340 1450 518
1341 1159 1304
1342 1256 457
1343 1934 641
1344 838 748
1345 1856 1121
1346 707 758
1347 835 343
1348 1631 975
1349 1231 299
1350 89 701
1351 1502 847
1352 224 526
1353 462 71
1354 1349 1358
1355 584 1096
1356 1145 136
1357 21 1202
1358 264 1202
1359 -16 499
1360 1179 1468
1361 349 1468
1362 1550 1066
1363 1575 1338
1364 779 1669
1365 1243 1358
1366 882 359
1367 828 769
1368 886 808
1369 1109 1605
1370 279 1115
1371 35 782
1372 1273 836
1373 1680 798
1374 1341 643
1375 888 352
1376 766 321
1377 770 1192
1378 423 71
1379 652 485
1380 546 214
1381 1393 1110
1382 858 1031
1383 1502 825
1384 279 1104
1385 81 760
1386 819 769
1387 52 750
1388 835 1440
1389 1795 1342
1390 827 196
1391 224 458
1392 1274 1028
1393 1384 998
1394 1292 1402
1395 1538 788
1396 338 1511
1397 641 966
1398 521 262
1399 1292 1481
1400 1934 669
1401 817 200
1402 546 262
1403 13 1422
1404 1081 866
1405 674 1221
1406 678 1669
1407 35 852
1408 216 1893
1409 1597 992
1410 325 280
1411 1198 1358
1412 1388 1162
1413 836 1425
1414 264 1247
1415 1795 1577
1416 529 1382
1417 1338 916
1418 1662 886
1419 1330 199
1420 1208 1537
1421 1301 113
1422 338 1497
1423 919 867
1424 762 1168
1425 905 1669
1426 506 262
1427 877 1482
1428 -129 213
1429 -129 352
1430 1445 445
1431 109 1014
1432 201 218
1433 381 1468
1434 204 526
1435 391 1115
1436 179 248
1437 88 190
1438 1432 199
1439 810 732
1440 1392 1086
1441 310 709
1442 936 793
1443 479 71
1444 172 475
1445 118 1014
1446 1351 699
1447 554 1394
1448 1109 1643
1449 231 1827
1450 605 273
1451 21 1249
1452 673 1521
1453 1301 170
1454 408 885
1455 1254 1488
1456 194 445
1457 693 474
1458 1178 854
1459 670 944
1460 216 1857
1461 1604 1652
1462 886 793
1463 1384 743
1464 710 474
1465 499 1555
1466 194 436
1467 658 1521
1468 1489 1017
1469 994 866
1470 1696 798
1471 925 1669
