533
0 91 23
1 134 324
2 360 290
3 23 60
4 156 22
5 362 312
6 248 226
7 30 51
8 252 300
9 289 286
10 433 211
11 408 312
12 372 105
13 247 331
14 249 24
15 200 341
16 375 137
17 123 208
18 421 281
19 23 53
20 405 267
21 212 251
22 261 72
23 53 403
24 337 307
25 314 436
26 349 -13
27 351 -13
28 305 340
29 182 50
30 166 237
31 258 186
32 178 215
33 127 264
34 260 307
35 380 137
36 421 312
37 23 84
38 181 356
39 155 104
40 220 255
41 211 265
42 59 50
43 23 40
44 350 182
45 252 290
46 349 270
47 83 23
48 172 265
49 374 194
50 335 226
51 338 194
52 53 416
53 172 295
54 88 421
55 355 307
56 376 96
57 24 40
58 84 313
59 360 279
60 216 389
61 66 397
62 115 406
63 206 418
64 151 179
65 261 68
66 335 96
67 53 425
68 64 202
69 277 75
70 54 202
71 260 289
72 78 119
73 338 215
74 84 346
75 260 335
76 253 362
77 355 286
78 45 304
79 360 286
80 172 338
81 421 308
82 192 68
83 247 332
84 52 50
85 81 304
86 301 286
87 74 104
88 23 62
89 176 418
90 325 269
91 246 78
92 30 49
93 322 71
94 409 273
95 120 304
96 355 289
97 372 107
98 129 220
99 64 157
100 59 99
101 69 104
102 417 -2
103 352 315
104 394 273
105 60 304
106 375 139
107 105 104
108 175 360
109 168 113
110 252 293
111 87 484
112 40 75
113 178 251
114 277 93
115 161 324
116 29 299
117 55 206
118 233 113
119 338 201
120 84 342
121 198 170
122 218 163
123 260 347
124 193 68
125 200 350
126 360 274
127 365 -13
128 178 190
129 360 312
130 349 274
131 23 42
132 52 84
133 433 195
134 372 83
135 166 282
136 260 286
137 355 303
138 258 179
139 108 313
140 301 93
141 311 186
142 218 170
143 193 265
144 122 294
145 375 153
146 354 307
147 209 163
148 146 371
149 409 194
150 53 397
151 316 5
152 154 182
153 387 75
154 129 278
155 153 324
156 221 340
157 417 -5
158 32 237
159 166 163
160 129 264
161 392 -13
162 375 140
163 101 23
164 84 397
165 335 77
166 261 75
167 181 22
168 335 212
169 144 104
170 335 107
171 305 343
172 64 195
173 166 113
174 156 38
175 54 195
176 355 291
177 29 243
178 249 179
179 260 304
180 338 230
181 84 329
182 29 237
183 270 352
184 235 251
185 122 274
186 334 182
187 117 406
188 90 23
189 176 22
190 270 309
191 88 406
192 166 271
193 59 23
194 155 58
195 117 381
196 315 93
197 253 70
198 417 -11
199 30 117
200 129 282
201 281 307
202 131 104
203 220 251
204 316 -6
205 78 130
206 122 211
207 363 -13
208 316 18
209 124 324
210 151 182
211 244 340
212 217 24
213 166 280
214 146 393
215 84 369
216 321 286
217 108 406
218 120 294
219 53 477
220 193 170
221 375 155
222 260 362
223 128 26
224 301 408
225 421 273
226 92 23
227 117 386
228 30 40
229 166 128
230 238 251
231 246 75
232 252 255
233 64 206
234 192 51
235 214 401
236 397 273
237 284 239
238 84 358
239 315 107
240 29 248
241 260 331
242 73 397
243 84 332
244 152 104
245 193 163
246 283 307
247 200 340
248 64 176
249 347 286
250 404 -13
251 146 360
252 335 79
253 246 100
254 413 312
255 84 365
256 129 208
257 292 239
258 253 75
259 98 406
260 218 164
261 252 331
262 318 436
263 248 239
264 347 269
265 161 358
266 166 269
267 292 405
268 59 41
269 398 194
270 423 87
271 388 75
272 314 408
273 88 446
274 238 209
275 310 269
276 355 298
277 84 372
278 225 251
279 398 312
280 214 389
281 359 274
282 141 358
283 84 338
284 253 68
285 316 71
286 88 458
287 229 255
288 313 315
289 252 312
290 372 95
291 117 324
292 385 -13
293 151 174
294 248 75
295 161 331
296 136 58
297 433 260
298 370 182
299 53 475
300 311 182
301 209 22
302 178 181
303 316 -13
304 117 313
305 84 386
306 157 22
307 212 253
308 114 304
309 40 61
310 178 233
311 179 340
312 433 210
313 214 407
314 52 99
315 324 307
316 252 267
317 178 221
318 260 309
319 129 221
320 126 57
321 317 315
322 178 172
323 64 178
324 186 265
325 88 484
326 360 298
327 336 307
328 53 402
329 270 310
330 88 304
331 398 269
332 372 75
333 146 282
334 314 415
335 30 74
336 166 226
337 342 360
338 117 368
339 310 264
340 335 228
341 355 295
342 347 194
343 417 7
344 88 479
345 375 107
346 30 118
347 250 331
348 375 129
349 70 104
350 270 313
351 246 208
352 252 291
353 242 208
354 179 418
355 349 269
356 352 355
357 214 417
358 245 24
359 342 355
360 117 377
361 427 260
362 84 374
363 38 61
364 23 118
365 338 221
366 380 129
367 216 352
368 180 251
369 261 40
370 342 436
371 172 340
372 270 286
373 402 194
374 319 -13
375 105 125
376 53 484
377 187 113
378 84 389
379 335 204
380 156 191
381 246 205
382 260 290
383 210 340
384 388 96
385 268 239
386 260 328
387 129 218
388 126 52
389 394 269
390 129 279
391 246 179
392 417 71
393 261 59
394 248 255
395 166 132
396 348 286
397 128 52
398 107 104
399 212 255
400 156 182
401 166 158
402 178 231
403 160 358
404 386 87
405 280 286
406 181 340
407 201 251
408 397 269
409 151 159
410 172 300
411 159 282
412 292 343
413 261 26
414 178 170
415 424 260
416 151 125
417 166 191
418 352 274
419 252 328
420 335 75
421 415 312
422 105 113
423 126 324
424 29 304
425 166 270
426 292 362
427 145 358
428 49 213
429 335 230
430 409 96
431 312 182
432 78 104
433 210 352
434 270 362
435 367 312
436 376 92
437 44 237
438 292 241
439 261 45
440 342 435
441 209 24
442 417 75
443 261 55
444 248 362
445 93 304
446 349 273
447 205 163
448 433 194
449 185 163
450 49 206
451 146 418
452 216 380
453 429 260
454 200 352
455 295 248
456 241 340
457 292 248
458 84 324
459 64 130
460 335 186
461 122 221
462 375 182
463 405 260
464 52 92
465 292 408
466 49 237
467 335 206
468 156 50
469 166 274
470 322 75
471 192 50
472 64 205
473 52 96
474 172 311
475 115 104
476 211 255
477 216 361
478 126 58
479 405 87
480 149 104
481 122 264
482 261 57
483 88 481
484 405 269
485 38 75
486 56 304
487 151 58
488 212 68
489 261 24
490 357 -13
491 417 -13
492 59 100
493 407 96
494 376 87
495 261 34
496 59 195
497 128 23
498 423 96
499 360 308
500 248 238
501 256 331
502 166 151
503 214 418
504 178 246
505 238 208
506 310 248
507 248 186
508 386 96
509 117 358
510 305 315
511 53 467
512 122 282
513 375 157
514 23 73
515 396 273
516 318 -13
517 122 208
518 322 307
519 246 113
520 372 94
521 238 219
522 248 405
523 250 239
524 53 206
525 82 23
526 375 124
527 172 314
528 181 360
529 247 340
530 360 284
531 59 104
532 313 182
