1514
0 2158 305
1 1189 1407
2 345 779
3 1523 883
4 2350 568
5 1660 1635
6 1636 579
7 2020 1153
8 758 1941
9 187 1239
10 1131 2206
11 931 362
12 1565 53
13 183 631
14 1030 2516
15 2115 1119
16 522 309
17 84 1587
18 530 309
19 1899 2352
20 219 1239
21 967 1976
22 1377 402
23 1734 2178
24 281 1577
25 1008 362
26 2020 1160
27 1714 1189
28 264 1257
29 471 609
30 2189 1099
31 2267 1877
32 208 161
33 1364 477
34 686 1941
35 344 779
36 1052 2060
37 152 1790
38 446 1924
39 909 362
40 325 446
41 1773 751
42 1167 906
43 927 401
44 1009 12
45 154 492
46 2101 1178
47 1963 175
48 1179 1314
49 924 772
50 414 610
51 678 1086
52 468 2067
53 1227 121
54 880 561
55 1037 2060
56 1070 816
57 1791 1189
58 678 1017
59 1659 459
60 730 1166
61 1642 1062
62 83 1423
63 1069 479
64 1023 1973
65 261 1277
66 1736 751
67 2113 1119
68 1648 625
69 2103 1119
70 474 86
71 189 1078
72 2151 1119
73 1001 772
74 1286 1637
75 223 779
76 1403 1466
77 1166 805
78 368 1345
79 937 1514
80 2170 1963
81 799 2036
82 417 610
83 535 880
84 1208 185
85 1374 657
86 1224 2163
87 934 1176
88 680 2171
89 873 314
90 1636 467
91 966 1176
92 1171 86
93 123 837
94 198 1078
95 909 317
96 680 2201
97 783 1204
98 927 484
99 2106 1213
100 1636 474
101 849 314
102 274 1036
103 571 1941
104 1655 1521
105 1091 46
106 1705 2253
107 1775 1645
108 1172 1506
109 1009 33
110 58 489
111 1805 1191
112 214 161
113 680 2296
114 280 1192
115 1164 46
116 79 600
117 2090 1877
118 711 1166
119 533 1403
120 2350 338
121 664 2160
122 1223 676
123 253 1036
124 2101 1119
125 1230 53
126 2290 338
127 1070 855
128 472 1345
129 1933 1191
130 1432 2253
131 261 1242
132 152 631
133 380 1333
134 123 1008
135 700 1166
136 1734 2253
137 2188 1877
138 549 778
139 571 1976
140 571 2188
141 25 473
142 1121 2163
143 678 1103
144 865 2389
145 613 841
146 1160 479
147 61 919
148 242 1363
149 1189 1314
150 1779 1684
151 1253 906
152 683 932
153 1591 988
154 299 1577
155 158 631
156 992 362
157 1647 1070
158 1828 129
159 173 1781
160 2135 690
161 1409 53
162 2350 690
163 1648 642
164 1166 760
165 508 880
166 2027 1942
167 336 1943
168 321 1036
169 1775 1561
170 1631 1519
171 1364 435
172 521 1407
173 896 892
174 404 309
175 2173 1119
176 1352 490
177 1405 53
178 1454 791
179 1765 1191
180 468 2021
181 2143 1119
182 2158 292
183 1300 479
184 920 2516
185 899 1176
186 79 514
187 2350 414
188 278 539
189 2244 690
190 1119 844
191 2189 1119
192 1774 770
193 1908 2352
194 1239 937
195 1647 459
196 798 561
197 1171 185
198 1692 621
199 2179 1178
200 152 1887
201 2337 1877
202 281 1630
203 167 1587
204 468 1924
205 1357 53
206 588 1941
207 367 1943
208 1774 773
209 264 1355
210 2194 1178
211 1377 408
212 1367 616
213 327 145
214 1715 2253
215 1457 2253
216 316 1036
217 1359 1428
218 2164 737
219 2309 1751
220 771 -54
221 1127 479
222 305 539
223 2038 2009
224 2164 1751
225 713 784
226 1023 1945
227 1053 345
228 1364 548
229 1865 1191
230 2100 717
231 1685 1530
232 798 2127
233 213 1781
234 1070 807
235 580 880
236 1318 1014
237 2089 274
238 2147 1178
239 847 314
240 514 309
241 2170 1951
242 1776 1684
243 1648 580
244 2179 1385
245 1972 2352
246 281 1594
247 937 1535
248 153 1078
249 25 489
250 809 2060
251 2121 737
252 533 1373
253 1271 1428
254 1648 635
255 927 409
256 1463 806
257 678 1166
258 974 1994
259 123 1036
260 1403 1444
261 1591 1004
262 1336 469
263 861 561
264 1185 1540
265 1727 792
266 1364 561
267 896 949
268 220 1287
269 327 221
270 79 502
271 1586 2253
272 500 857
273 409 1924
274 772 2361
275 1121 2141
276 1727 769
277 1023 1981
278 1100 2119
279 1482 876
280 1726 459
281 1978 175
282 713 731
283 1286 1629
284 1486 947
285 1971 2352
286 1131 2266
287 123 836
288 312 470
289 888 1514
290 2350 470
291 927 487
292 1143 872
293 154 779
294 1812 2193
295 1692 550
296 1070 842
297 300 539
298 468 2200
299 265 1551
300 1617 97
301 1172 1355
302 2249 1197
303 287 779
304 203 779
305 977 1994
306 208 350
307 1847 130
308 1775 1530
309 2100 695
310 527 45
311 1403 589
312 83 1356
313 549 694
314 280 1193
315 2350 625
316 1084 2045
317 2179 1429
318 261 1359
319 1847 155
320 549 605
321 1125 479
322 1023 1960
323 1239 1014
324 1706 2253
325 2160 1303
326 1210 805
327 1105 803
328 2350 521
329 1978 184
330 303 1325
331 1375 818
332 270 1551
333 1706 1530
334 2179 1572
335 321 1080
336 2142 1877
337 418 830
338 110 754
339 1843 1189
340 886 1476
341 1068 2516
342 1617 84
343 824 356
344 1450 53
345 2312 690
346 1812 2135
347 1734 2141
348 331 1577
349 364 779
350 2091 1877
351 1143 844
352 678 1100
353 886 1503
354 195 492
355 195 547
356 894 -55
357 1663 1530
358 1229 937
359 824 363
360 987 -55
361 327 183
362 2350 394
363 83 1488
364 1523 942
365 280 1325
366 835 314
367 1205 2163
368 468 2000
369 2133 2005
370 225 1049
371 680 2316
372 888 561
373 1617 53
374 771 38
375 2 725
376 1826 129
377 1511 947
378 782 1166
379 325 470
380 533 1325
381 2038 2275
382 152 1827
383 901 1551
384 2189 873
385 325 610
386 2176 1303
387 762 1078
388 824 377
389 1416 605
390 280 1164
391 1661 1156
392 841 2361
393 1598 2253
394 471 607
395 366 830
396 2189 1061
397 1999 2352
398 549 715
399 824 401
400 571 2160
401 281 1620
402 1734 2094
403 325 472
404 1364 520
405 264 1349
406 396 309
407 678 1128
408 1897 175
409 2170 1303
410 1523 876
411 500 880
412 1479 1519
413 679 1057
414 1147 749
415 679 994
416 1223 737
417 195 631
418 2 919
419 967 1981
420 150 1239
421 1171 46
422 1686 1156
423 327 144
424 1131 2192
425 312 518
426 886 1434
427 2018 1942
428 1227 84
429 285 1325
430 1413 1569
431 327 248
432 704 38
433 1233 1540
434 2038 2014
435 1716 2253
436 2107 1751
437 1377 370
438 1416 947
439 73 1822
440 889 1078
441 1261 906
442 1087 2045
443 1352 521
444 1440 1553
445 1416 657
446 169 1913
447 525 605
448 613 831
449 906 401
450 1615 53
451 864 401
452 2230 1877
453 1812 2352
454 618 2057
455 474 245
456 595 2057
457 864 949
458 1655 1519
459 73 468
460 312 539
461 1023 1934
462 468 2077
463 746 949
464 1364 493
465 1223 602
466 618 2160
467 1172 1471
468 678 1023
469 1109 2141
470 164 779
471 73 1790
472 701 1166
473 176 1587
474 862 1423
475 827 2036
476 1070 825
477 1131 2458
478 896 805
479 79 591
480 500 858
481 889 1520
482 261 1363
483 966 1078
484 490 86
485 1727 768
486 717 1941
487 1305 906
488 2179 1624
489 1686 1104
490 1599 2253
491 152 1890
492 468 2194
493 82 1790
494 909 315
495 1636 535
496 2249 1195
497 1655 1530
498 2107 1657
499 1812 1191
500 264 1309
501 322 1551
502 1009 46
503 1595 53
504 325 556
505 185 1913
506 406 1924
507 2059 1178
508 1088 2192
509 1329 1014
510 966 1169
511 2363 1760
512 321 1069
513 264 1205
514 366 309
515 1104 2516
516 261 1238
517 1105 809
518 2189 988
519 894 1514
520 896 778
521 1172 1363
522 2 718
523 558 299
524 1375 837
525 571 1964
526 1227 143
527 1172 1540
528 220 1587
529 2107 1655
530 2236 690
531 2350 671
532 896 914
533 1087 2516
534 2123 1645
535 985 1994
536 2175 737
537 679 1038
538 824 350
539 406 1942
540 208 446
541 1375 834
542 1121 844
543 1433 947
544 536 880
545 1933 1189
546 678 1098
547 228 1913
548 195 573
549 1463 795
550 203 1913
551 1088 2045
552 1826 1191
553 914 561
554 558 309
555 1734 2130
556 947 -55
557 1223 775
558 1364 431
559 1631 1544
560 549 672
561 1286 1585
562 1257 2163
563 1734 2106
564 264 1218
565 1131 2238
566 472 1361
567 1659 1561
568 280 1913
569 1023 362
570 2179 1304
571 613 880
572 1636 487
573 1286 1576
574 1790 2094
575 2106 1278
576 1812 2150
577 113 1239
578 1734 2124
579 240 110
580 208 306
581 496 2200
582 1377 395
583 1105 782
584 1794 2044
585 506 86
586 249 1781
587 2106 1273
588 325 478
589 208 297
590 262 1781
591 225 1066
592 986 1934
593 937 1551
594 539 2200
595 700 1085
596 500 874
597 1020 46
598 1377 509
599 733 949
600 328 1577
601 966 1137
602 256 539
603 976 362
604 2239 338
605 687 1941
606 896 844
607 220 1250
608 1377 389
609 499 1325
610 2196 1178
611 411 1325
612 2337 690
613 571 2015
614 37 919
615 1367 772
616 1812 2044
617 1688 2253
618 2120 690
619 1377 414
620 1729 751
621 2128 1942
622 2158 332
623 1189 1428
624 698 932
625 700 1115
626 1239 953
627 2300 338
628 220 1341
629 753 605
630 1112 2192
631 208 503
632 1280 479
633 1407 953
634 1171 54
635 769 2036
636 1727 751
637 471 610
638 1523 923
639 915 1176
640 699 784
641 1100 2141
642 1223 726
643 804 2036
644 609 1941
645 225 1078
646 327 240
647 1585 1004
648 2 648
649 1399 1014
650 325 443
651 2073 2005
652 1486 887
653 2038 2270
654 1775 1613
655 118 1239
656 2189 813
657 1509 2253
658 1364 487
659 1542 2253
660 1352 561
661 325 567
662 1818 1189
663 1753 175
664 2151 1751
665 468 1946
666 2179 1645
667 1100 2131
668 2189 806
669 917 401
670 680 2160
671 891 -55
672 385 1345
673 1009 -55
674 325 560
675 310 1164
676 2325 1751
677 2026 274
678 2038 2062
679 79 577
680 500 860
681 876 1520
682 1742 1684
683 202 1078
684 327 296
685 758 2036
686 2112 1877
687 927 499
688 1812 2078
689 1081 937
690 783 561
691 1812 2189
692 864 1078
693 2108 690
694 700 932
695 678 1159
696 880 1520
697 468 2196
698 1352 469
699 486 830
700 231 1363
701 824 323
702 1377 435
703 2038 2049
704 2188 690
705 1223 805
706 678 1071
707 2038 2339
708 118 631
709 526 880
710 2179 1374
711 152 1891
712 1427 2253
713 1692 600
714 220 1304
715 2350 613
716 909 314
717 1479 1540
718 2307 338
719 2179 1587
720 331 1551
721 2106 1295
722 468 1975
723 1675 1156
724 2179 1334
725 533 1398
726 759 1078
727 468 2091
728 527 38
729 1686 1128
730 123 1006
731 679 1051
732 348 1943
733 474 214
734 678 993
735 966 1174
736 438 830
737 654 2160
738 321 1068
739 963 1078
740 976 -55
741 533 1407
742 865 2375
743 1647 1156
744 2090 1931
745 919 401
746 1086 2516
747 1617 88
748 2363 1854
749 236 779
750 280 1195
751 2058 1942
752 1052 2192
753 2308 338
754 1806 1191
755 2170 1987
756 882 -55
757 1779 1645
758 1742 1635
759 385 1333
760 2120 1197
761 264 1292
762 306 1359
763 2101 737
764 2212 338
765 805 2361
766 1636 459
767 1769 1530
768 2 710
769 406 1943
770 558 307
771 601 38
772 2106 1250
773 164 492
774 312 493
775 2189 747
776 2179 1325
777 1143 881
778 865 2385
779 1166 749
780 1403 605
781 812 949
782 1407 1001
783 549 678
784 1375 805
785 368 610
786 680 2281
787 615 880
788 692 2057
789 123 866
790 1378 772
791 2363 1782
792 312 500
793 366 811
794 2170 2005
795 1367 657
796 1223 774
797 1779 1659
798 602 2160
799 306 1345
800 284 1577
801 1486 916
802 247 1781
803 938 482
804 1474 1466
805 725 1078
806 1692 515
807 1105 788
808 1070 879
809 351 610
810 1367 577
811 82 1822
812 896 791
813 2038 2041
814 2161 1119
815 1812 2151
816 1659 1553
817 2109 1751
818 1131 2516
819 1371 1637
820 2348 1877
821 2301 690
822 2038 2032
823 2107 1741
824 1871 1189
825 1761 459
826 613 784
827 2018 1931
828 1364 453
829 1289 1637
830 967 1993
831 549 713
832 220 1252
833 510 309
834 753 570
835 421 610
836 559 2200
837 534 880
838 468 2031
839 1046 362
840 1443 1466
841 474 108
842 110 663
843 1010 362
844 938 479
845 665 880
846 1692 616
847 2038 2088
848 1417 1553
849 2249 1178
850 1344 2163
851 2179 1510
852 1070 937
853 1834 1189
854 1576 2253
855 480 1325
856 1070 792
857 1419 2163
858 2050 1119
859 1407 947
860 1244 906
861 2056 2005
862 832 2060
863 680 2227
864 1078 2045
865 533 1359
866 966 1120
867 1488 53
868 2 876
869 1239 952
870 765 561
871 771 -49
872 1686 1058
873 474 225
874 353 1325
875 995 1994
876 1319 1637
877 1180 185
878 1345 1428
879 2104 690
880 1239 960
881 678 880
882 862 1432
883 214 143
884 474 232
885 110 849
886 327 309
887 937 1531
888 208 382
889 862 1520
890 571 2021
891 886 1514
892 1135 749
893 1413 1553
894 681 1941
895 589 2160
896 967 1962
897 1409 605
898 1377 416
899 79 493
900 205 1239
901 1420 2253
902 158 1239
903 474 297
904 91 919
905 208 260
906 1647 1123
907 1082 937
908 1761 175
909 713 605
910 1686 1092
911 700 942
912 1053 473
913 1377 441
914 1692 587
915 578 1941
916 707 949
917 500 861
918 90 1790
919 1669 1530
920 1479 1553
921 110 867
922 1642 1058
923 110 722
924 2107 1645
925 634 2160
926 1840 1191
927 890 1078
928 527 64
929 474 197
930 1336 479
931 1861 2352
932 1642 1069
933 909 401
934 239 110
935 1172 1496
936 1796 1189
937 1131 2271
938 2106 1238
939 824 314
940 1375 849
941 1734 2164
942 1227 147
943 1812 2093
944 438 610
945 1489 947
946 2179 1603
947 896 902
948 380 610
949 1105 822
950 1287 1014
951 527 86
952 967 1934
953 1009 -13
954 2 757
955 571 1961
956 208 337
957 2106 1303
958 110 743
959 679 932
960 886 1481
961 2100 690
962 824 949
963 1105 815
964 1295 53
965 2213 1197
966 1009 -12
967 1781 515
968 895 561
969 1364 370
970 558 297
971 1171 104
972 1781 495
973 110 895
974 1522 876
975 678 1105
976 1234 53
977 1812 2210
978 1734 2239
979 1733 792
980 152 1913
981 1223 561
982 110 919
983 844 949
984 558 304
985 321 1164
986 749 2094
987 83 1479
988 325 504
989 2147 2005
990 2179 1577
991 25 468
992 927 479
993 1617 175
994 110 753
995 109 919
996 225 1036
997 261 1222
998 1712 1530
999 1190 2163
1000 1377 589
1001 316 1577
1002 909 349
1003 1623 2253
1004 1023 1994
1005 2179 1582
1006 1220 906
1007 1647 1069
1008 2189 739
1009 73 489
1010 862 1480
1011 882 314
1012 2350 687
1013 2158 279
1014 886 1176
1015 1053 392
1016 1434 1466
1017 927 561
1018 824 366
1019 1770 2094
1020 700 1153
1021 1035 2516
1022 1523 947
1023 493 1325
1024 886 1466
1025 264 1363
1026 2 910
1027 659 784
1028 615 784
1029 816 2036
1030 1283 561
1031 1454 784
1032 1367 561
1033 1037 2045
1034 261 1184
1035 1903 1189
1036 83 1556
1037 284 1164
1038 1046 345
1039 606 1941
1040 1070 772
1041 80 648
1042 1052 2094
1043 590 1941
1044 396 1345
1045 1052 2141
1046 474 189
1047 702 2057
1048 293 1164
1049 1454 795
1050 1117 2141
1051 1189 1352
1052 1734 2194
1053 1585 966
1054 1938 2352
1055 368 1333
1056 1857 1191
1057 909 321
1058 1301 1428
1059 2201 690
1060 886 1423
1061 678 1135
1062 448 309
1063 228 1363
1064 1149 2163
1065 967 1985
1066 500 2200
1067 700 1078
1068 927 533
1069 2104 2005
1070 1643 2253
1071 2339 1877
1072 678 1047
1073 494 309
1074 1978 274
1075 927 417
1076 700 1118
1077 1674 2253
1078 1352 542
1079 771 -55
1080 1692 608
1081 327 252
1082 152 1781
1083 79 623
1084 927 530
1085 2 692
1086 1714 1191
1087 208 539
1088 1847 175
1089 208 272
1090 2038 2242
1091 2158 338
1092 832 2036
1093 615 813
1094 769 38
1095 1375 887
1096 1457 795
1097 1486 882
1098 2189 818
1099 1441 2253
1100 2038 2098
1101 2350 591
1102 280 1266
1103 2038 2221
1104 1731 2253
1105 214 110
1106 1419 2235
1107 533 1360
1108 1762 1191
1109 700 1131
1110 1433 882
1111 1053 479
1112 816 1078
1113 967 1957
1114 309 779
1115 2 750
1116 79 492
1117 2058 1119
1118 83 1308
1119 1479 1484
1120 1172 1314
1121 1774 751
1122 282 779
1123 783 1188
1124 2106 1197
1125 1192 805
1126 1140 46
1127 1375 906
1128 865 2361
1129 205 1587
1130 227 1781
1131 2339 338
1132 2003 1942
1133 1734 2171
1134 312 443
1135 900 1520
1136 1808 129
1137 1116 46
1138 1100 2045
1139 152 1822
1140 527 67
1141 1377 433
1142 220 1283
1143 1286 1630
1144 1375 657
1145 909 319
1146 2363 1751
1147 1739 515
1148 865 2379
1149 700 1136
1150 1108 479
1151 922 1078
1152 1392 1428
1153 1468 1466
1154 474 205
1155 2130 1303
1156 1131 2270
1157 782 1188
1158 1687 459
1159 1655 1058
1160 2170 1983
1161 1287 1637
1162 1847 129
1163 264 1201
1164 1227 146
1165 1727 778
1166 1023 1958
1167 901 1520
1168 1631 1553
1169 2250 690
1170 1111 749
1171 1352 559
1172 2189 928
1173 485 830
1174 530 1325
1175 110 906
1176 54 919
1177 2020 1119
1178 865 2516
1179 110 740
1180 679 935
1181 2107 1651
1182 208 225
1183 886 1204
1184 123 1017
1185 1348 469
1186 472 1407
1187 680 2188
1188 748 2361
1189 1356 2163
1190 1706 175
1191 2133 274
1192 281 1659
1193 896 772
1194 1105 749
1195 2107 1699
1196 406 1941
1197 114 1239
1198 2350 636
1199 123 879
1200 909 1551
1201 110 775
1202 1933 2352
1203 831 2060
1204 1100 2064
1205 1227 185
1206 865 2391
1207 447 1924
1208 1474 882
1209 2160 1751
1210 549 723
1211 713 618
1212 1631 1548
1213 1676 1156
1214 146 1587
1215 316 1325
1216 2334 690
1217 1392 657
1218 870 949
1219 90 1822
1220 312 502
1221 366 809
1222 860 2361
1223 927 455
1224 1726 515
1225 508 605
1226 105 1587
1227 327 179
1228 679 1166
1229 571 2200
1230 1812 2249
1231 571 2057
1232 865 2401
1233 1463 874
1234 1812 2307
1235 2189 1021
1236 824 374
1237 2038 2164
1238 264 1228
1239 146 631
1240 678 1138
1241 1433 907
1242 690 932
1243 1585 972
1244 356 1345
1245 2363 1877
1246 123 779
1247 1781 459
1248 2179 1530
1249 678 1050
1250 533 1330
1251 1466 1466
1252 408 1924
1253 695 2057
1254 613 879
1255 220 1363
1256 2132 1303
1257 2342 1751
1258 739 38
1259 680 2247
1260 865 2474
1261 909 320
1262 1191 1428
1263 88 1822
1264 387 1943
1265 264 1353
1266 927 1176
1267 772 949
1268 2162 1119
1269 1752 459
1270 1475 1553
1271 691 1941
1272 546 605
1273 1333 1540
1274 493 1407
1275 753 561
1276 261 1289
1277 73 1808
1278 1808 175
1279 1364 531
1280 862 1452
1281 327 110
1282 1413 1572
1283 482 830
1284 503 297
1285 551 784
1286 1419 2165
1287 1643 175
1288 1416 630
1289 2170 1942
1290 319 1036
1291 123 798
1292 533 1357
1293 684 1941
1294 83 1587
1295 2189 824
1296 771 949
1297 2114 1303
1298 1721 175
1299 83 1239
1300 1352 518
1301 896 861
1302 239 1036
1303 1734 2180
1304 1403 1428
1305 79 631
1306 246 539
1307 1171 59
1308 927 538
1309 2116 737
1310 872 1423
1311 303 539
1312 1659 1588
1313 1143 906
1314 1808 157
1315 1774 792
1316 1775 1601
1317 493 297
1318 774 -55
1319 2189 898
1320 1131 2475
1321 1377 429
1322 1030 362
1323 2262 690
1324 1171 64
1325 1742 1673
1326 2003 1931
1327 2038 2005
1328 1677 1058
1329 1486 890
1330 468 2066
1331 1070 819
1332 896 811
1333 1869 1191
1334 1463 853
1335 689 932
1336 123 948
1337 1317 1637
1338 36 648
1339 1284 1540
1340 2 670
1341 2068 274
1342 2179 1476
1343 680 2361
1344 1367 805
1345 468 2073
1346 2302 1751
1347 327 227
1348 749 2127
1349 331 1554
1350 1121 2143
1351 123 826
1352 907 -55
1353 1585 955
1354 549 646
1355 220 1239
1356 2363 1836
1357 1790 2077
1358 1659 1635
1359 366 779
1360 680 2200
1361 1220 937
1362 1282 906
1363 1023 1976
1364 720 2361
1365 500 830
1366 1407 1014
1367 2015 1942
1368 324 1943
1369 713 734
1370 1105 844
1371 1119 749
1372 1429 1553
1373 2350 616
1374 857 561
1375 549 784
1376 1479 1466
1377 110 883
1378 153 1036
1379 936 2516
1380 2189 1041
1381 321 1064
1382 1367 654
1383 1121 2153
1384 927 482
1385 2106 1290
1386 678 1061
1387 155 1781
1388 469 610
1389 700 949
1390 1009 34
1391 349 1325
1392 110 907
1393 474 213
1394 1679 1058
1395 1364 373
1396 264 779
1397 288 779
1398 527 1325
1399 862 1493
1400 533 1404
1401 454 1345
1402 2038 2352
1403 1186 906
1404 1239 1012
1405 135 1822
1406 306 1363
1407 1338 561
1408 2 859
1409 142 1822
1410 1009 -22
1411 264 1233
1412 1100 2074
1413 1332 479
1414 264 1184
1415 1172 1536
1416 1692 642
1417 220 1551
1418 1270 1540
1419 280 1943
1420 261 1243
1421 1413 1637
1422 281 1658
1423 445 1345
1424 1189 1338
1425 680 2277
1426 321 1154
1427 83 1481
1428 123 878
1429 280 1316
1430 266 1781
1431 1223 778
1432 1671 1058
1433 1419 2253
1434 1239 561
1435 2158 274
1436 1585 984
1437 1312 1576
1438 83 1377
1439 1617 79
1440 679 1941
1441 1454 772
1442 2350 388
1443 472 1358
1444 2125 274
1445 571 1982
1446 2189 737
1447 1669 1156
1448 83 1471
1449 252 779
1450 1812 2243
1451 2164 2005
1452 2179 1303
1453 2350 685
1454 1192 2163
1455 1617 55
1456 1463 876
1457 1847 1189
1458 1519 53
1459 1790 2044
1460 615 874
1461 281 1781
1462 809 2127
1463 1647 1076
1464 2100 737
1465 2179 1308
1466 946 -55
1467 83 1790
1468 1189 1348
1469 1105 777
1470 1309 2163
1471 1333 1576
1472 1191 2163
1473 1636 483
1474 2218 1178
1475 288 1551
1476 471 605
1477 2192 1877
1478 110 648
1479 678 1139
1480 996 1994
1481 2038 2327
1482 613 869
1483 1052 2088
1484 1484 882
1485 1585 963
1486 1591 955
1487 2117 737
1488 2142 1645
1489 208 414
1490 79 515
1491 197 1913
1492 2178 1197
1493 2179 1533
1494 743 1166
1495 693 1941
1496 112 1822
1497 1286 906
1498 571 2054
1499 2063 1931
1500 967 1994
1501 1227 53
1502 1408 772
1503 2 817
1504 659 2160
1505 1636 580
1506 2091 1942
1507 2020 1178
1508 1857 1189
1509 749 2057
1510 1523 904
1511 1770 1191
1512 1808 169
1513 1648 606
