629
0 81 306
1 593 169
2 500 319
3 338 430
4 297 54
5 252 137
6 209 287
7 147 271
8 406 31
9 127 434
10 286 430
11 297 -30
12 205 142
13 99 42
14 124 425
15 295 376
16 325 248
17 236 453
18 353 459
19 83 220
20 558 389
21 406 -10
22 297 21
23 165 12
24 228 46
25 349 353
26 496 58
27 120 87
28 65 188
29 151 507
30 235 51
31 210 279
32 555 362
33 19 422
34 403 -35
35 428 7
36 12 454
37 524 275
38 86 325
39 245 137
40 286 401
41 313 244
42 162 280
43 344 394
44 70 165
45 227 382
46 558 396
47 233 304
48 165 53
49 71 305
50 236 496
51 254 199
52 428 -10
53 343 441
54 81 234
55 19 431
56 406 41
57 85 164
58 403 409
59 318 376
60 250 385
61 212 418
62 307 398
63 466 304
64 406 242
65 140 507
66 28 362
67 220 246
68 427 -10
69 119 259
70 435 44
71 349 365
72 458 424
73 593 275
74 372 396
75 131 461
76 146 271
77 251 431
78 223 271
79 89 204
80 477 149
81 198 279
82 236 540
83 220 185
84 81 260
85 226 497
86 477 169
87 122 291
88 450 244
89 275 376
90 477 439
91 500 275
92 545 362
93 226 453
94 263 385
95 124 471
96 441 44
97 71 254
98 205 178
99 124 461
100 558 169
101 17 362
102 162 287
103 209 320
104 122 320
105 344 389
106 343 471
107 212 414
108 248 388
109 120 4
110 501 362
111 28 475
112 337 398
113 360 398
114 418 242
115 196 456
116 471 214
117 219 240
118 220 226
119 119 271
120 593 269
121 318 365
122 209 296
123 454 114
124 200 396
125 308 376
126 121 325
127 205 133
128 344 396
129 585 275
130 463 293
131 101 87
132 387 335
133 168 280
134 152 507
135 122 287
136 93 279
137 464 218
138 235 42
139 200 429
140 143 280
141 408 409
142 100 291
143 341 235
144 124 441
145 286 416
146 481 58
147 17 382
148 470 304
149 168 287
150 35 351
151 429 424
152 591 169
153 196 437
154 71 296
155 556 169
156 464 209
157 471 275
158 343 432
159 131 259
160 107 296
161 197 89
162 343 430
163 172 93
164 149 209
165 372 398
166 432 242
167 539 474
168 406 24
169 200 279
170 477 147
171 251 245
172 343 482
173 110 12
174 76 164
175 125 -19
176 196 406
177 203 280
178 418 293
179 205 116
180 442 114
181 435 242
182 228 92
183 274 131
184 342 248
185 226 489
186 122 289
187 372 376
188 22 475
189 125 0
190 426 242
191 205 424
192 471 262
193 254 217
194 486 474
195 389 -35
196 17 401
197 210 280
198 244 137
199 138 220
200 233 263
201 124 421
202 353 469
203 442 244
204 212 408
205 248 390
206 122 296
207 120 -33
208 51 351
209 196 458
210 477 424
211 428 -5
212 233 341
213 406 -20
214 219 242
215 387 372
216 142 280
217 493 58
218 172 196
219 106 475
220 143 285
221 593 259
222 347 386
223 81 475
224 166 271
225 124 454
226 89 220
227 422 140
228 214 320
229 12 450
230 422 73
231 87 325
232 99 87
233 313 248
234 12 472
235 17 472
236 127 397
237 248 397
238 18 351
239 254 225
240 387 343
241 372 372
242 236 492
243 406 293
244 221 320
245 464 220
246 125 12
247 127 376
248 344 375
249 348 493
250 219 225
251 477 466
252 19 435
253 205 162
254 172 96
255 573 275
256 321 365
257 587 169
258 372 385
259 125 -8
260 203 271
261 219 189
262 313 235
263 226 540
264 127 164
265 71 268
266 -3 351
267 558 411
268 500 362
269 349 335
270 205 429
271 228 38
272 244 248
273 471 220
274 593 170
275 365 335
276 19 440
277 172 95
278 287 376
279 456 293
280 442 44
281 558 470
282 251 247
283 244 140
284 12 462
285 248 411
286 233 284
287 196 400
288 547 169
289 344 386
290 248 385
291 120 1
292 19 362
293 133 279
294 435 244
295 81 274
296 71 291
297 236 482
298 338 398
299 353 430
300 19 475
301 457 137
302 81 308
303 349 354
304 81 325
305 212 470
306 286 398
307 558 473
308 121 320
309 286 400
310 525 275
311 423 -10
312 136 12
313 150 12
314 156 87
315 134 287
316 386 372
317 471 244
318 233 305
319 342 235
320 226 472
321 205 95
322 263 136
323 235 19
324 254 198
325 422 147
326 150 209
327 81 235
328 415 293
329 143 287
330 422 117
331 347 388
332 263 400
333 209 300
334 205 403
335 299 430
336 171 271
337 165 68
338 124 446
339 244 184
340 114 280
341 132 507
342 277 67
343 558 428
344 99 63
345 228 76
346 81 268
347 135 279
348 453 293
349 219 205
350 548 474
351 157 271
352 205 396
353 474 58
354 438 44
355 412 424
356 428 18
357 353 485
358 174 474
359 455 147
360 504 44
361 165 87
362 199 279
363 393 429
364 277 54
365 220 214
366 535 169
367 277 137
368 485 58
369 393 409
370 81 305
371 196 448
372 501 275
373 127 454
374 172 89
375 174 507
376 372 -35
377 125 87
378 44 305
379 65 220
380 233 248
381 446 44
382 212 439
383 219 180
384 138 209
385 466 293
386 162 286
387 38 351
388 132 503
389 338 235
390 227 376
391 340 365
392 254 431
393 244 193
394 394 409
395 460 293
396 233 336
397 344 365
398 150 220
399 593 187
400 143 272
401 488 474
402 486 304
403 347 385
404 228 19
405 47 291
406 174 484
407 504 58
408 202 280
409 113 280
410 233 267
411 353 489
412 426 58
413 422 44
414 343 493
415 71 282
416 172 140
417 503 169
418 179 271
419 498 304
420 81 291
421 226 470
422 93 280
423 254 196
424 17 398
425 127 383
426 219 246
427 309 376
428 205 165
429 127 204
430 235 65
431 47 296
432 134 12
433 125 -5
434 162 272
435 175 461
436 226 382
437 196 430
438 127 187
439 101 279
440 220 217
441 263 131
442 172 161
443 364 430
444 155 271
445 81 318
446 349 364
447 17 409
448 71 234
449 406 -35
450 19 439
451 174 502
452 212 460
453 222 271
454 223 270
455 89 211
456 235 92
457 175 458
458 248 196
459 248 408
460 165 85
461 353 477
462 99 12
463 233 289
464 129 279
465 236 487
466 221 341
467 464 215
468 12 440
469 244 196
470 349 357
471 218 470
472 132 461
473 297 -35
474 246 196
475 558 474
476 406 18
477 174 483
478 442 141
479 251 225
480 251 376
481 47 360
482 127 183
483 530 169
484 432 58
485 181 280
486 124 376
487 457 141
488 81 296
489 104 87
490 471 209
491 180 259
492 17 395
493 509 362
494 457 114
495 71 246
496 450 293
497 477 474
498 51 360
499 428 2
500 558 362
501 286 404
502 162 279
503 244 189
504 483 169
505 120 12
506 236 469
507 71 276
508 124 -33
509 212 396
510 179 196
511 406 286
512 546 474
513 422 105
514 17 422
515 372 384
516 212 455
517 494 58
518 286 415
519 477 461
520 127 429
521 223 259
522 477 153
523 353 480
524 327 235
525 220 189
526 128 461
527 153 507
528 190 287
529 51 291
530 274 137
531 220 219
532 443 424
533 -3 305
534 297 46
535 65 165
536 220 239
537 124 475
538 385 -35
539 558 372
540 477 454
541 263 419
542 244 376
543 76 165
544 251 234
545 220 180
546 256 137
547 593 240
548 219 169
549 305 430
550 332 398
551 205 196
552 19 472
553 457 138
554 491 58
555 236 511
556 285 376
557 349 355
558 263 386
559 150 217
560 143 279
561 561 169
562 347 396
563 51 357
564 558 450
565 369 430
566 502 362
567 226 529
568 422 41
569 101 164
570 125 -33
571 220 169
572 141 209
573 347 382
574 184 279
575 558 398
576 263 137
577 406 291
578 344 369
579 274 376
580 330 365
581 165 17
582 292 398
583 65 169
584 175 474
585 12 451
586 315 -35
587 382 335
588 263 431
589 251 248
590 353 493
591 89 475
592 179 89
593 500 326
594 393 421
595 422 58
596 205 127
597 571 169
598 104 291
599 297 1
600 205 89
601 28 360
602 347 365
603 131 287
604 132 280
605 235 47
606 457 121
607 500 304
608 482 474
609 201 429
610 544 474
611 226 447
612 248 431
613 477 459
614 100 87
615 196 396
616 127 437
617 277 77
618 133 259
619 228 74
620 408 424
621 393 430
622 422 61
623 558 408
624 228 80
625 353 434
626 484 58
627 387 351
628 477 441
