386
0 38 275
1 163 111
2 72 360
3 190 127
4 86 360
5 227 316
6 181 294
7 309 204
8 213 77
9 22 117
10 318 131
11 104 267
12 22 111
13 94 54
14 335 296
15 331 143
16 152 105
17 226 42
18 218 127
19 25 91
20 274 43
21 342 173
22 6 287
23 236 294
24 298 233
25 246 291
26 251 64
27 40 117
28 349 149
29 160 300
30 115 153
31 15 178
32 358 271
33 309 173
34 282 65
35 41 136
36 309 222
37 99 294
38 94 30
39 347 290
40 263 204
41 215 316
42 94 74
43 287 149
44 337 232
45 190 129
46 144 316
47 226 22
48 298 284
49 135 105
50 106 98
51 95 360
52 56 294
53 85 30
54 331 178
55 132 340
56 99 283
57 190 166
58 51 136
59 309 149
60 310 13
61 152 336
62 94 87
63 148 97
64 208 316
65 77 360
66 225 42
67 16 238
68 72 283
69 154 102
70 381 271
71 93 156
72 135 102
73 293 173
74 3 178
75 106 119
76 274 65
77 201 77
78 333 131
79 333 296
80 282 291
81 269 165
82 348 131
83 16 310
84 41 30
85 285 217
86 338 149
87 246 65
88 331 211
89 298 296
90 132 316
91 263 64
92 167 149
93 269 153
94 241 22
95 282 173
96 292 240
97 152 324
98 42 117
99 25 34
100 217 112
101 136 216
102 347 270
103 153 33
104 41 -15
105 270 54
106 6 302
107 160 19
108 51 133
109 331 149
110 115 96
111 34 305
112 350 149
113 217 121
114 64 364
115 163 112
116 115 55
117 282 149
118 242 162
119 270 57
120 106 175
121 368 276
122 332 296
123 43 208
124 292 230
125 45 302
126 182 112
127 321 222
128 347 284
129 158 102
130 16 305
131 292 285
132 72 364
133 346 232
134 347 296
135 269 158
136 16 178
137 331 173
138 224 316
139 168 33
140 153 97
141 309 134
142 187 168
143 154 111
144 274 13
145 25 95
146 99 293
147 246 121
148 338 173
149 269 151
150 16 349
151 232 127
152 72 293
153 360 276
154 148 316
155 38 283
156 360 143
157 93 160
158 282 325
159 320 232
160 356 161
161 83 136
162 364 161
163 25 305
164 190 163
165 187 166
166 219 42
167 16 256
168 251 325
169 347 232
170 309 178
171 145 97
172 135 101
173 132 300
174 54 95
175 6 295
176 161 55
177 342 143
178 132 336
179 28 117
180 295 240
181 243 131
182 257 60
183 5 136
184 72 287
185 339 173
186 350 164
187 270 28
188 360 131
189 331 222
190 6 286
191 72 133
192 298 232
193 274 325
194 310 50
195 158 111
196 121 216
197 195 127
198 40 283
199 109 267
200 83 133
201 310 19
202 219 49
203 364 164
204 86 146
205 43 230
206 269 192
207 16 208
208 98 294
209 201 55
210 310 65
211 307 65
212 177 316
213 213 316
214 84 30
215 270 58
216 246 316
217 215 77
218 16 364
219 94 76
220 173 151
221 184 294
222 37 305
223 45 305
224 297 240
225 309 176
226 201 56
227 98 283
228 16 318
229 315 296
230 132 308
231 263 217
232 242 146
233 17 208
234 172 149
235 269 204
236 156 149
237 106 87
238 246 64
239 94 175
240 329 131
241 71 133
242 132 345
243 6 310
244 286 13
245 211 316
246 72 290
247 32 111
248 298 240
249 269 124
250 357 271
251 153 22
252 350 173
253 16 300
254 106 94
255 136 215
256 347 271
257 149 336
258 109 265
259 65 95
260 1 136
261 184 289
262 138 55
263 115 97
264 152 330
265 1 162
266 94 119
267 161 111
268 226 23
269 28 136
270 263 60
271 298 285
272 270 22
273 277 217
274 152 316
275 168 19
276 71 30
277 173 149
278 148 336
279 381 276
280 152 101
281 282 319
282 350 159
283 71 -15
284 199 55
285 246 85
286 350 161
287 292 284
288 226 316
289 121 210
290 41 -4
291 246 97
292 318 134
293 217 49
294 1 154
295 173 168
296 140 55
297 25 54
298 115 149
299 154 110
300 153 19
301 176 168
302 80 119
303 41 29
304 136 210
305 177 300
306 144 336
307 93 168
308 71 12
309 311 232
310 246 294
311 311 134
312 38 256
313 217 77
314 165 149
315 242 127
316 60 294
317 25 30
318 65 119
319 132 360
320 36 136
321 253 64
322 309 137
323 86 136
324 292 291
325 65 105
326 38 239
327 243 124
328 115 175
329 284 65
330 41 -7
331 115 92
332 16 330
333 201 73
334 173 112
335 104 265
336 99 284
337 132 216
338 296 173
339 243 166
340 38 230
341 347 238
342 221 42
343 246 325
344 135 210
345 308 296
346 46 136
347 212 112
348 181 289
349 94 168
350 6 238
351 6 307
352 270 43
353 359 161
354 1 178
355 45 294
356 310 61
357 183 289
358 165 55
359 93 146
360 347 276
361 238 127
362 163 97
363 274 36
364 105 119
365 360 137
366 236 291
367 301 173
368 246 292
369 72 294
370 205 127
371 128 149
372 292 217
373 163 102
374 269 181
375 242 166
376 233 127
377 65 117
378 364 162
379 1 140
380 173 152
381 257 58
382 65 111
383 190 138
384 243 163
385 299 149
