3180
0 610 6291
1 5410 1180
2 4402 4493
3 3355 3411
4 788 6090
5 4957 1260
6 4727 250
7 2475 2744
8 6526 2425
9 4020 731
10 1759 5569
11 4163 2223
12 1974 1954
13 1171 925
14 1680 3144
15 780 6137
16 6505 1833
17 2006 1956
18 1320 4968
19 1740 624
20 2038 6623
21 6112 5474
22 5106 4448
23 4844 852
24 4209 1066
25 1528 5348
26 5205 6212
27 4513 189
28 3895 731
29 1621 4434
30 5400 1130
31 6702 3894
32 1623 5113
33 1354 6187
34 2477 708
35 1360 5569
36 5646 652
37 6515 4034
38 835 4009
39 5371 1130
40 5205 6507
41 5825 5536
42 2055 1954
43 6002 6602
44 1459 1576
45 4954 6049
46 5501 6579
47 6682 5494
48 3302 4386
49 1250 5731
50 1379 4486
51 5343 5881
52 1225 2789
53 11 2162
54 1354 6556
55 5962 738
56 948 4215
57 2038 2105
58 2477 887
59 1030 629
60 5410 2745
61 6279 1833
62 6036 2106
63 3727 2644
64 2001 6623
65 3166 4767
66 6613 144
67 4844 842
68 4537 4648
69 417 5216
70 5936 1959
71 1206 990
72 237 5910
73 889 2635
74 3363 5593
75 3277 3159
76 100 5138
77 2306 2142
78 2164 3905
79 780 6291
80 3729 2868
81 2226 999
82 1256 4722
83 584 4495
84 2990 1931
85 5559 3112
86 4316 4227
87 6893 144
88 2426 586
89 1537 1066
90 5287 6507
91 917 -20
92 886 6556
93 1662 4551
94 1225 2540
95 6722 5104
96 5322 3144
97 1169 6556
98 5640 6507
99 3385 56
100 2000 1954
101 3347 2062
102 438 6291
103 3556 506
104 1030 793
105 2602 5914
106 4791 7180
107 4266 4384
108 1135 2885
109 4879 5612
110 1520 624
111 1030 168
112 5656 3367
113 2275 586
114 5323 1315
115 2468 3899
116 549 4525
117 5905 5474
118 4338 669
119 1256 4915
120 889 2734
121 3907 6729
122 5587 1174
123 2034 6623
124 187 67
125 6395 3766
126 858 5458
127 6134 1588
128 3020 3535
129 2838 2295
130 2020 228
131 1787 3795
132 4791 6697
133 3348 6186
134 5393 2837
135 3238 3451
136 1489 6587
137 6184 4208
138 4012 6729
139 2334 4141
140 5825 5474
141 5934 6239
142 1762 3337
143 6002 6361
144 1256 4704
145 2560 2744
146 5531 1875
147 5328 4444
148 -286 1559
149 1240 428
150 2853 5915
151 30 3033
152 2226 1035
153 6195 1094
154 6362 823
155 3061 2273
156 -20 5895
157 1135 2527
158 -184 5287
159 3508 2696
160 4664 1174
161 4190 524
162 1528 5096
163 5031 3136
164 1441 3865
165 1546 624
166 2164 3934
167 -133 135
168 4298 4227
169 1624 1278
170 6002 6550
171 4477 829
172 6002 6892
173 1379 4918
174 2774 4847
175 3025 3065
176 5220 1315
177 6232 5419
178 4091 6729
179 1935 1774
180 1558 1184
181 4732 7180
182 2477 4256
183 5653 1806
184 3166 4300
185 -35 2162
186 4791 6719
187 4791 7146
188 2477 963
189 169 5084
190 5140 3004
191 758 3719
192 2471 586
193 5570 5474
194 3727 2707
195 948 4495
196 -20 5660
197 6090 4393
198 5646 715
199 3328 2113
200 788 6359
201 231 67
202 6895 3156
203 621 4495
204 -299 994
205 4477 822
206 6791 2239
207 5023 3712
208 1459 1554
209 4206 1168
210 1707 1086
211 5711 5474
212 1354 6037
213 1240 216
214 5194 4311
215 4727 269
216 6143 1055
217 5313 7135
218 1149 6556
219 2477 642
220 838 4092
221 5532 1180
222 2373 3000
223 908 2520
224 5883 1869
225 3402 4216
226 401 1571
227 417 4967
228 3009 1802
229 6795 2585
230 6453 5048
231 5796 1640
232 6397 3497
233 2906 867
234 4368 189
235 2616 921
236 835 3455
237 5957 1588
238 5901 738
239 908 2619
240 1030 683
241 2032 5096
242 2534 2998
243 -184 5605
244 3508 2638
245 1354 6243
246 5934 6135
247 3009 1795
248 529 3143
249 5878 3386
250 5328 4311
251 6598 2142
252 6895 3356
253 272 1654
254 1560 5122
255 2062 1699
256 3406 2403
257 1662 4589
258 1569 5428
259 6895 3213
260 4537 4703
261 1236 216
262 1090 6613
263 1649 1184
264 4136 234
265 5844 715
266 938 -20
267 2641 7042
268 908 2610
269 5488 1875
270 6228 4657
271 30 5895
272 3277 3319
273 228 3977
274 908 2945
275 889 2795
276 6214 1094
277 520 4856
278 5772 3188
279 2985 7042
280 -299 1559
281 986 5731
282 1227 5731
283 3482 6724
284 1929 6623
285 6184 4038
286 5520 1875
287 -299 1075
288 5393 2898
289 1240 -141
290 5348 1180
291 30 2895
292 4990 6432
293 5602 2933
294 6058 3756
295 3503 2781
296 2825 2526
297 862 3007
298 1090 7065
299 6488 1343
300 3195 1792
301 3172 6186
302 4318 7180
303 5411 943
304 6489 144
305 6058 3647
306 6228 4664
307 5794 3199
308 3301 4198
309 3902 279
310 3482 6620
311 6488 1454
312 1577 4875
313 2477 638
314 858 5520
315 6002 6667
316 1850 3769
317 837 67
318 2510 4118
319 908 2754
320 1410 624
321 6516 144
322 2575 4120
323 4275 4777
324 1650 4665
325 2797 2273
326 5410 3231
327 2041 3845
328 4844 685
329 1800 3424
330 1489 6323
331 803 3007
332 4338 829
333 788 6556
334 467 3353
335 5180 4494
336 169 5008
337 2443 3604
338 2442 3604
339 1590 4875
340 5559 3046
341 6539 2585
342 4658 2411
343 4245 4589
344 1587 1086
345 -20 5864
346 5953 738
347 5952 2106
348 4419 2154
349 5411 852
350 -20 5605
351 2181 2105
352 3473 56
353 4647 2411
354 1489 6171
355 5336 7135
356 1537 1274
357 1935 1699
358 1814 -156
359 3656 2471
360 1489 6042
361 1206 1468
362 2534 2928
363 4874 357
364 3313 6186
365 1707 1184
366 5353 1130
367 5242 1086
368 2774 4914
369 1030 216
370 6272 3497
371 2034 5096
372 -100 2541
373 6184 3628
374 2037 886
375 2468 4112
376 4630 967
377 835 3590
378 5501 7129
379 3556 159
380 5865 993
381 558 3719
382 2572 2355
383 5874 3386
384 6895 2794
385 4658 2333
386 2472 2355
387 1560 5261
388 1467 3435
389 5384 1180
390 3302 4502
391 3050 1792
392 4252 7180
393 6453 4743
394 3238 3514
395 1030 654
396 6722 5383
397 2037 974
398 3406 2073
399 2492 4118
400 155 3143
401 2685 921
402 5197 852
403 1544 4486
404 2468 3937
405 5844 528
406 4338 727
407 6482 823
408 3720 2787
409 5080 5331
410 157 2162
411 5586 1174
412 -95 5273
413 1459 1166
414 5292 357
415 4792 6745
416 6065 3608
417 835 3401
418 3481 2554
419 908 2686
420 1225 2801
421 1030 758
422 6767 144
423 -299 1293
424 6651 3766
425 2273 2495
426 3294 506
427 6312 3766
428 3556 431
429 6895 2997
430 6358 3497
431 549 4495
432 6228 4700
433 4278 615
434 6201 5474
435 228 3924
436 6223 4657
437 6118 4393
438 5439 5448
439 1544 4493
440 3506 6553
441 3302 4774
442 1090 6815
443 6568 823
444 2226 665
445 1537 1229
446 4833 6870
447 3758 56
448 6791 2386
449 2287 3705
450 2575 4220
451 3911 159
452 1540 5091
453 2716 5914
454 6331 1833
455 4792 6752
456 3758 2519
457 4091 6774
458 2118 3845
459 6143 1094
460 5296 7056
461 2226 6722
462 3727 2723
463 6526 1833
464 2317 1861
465 1901 1776
466 4990 6870
467 4206 1083
468 1256 4638
469 4988 6870
470 1441 3795
471 5065 4683
472 1380 5785
473 1354 6177
474 5205 6187
475 194 5273
476 414 6291
477 3195 1829
478 4938 6870
479 -299 818
480 5064 357
481 3692 2787
482 1354 5731
483 5806 1867
484 2906 626
485 5323 1267
486 4402 4569
487 4540 189
488 3166 4436
489 5322 3277
490 3041 506
491 1617 5569
492 2062 1882
493 803 3059
494 6453 5104
495 5646 565
496 4727 428
497 2411 3000
498 1528 5419
499 900 2452
500 2303 1699
501 4844 648
502 5865 980
503 5292 347
504 6149 144
505 467 3719
506 2020 -156
507 4727 349
508 3061 7042
509 1528 5349
510 5874 3367
511 616 6291
512 5495 5856
513 3275 56
514 4792 6870
515 1850 3597
516 560 6291
517 5371 1315
518 6265 1833
519 1650 5280
520 2020 39
521 6364 144
522 2477 707
523 3025 2781
524 2906 637
525 3277 3451
526 2226 2298
527 85 2633
528 1030 514
529 5791 6360
530 2226 7007
531 4658 2152
532 3727 2638
533 2526 2770
534 6117 1053
535 3482 6837
536 85 2618
537 900 2451
538 6895 2713
539 4658 2299
540 2253 2298
541 6391 3497
542 5057 4527
543 1528 5356
544 5296 6777
545 1030 812
546 2306 2116
547 1843 1035
548 -299 851
549 1090 7110
550 1797 1035
551 780 5913
552 6036 1833
553 1489 5785
554 2317 1736
555 1225 3192
556 5587 1163
557 4630 1174
558 2357 2273
559 1367 6037
560 4200 189
561 1465 5569
562 6526 2035
563 1459 1258
564 1652 624
565 2534 2830
566 2068 762
567 5772 2914
568 5060 4448
569 5205 6229
570 4061 6729
571 4933 1260
572 1544 4821
573 2043 6566
574 4321 2223
575 467 3257
576 2465 4256
577 3232 2231
578 2007 -156
579 2305 3000
580 6674 5494
581 4647 2362
582 5878 3707
583 5411 1130
584 6210 4567
585 2038 2692
586 30 2943
587 3328 2180
588 4537 4554
589 1135 2775
590 227 67
591 1537 1114
592 908 2585
593 1135 6556
594 6895 2588
595 2379 2273
596 988 2945
597 1262 4602
598 3248 4889
599 3302 4524
600 4649 4448
601 2636 6106
602 2120 3604
603 5755 3367
604 5023 3732
605 3232 2109
606 6809 823
607 1671 5428
608 3476 506
609 2904 4925
610 5878 3447
611 6985 309
612 5064 127
613 2745 6055
614 2468 3661
615 1704 1278
616 237 5895
617 621 3719
618 3366 3320
619 889 2644
620 3357 4247
621 1528 5121
622 5637 2908
623 6479 6853
624 1922 -156
625 3481 6889
626 5934 6236
627 1759 5670
628 1762 3334
629 734 4495
630 2906 686
631 2043 6580
632 6453 4854
633 172 3143
634 6384 4034
635 6722 5492
636 1574 5091
637 2853 5914
638 1489 5772
639 1793 3934
640 2857 921
641 5742 214
642 1177 42
643 417 5273
644 3025 2951
645 3594 2471
646 6755 823
647 6711 5494
648 6189 144
649 5117 4448
650 2261 3934
651 2513 2744
652 1030 450
653 1731 3325
654 5944 3766
655 5202 5388
656 3789 6553
657 5410 3144
658 6798 2585
659 549 4557
660 6199 823
661 788 6141
662 835 4092
663 4402 4777
664 1030 598
665 2287 3643
666 3302 4836
667 4724 524
668 1827 3424
669 1114 5731
670 6133 5474
671 6104 6927
672 4363 189
673 1291 1600
674 2857 4925
675 3256 56
676 4020 6729
677 3688 2471
678 2254 7042
679 649 3225
680 1354 6441
681 2511 3148
682 6032 6118
683 2303 4422
684 2564 6076
685 3430 2471
686 4481 2252
687 1378 4434
688 1206 955
689 2468 3699
690 2279 2744
691 -154 1559
692 4844 625
693 1127 42
694 2302 2116
695 5536 5448
696 1960 3845
697 5742 369
698 1135 6838
699 6061 4461
700 2713 2527
701 2713 2578
702 1544 4875
703 3188 2273
704 6298 4034
705 1630 3435
706 908 2916
707 5035 852
708 3556 246
709 414 5273
710 363 5273
711 2526 2744
712 2906 921
713 3610 56
714 1171 828
715 430 6291
716 2464 586
717 788 6248
718 3143 4843
719 5569 6507
720 5825 5492
721 4918 852
722 5152 4406
723 549 4713
724 5844 451
725 2766 2526
726 4126 4227
727 4968 6870
728 6453 4801
729 4727 189
730 1225 2819
731 1482 624
732 3498 6553
733 1479 -141
734 4625 899
735 1459 1517
736 3171 2781
737 3696 6553
738 1225 3052
739 5587 1205
740 4419 2223
741 2074 3604
742 1560 5180
743 5936 2019
744 5067 41
745 3758 2471
746 3245 2277
747 5871 1053
748 2020 153
749 3389 6157
750 2164 3845
751 3205 4118
752 1850 2796
753 2959 506
754 5918 3707
755 1640 5113
756 4990 6049
757 3166 4174
758 6895 3316
759 2226 6661
760 1391 6037
761 1206 1267
762 773 4495
763 6242 3010
764 3556 277
765 3166 4484
766 3238 4145
767 364 1559
768 6617 3766
769 780 5930
770 5587 1229
771 417 4991
772 5323 1200
773 3188 2295
774 5902 3690
775 5772 3021
776 3257 4198
777 5660 5814
778 6272 3239
779 2564 5914
780 5348 1174
781 1850 3562
782 6488 1588
783 3355 3451
784 3899 56
785 4838 5770
786 3482 6563
787 1135 6748
788 2037 1001
789 6085 6927
790 2436 2744
791 4507 2152
792 5410 2703
793 5057 4683
794 822 3007
795 3772 2744
796 1384 5785
797 5179 4311
798 2561 2744
799 1428 6037
800 1090 6817
801 4990 6763
802 6244 823
803 5080 5421
804 948 4430
805 2226 586
806 4251 4384
807 2040 5096
808 6184 4353
809 100 5188
810 3302 4697
811 3366 3094
812 6702 3854
813 5501 6884
814 1680 3288
815 741 3293
816 6115 6927
817 3692 2868
818 4771 1260
819 4163 2252
820 4413 3847
821 1901 1699
822 4990 6222
823 5841 5757
824 5242 893
825 3334 159
826 5883 1875
827 6306 823
828 6985 490
829 6985 624
830 3186 6889
831 3594 2554
832 2287 3684
833 2519 2273
834 4997 3708
835 4338 683
836 3556 234
837 6895 2934
838 4428 2252
839 191 3788
840 5532 852
841 6722 5196
842 1354 6070
843 169 4896
844 5461 1876
845 4419 2157
846 1030 299
847 6736 3497
848 549 4621
849 2526 2998
850 3302 4643
851 3902 287
852 4954 5770
853 100 5087
854 2120 1699
855 456 4856
856 2213 3658
857 6453 5019
858 788 6453
859 5501 7135
860 1171 1553
861 6154 1094
862 1065 6556
863 1576 -141
864 2273 2355
865 1887 2967
866 3302 4365
867 6391 1094
868 2937 2295
869 5205 6318
870 955 -20
871 467 3214
872 4473 7180
873 2964 1931
874 1632 5670
875 1354 6197
876 4727 233
877 401 1654
878 6279 5494
879 6002 6827
880 5536 5474
881 4792 6826
882 5782 5474
883 2253 1699
884 2822 2273
885 1749 2967
886 2038 2298
887 417 4891
888 3277 3367
889 467 3513
890 5936 2106
891 5893 3766
892 6985 357
893 5393 2884
894 2040 5161
895 5695 715
896 1850 3470
897 1707 1035
898 169 4993
899 649 4495
900 3360 2062
901 5205 6327
902 1090 7139
903 1379 4605
904 5841 5485
905 1225 2904
906 169 5235
907 6895 2650
908 6091 144
909 -299 1524
910 5152 4448
911 549 4671
912 2066 2105
913 2317 1699
914 4620 4448
915 5205 6494
916 780 6085
917 6272 3307
918 5393 2732
919 3302 4780
920 1537 1227
921 2960 4843
922 6895 2701
923 3195 1985
924 2735 921
925 5934 6340
926 3482 6856
927 2909 5914
928 6192 4461
929 3453 506
930 1850 3704
931 4254 7180
932 6177 823
933 298 3143
934 1908 3431
935 4301 829
936 6702 3808
937 5957 1851
938 2032 5176
939 944 5458
940 6272 3415
941 3470 2781
942 5205 6344
943 6479 6762
944 1900 6623
945 5072 4448
946 3348 6153
947 2825 2449
948 6210 4652
949 4630 1149
950 6702 4034
951 1489 6500
952 5205 6329
953 3389 6204
954 4477 660
955 14 2162
956 6453 4744
957 788 6176
958 2020 57
959 3695 2471
960 6260 6927
961 5841 5714
962 5587 936
963 3277 3212
964 908 2900
965 4572 2257
966 5501 7026
967 4402 4566
968 1908 3485
969 6645 2142
970 1256 4968
971 5957 1658
972 5730 5474
973 4537 4636
974 4190 559
975 889 3007
976 341 1654
977 -299 841
978 6500 3766
979 4443 613
980 6371 144
981 5501 6511
982 3721 6553
983 2957 4843
984 6423 3766
985 2173 1012
986 3864 667
987 6567 2585
988 2503 953
989 4139 2252
990 5587 1138
991 2037 762
992 2171 6389
993 5969 1053
994 1231 5633
995 6346 6927
996 4762 1355
997 5487 3367
998 1135 7122
999 2038 1958
1000 100 5141
1001 2754 2425
1002 3195 1861
1003 -133 657
1004 978 5458
1005 788 6309
1006 85 2641
1007 4476 3852
1008 1030 79
1009 6272 3388
1010 -164 5605
1011 6188 6927
1012 2062 1829
1013 191 3315
1014 2334 4066
1015 1370 4968
1016 4245 4676
1017 3271 159
1018 2520 7042
1019 4792 6774
1020 5343 5856
1021 1828 3424
1022 4352 4384
1023 1206 1306
1024 5587 974
1025 1865 3888
1026 5323 1177
1027 549 4514
1028 1528 6623
1029 1850 3727
1030 5841 5701
1031 4091 6967
1032 5841 5587
1033 4402 4547
1034 900 2632
1035 3060 2273
1036 3232 2087
1037 2357 2281
1038 2492 7042
1039 1335 3221
1040 1171 1600
1041 3885 6729
1042 -299 1267
1043 1759 5340
1044 2825 2445
1045 1730 5670
1046 2000 1956
1047 1262 4603
1048 6825 144
1049 5064 200
1050 3387 159
1051 1995 2796
1052 5537 852
1053 1889 6623
1054 3508 2669
1055 1650 4589
1056 1959 2796
1057 1815 3435
1058 1850 3734
1059 -161 5605
1060 1171 955
1061 2495 2295
1062 72 5895
1063 6232 5471
1064 1662 4556
1065 4402 4685
1066 388 3977
1067 1354 6436
1068 4245 4540
1069 4625 1035
1070 2745 6054
1071 1090 6644
1072 5844 682
1073 1528 5091
1074 1441 3401
1075 1030 790
1076 1719 5569
1077 100 5122
1078 3548 6553
1079 -249 1559
1080 329 3143
1081 5242 852
1082 5646 357
1083 6453 4853
1084 3623 2471
1085 5957 1718
1086 900 2622
1087 2038 2338
1088 6666 2585
1089 5374 1174
1090 6091 823
1091 1708 6623
1092 5502 3231
1093 6526 2021
1094 2043 6623
1095 4646 524
1096 2173 762
1097 191 3455
1098 3277 3136
1099 6488 1374
1100 649 3296
1101 1680 3206
1102 5641 1876
1103 1823 393
1104 5739 5474
1105 434 3214
1106 1379 4779
1107 601 3719
1108 5328 4437
1109 3247 2277
1110 3430 2517
1111 1542 3865
1112 3366 3224
1113 6058 3766
1114 4255 1066
1115 6330 6927
1116 3379 6204
1117 4990 6336
1118 85 2844
1119 1680 3325
1120 6479 6303
1121 2334 4125
1122 1262 4492
1123 858 5643
1124 2273 2534
1125 3517 2638
1126 2861 1931
1127 2713 2526
1128 5499 1875
1129 4721 2580
1130 6586 4034
1131 2020 268
1132 3152 4889
1133 1240 299
1134 2468 3604
1135 2265 1699
1136 1850 3545
1137 4206 1174
1138 2534 2899
1139 6795 144
1140 -194 2240
1141 2350 2355
1142 3565 6553
1143 858 5731
1144 5865 938
1145 6077 3608
1146 113 1559
1147 2515 2273
1148 858 5650
1149 6869 2585
1150 2068 2105
1151 4647 2369
1152 3402 4198
1153 4003 6729
1154 5220 1177
1155 2226 787
1156 2226 710
1157 6210 3010
1158 319 1559
1159 4338 703
1160 6017 6118
1161 2900 5956
1162 4727 486
1163 6272 3010
1164 6895 2906
1165 6061 3102
1166 424 3214
1167 3184 159
1168 1459 1190
1169 2876 4925
1170 5635 5814
1171 6232 5435
1172 2599 2273
1173 3482 6883
1174 237 6202
1175 2226 601
1176 1256 4768
1177 6526 2524
1178 2164 3846
1179 6113 1833
1180 3355 3429
1181 2468 3682
1182 1090 7045
1183 3669 2471
1184 1170 299
1185 3366 3301
1186 523 3719
1187 4021 2223
1188 6722 5414
1189 771 67
1190 2513 2355
1191 3727 2787
1192 1578 5261
1193 1149 42
1194 6300 3766
1195 5772 3199
1196 1746 -141
1197 6895 3497
1198 5436 5856
1199 2887 4843
1200 789 3719
1201 3366 3378
1202 2708 921
1203 4402 4172
1204 3277 3330
1205 2537 2273
1206 3166 4372
1207 1084 6556
1208 4664 1402
1209 3789 6704
1210 349 1654
1211 3140 7042
1212 1597 5670
1213 2964 5914
1214 1496 -141
1215 5057 4502
1216 803 3116
1217 4537 4448
1218 3355 3236
1219 2477 754
1220 143 5235
1221 2881 4925
1222 5443 357
1223 6722 5456
1224 5825 5622
1225 948 4312
1226 2004 6623
1227 6234 5494
1228 3864 730
1229 3363 5758
1230 228 3866
1231 5248 6507
1232 2246 2105
1233 6275 6118
1234 1639 3435
1235 2038 2305
1236 3009 1931
1237 2292 2116
1238 13 1559
1239 5387 7135
1240 5849 3367
1241 5918 3690
1242 6722 5432
1243 6895 3077
1244 1555 5428
1245 4537 4457
1246 5337 7135
1247 3277 3310
1248 5251 4311
1249 1030 554
1250 6985 489
1251 2477 636
1252 6631 2142
1253 6366 144
1254 4997 3707
1255 6117 3010
1256 2462 2744
1257 901 2499
1258 6895 3372
1259 1650 4663
1260 4748 2580
1261 4844 449
1262 5276 5963
1263 4559 4729
1264 3184 132
1265 1978 2967
1266 5844 628
1267 1354 6517
1268 6159 1094
1269 2526 2852
1270 5844 369
1271 4990 6375
1272 1662 4460
1273 6479 6413
1274 780 5774
1275 6895 2647
1276 3195 1819
1277 4844 589
1278 5495 5814
1279 1489 5697
1280 1206 1221
1281 2468 4078
1282 4035 6729
1283 6140 1588
1284 6895 2825
1285 2419 586
1286 6002 6263
1287 3302 4787
1288 2480 1035
1289 4222 7180
1290 1256 4877
1291 882 -20
1292 1225 2676
1293 269 67
1294 4314 4384
1295 6199 1833
1296 5064 41
1297 5936 1920
1298 4997 3136
1299 1848 2796
1300 631 3719
1301 6695 4034
1302 890 5458
1303 5152 4256
1304 5268 1177
1305 -133 219
1306 4576 4448
1307 4537 2193
1308 1231 5588
1309 3758 2611
1310 2028 2796
1311 1772 3795
1312 4286 1116
1313 1845 6623
1314 3692 2859
1315 6467 5104
1316 1090 6680
1317 6543 5104
1318 1849 -156
1319 4147 189
1320 2038 2299
1321 3232 2062
1322 191 3281
1323 6190 1094
1324 1662 4540
1325 2921 4843
1326 2273 2379
1327 2109 2298
1328 1537 1012
1329 726 67
1330 1135 6658
1331 1679 3865
1332 6526 2531
1333 4206 731
1334 1459 1336
1335 5080 5612
1336 1650 4875
1337 1788 3865
1338 1710 3325
1339 2477 1035
1340 2027 2796
1341 3758 2725
1342 3772 2832
1343 3285 6204
1344 3354 6889
1345 5140 3136
1346 1135 7169
1347 -133 613
1348 1412 6037
1349 6232 5494
1350 1791 3424
1351 4402 4532
1352 649 3143
1353 -184 5273
1354 5847 6340
1355 6479 6764
1356 2226 623
1357 3034 1792
1358 4581 7180
1359 5248 4461
1360 3179 2295
1361 2468 4020
1362 1537 894
1363 3758 2621
1364 4091 6880
1365 1814 611
1366 2037 981
1367 3730 56
1368 1908 3424
1369 1225 3025
1370 4537 4777
1371 6101 4461
1372 5885 1053
1373 1262 4461
1374 6692 2394
1375 2038 2404
1376 157 1879
1377 594 6291
1378 237 5928
1379 835 3719
1380 4727 326
1381 4158 2252
1382 5802 1867
1383 6002 6329
1384 -194 2518
1385 2032 5281
1386 6058 3608
1387 6895 2667
1388 6589 144
1389 85 2638
1390 3476 2554
1391 2032 5168
1392 2564 5957
1393 2068 3604
1394 5015 852
1395 3925 6729
1396 4333 3847
1397 228 3884
1398 1030 493
1399 3406 2390
1400 4990 6331
1401 1459 946
1402 6091 738
1403 2306 2123
1404 5152 4359
1405 2038 2085
1406 1762 3424
1407 6422 1833
1408 4136 189
1409 1850 3595
1410 2842 4843
1411 4990 6142
1412 5511 1180
1413 1865 3845
1414 6526 2585
1415 1354 6230
1416 5296 6867
1417 2235 1699
1418 3025 2824
1419 2329 1931
1420 1994 1035
1421 237 6136
1422 6497 823
1423 3425 506
1424 4599 4683
1425 3482 6656
1426 1814 492
1427 4091 7180
1428 901 2456
1429 6687 5494
1430 4554 189
1431 -2 135
1432 5878 3424
1433 1834 393
1434 1528 5428
1435 5791 6507
1436 6768 144
1437 5908 3766
1438 24 135
1439 536 3719
1440 -280 1559
1441 1401 -141
1442 6453 4712
1443 5791 369
1444 169 5116
1445 6184 4254
1446 2481 4118
1447 3035 4843
1448 1656 3094
1449 6036 1860
1450 3328 2145
1451 4402 4470
1452 5065 4494
1453 2701 2425
1454 4791 6909
1455 1564 3094
1456 2661 2680
1457 5057 4658
1458 5581 1180
1459 3772 2868
1460 1850 3717
1461 82 2844
1462 1135 6916
1463 5393 2703
1464 3365 159
1465 5501 6729
1466 5796 1819
1467 4664 1337
1468 43 1559
1469 6002 6483
1470 1135 2760
1471 1662 4434
1472 6479 6897
1473 5064 269
1474 2317 1902
1475 5109 3004
1476 3356 6889
1477 1489 6623
1478 4671 7180
1479 6479 6652
1480 1650 4765
1481 1641 624
1482 5205 5963
1483 3511 56
1484 6453 4952
1485 1793 3906
1486 5566 1356
1487 -184 5421
1488 1473 3865
1489 6309 1094
1490 191 3323
1491 2520 2744
1492 417 5246
1493 6210 4657
1494 1459 1269
1495 788 5815
1496 4206 1130
1497 3363 5571
1498 4791 7177
1499 549 4569
1500 1447 3795
1501 3902 325
1502 3556 372
1503 6895 3130
1504 6614 2585
1505 3363 5719
1506 6061 3129
1507 5501 6933
1508 2226 690
1509 2787 5914
1510 4136 432
1511 4190 3847
1512 5296 6507
1513 3638 56
1514 417 5239
1515 -133 274
1516 6457 1094
1517 5282 5963
1518 4543 7180
1519 1441 3845
1520 6003 3766
1521 6985 735
1522 3055 3535
1523 5145 41
1524 3302 4624
1525 6453 4921
1526 1865 3873
1527 3298 6889
1528 6479 6594
1529 3334 6204
1530 -299 1442
1531 1840 2967
1532 2226 871
1533 5841 5814
1534 3328 2277
1535 889 2740
1536 5084 3136
1537 2774 4843
1538 6522 144
1539 5058 357
1540 187 93
1541 2523 4256
1542 4245 4435
1543 2575 4256
1544 3348 5758
1545 977 67
1546 2825 2494
1547 4630 1064
1548 6872 2585
1549 333 6291
1550 1231 5604
1551 974 4092
1552 5379 1356
1553 3302 4619
1554 2742 3535
1555 5587 996
1556 1680 3094
1557 3544 2638
1558 656 4495
1559 5057 4448
1560 2287 3653
1561 3188 2276
1562 1379 4923
1563 5494 852
1564 5501 6951
1565 2575 4152
1566 5022 3732
1567 4303 4384
1568 6002 6628
1569 2530 1931
1570 4416 4172
1571 1850 3551
1572 835 3442
1573 1263 -141
1574 2989 1931
1575 803 3128
1576 3902 629
1577 2476 4256
1578 6184 3766
1579 -194 2217
1580 5411 948
1581 6228 5451
1582 6180 144
1583 5152 4401
1584 6347 823
1585 1762 3350
1586 4461 189
1587 4177 2252
1588 9 2162
1589 5476 1876
1590 6479 6927
1591 2419 1931
1592 -299 1007
1593 6002 6540
1594 2604 5914
1595 191 3214
1596 4091 7122
1597 2020 -47
1598 5501 6645
1599 4277 4227
1600 100 5005
1601 1650 4624
1602 2884 2295
1603 2038 2365
1604 5536 3231
1605 3041 4925
1606 1935 1776
1607 908 2728
1608 5501 7057
1609 3166 4282
1610 5825 5782
1611 3195 1921
1612 1206 1359
1613 2352 7042
1614 6440 1588
1615 4617 189
1616 6791 2142
1617 2190 2298
1618 5758 369
1619 737 6291
1620 2365 2744
1621 1177 3401
1622 3406 2102
1623 2500 2355
1624 5296 6884
1625 3166 4483
1626 5196 5275
1627 549 4856
1628 6002 6535
1629 1048 812
1630 5080 5356
1631 5559 3078
1632 3045 2295
1633 -70 2162
1634 2395 3604
1635 1090 6876
1636 4587 2152
1637 1225 3221
1638 5080 5275
1639 6132 5474
1640 5205 6280
1641 3174 3065
1642 4658 2182
1643 1240 621
1644 2040 5239
1645 5936 1908
1646 4443 575
1647 5101 4448
1648 4112 3889
1649 3541 2638
1650 549 4624
1651 5064 236
1652 5361 1130
1653 1459 1351
1654 -20 5645
1655 5146 1315
1656 3864 677
1657 2722 2273
1658 3366 3189
1659 5501 6977
1660 898 67
1661 5604 5474
1662 3009 1792
1663 3184 56
1664 1051 5731
1665 1850 3449
1666 908 2836
1667 6061 3010
1668 6184 4034
1669 5559 2940
1670 6879 144
1671 3232 2130
1672 6526 1975
1673 1598 3094
1674 1135 2556
1675 2040 5091
1676 3070 4889
1677 803 3119
1678 3573 2554
1679 788 6264
1680 3363 5613
1681 6488 1339
1682 6479 6816
1683 6895 2624
1684 6477 5104
1685 2087 2105
1686 549 4633
1687 858 5605
1688 5076 3004
1689 5841 5754
1690 2534 2988
1691 5587 1236
1692 6565 4034
1693 4537 4747
1694 2578 921
1695 3864 731
1696 5125 4494
1697 6479 6236
1698 5140 3100
1699 4245 4618
1700 381 1559
1701 1351 6556
1702 803 3143
1703 5431 1356
1704 6245 5494
1705 3758 2487
1706 4838 5680
1707 4338 769
1708 1225 2778
1709 4727 356
1710 6479 6349
1711 3195 1940
1712 2745 6099
1713 1489 5694
1714 2898 5956
1715 1096 42
1716 4735 7180
1717 891 6556
1718 2395 2295
1719 467 3644
1720 1793 3865
1721 5957 1861
1722 2224 4420
1723 2041 6623
1724 2032 5150
1725 6184 3617
1726 2623 3535
1727 5510 1876
1728 3328 2271
1729 237 6291
1730 3074 3535
1731 2208 3934
1732 5501 7108
1733 405 3143
1734 2306 2298
1735 417 4856
1736 4517 524
1737 6184 4277
1738 4537 4718
1739 1354 6068
1740 4791 7104
1741 4611 829
1742 6349 1833
1743 -194 2363
1744 4021 2233
1745 6722 5373
1746 3327 2781
1747 5296 6705
1748 1675 3435
1749 5004 852
1750 5064 332
1751 1014 -20
1752 3302 4641
1753 2468 4079
1754 1762 3381
1755 1924 1776
1756 1347 4434
1757 5695 5474
1758 4317 4227
1759 6879 2585
1760 3789 6729
1761 1227 5650
1762 3355 3071
1763 2661 2396
1764 6054 3766
1765 1477 894
1766 237 6284
1767 3262 506
1768 1528 5394
1769 6074 1833
1770 5333 1130
1771 6479 6500
1772 5202 5448
1773 5934 6187
1774 157 1788
1775 -133 218
1776 5865 910
1777 1459 966
1778 4091 6869
1779 6140 823
1780 2020 14
1781 2226 6695
1782 1225 2854
1783 1440 5569
1784 2552 2355
1785 2049 2967
1786 2040 5308
1787 1370 1600
1788 1908 3458
1789 4838 5706
1790 4997 3111
1791 2304 2355
1792 1206 1100
1793 724 3296
1794 2385 2744
1795 4336 4384
1796 6562 3766
1797 788 5774
1798 1537 1121
1799 908 2626
1800 6319 823
1801 100 5235
1802 5555 1875
1803 4625 829
1804 4658 2213
1805 5934 6194
1806 5187 41
1807 6061 4393
1808 3025 2799
1809 1459 1448
1810 5865 768
1811 5604 3367
1812 5910 5814
1813 -194 2484
1814 6526 2057
1815 -184 5387
1816 3545 506
1817 2273 2693
1818 3302 4889
1819 2226 669
1820 2020 -30
1821 2390 2273
1822 5662 2905
1823 5559 2905
1824 5428 3277
1825 2402 2355
1826 1090 6556
1827 4630 1144
1828 913 3401
1829 3264 3065
1830 1483 3435
1831 2177 2298
1832 5908 1867
1833 1544 4434
1834 1135 2852
1835 5934 1876
1836 1379 4762
1837 1090 7160
1838 2032 5291
1839 3166 4545
1840 243 3977
1841 4625 967
1842 6050 3199
1843 2173 992
1844 1664 3435
1845 5205 6501
1846 1652 -141
1847 2684 921
1848 6187 1094
1849 4338 717
1850 230 3977
1851 1171 1468
1852 228 3817
1853 5936 2090
1854 6147 4461
1855 5737 5474
1856 2812 2295
1857 6573 5104
1858 2043 6439
1859 4121 3853
1860 1392 3221
1861 1680 3246
1862 -194 2201
1863 5205 6215
1864 6058 3702
1865 2130 3604
1866 3789 6592
1867 6401 1588
1868 1354 6056
1869 1158 5458
1870 85 2780
1871 5242 1110
1872 6184 3701
1873 1240 2
1874 1149 216
1875 3406 2158
1876 3556 288
1877 1650 4800
1878 5393 2716
1879 6210 4553
1880 2062 1881
1881 1372 3401
1882 1135 7014
1883 1175 1600
1884 803 3089
1885 1090 7003
1886 5292 342
1887 1528 5352
1888 2844 5956
1889 649 3265
1890 5152 4376
1891 2898 5914
1892 4990 6155
1893 5865 874
1894 6608 3766
1895 2096 3000
1896 5115 41
1897 6091 185
1898 6489 3766
1899 6334 6118
1900 5960 214
1901 900 2628
1902 4507 524
1903 2661 2425
1904 3366 3451
1905 5903 6340
1906 4402 4702
1907 417 5219
1908 5064 77
1909 2825 2433
1910 2985 3535
1911 5371 1356
1912 2484 1035
1913 5202 5338
1914 2038 1956
1915 6985 144
1916 100 5143
1917 3864 629
1918 3482 6553
1919 5179 4256
1920 1170 5494
1921 6722 5478
1922 6091 190
1923 2405 1931
1924 1688 5670
1925 4338 615
1926 4091 6960
1927 4647 2366
1928 5559 3119
1929 2477 586
1930 2317 1931
1931 4997 3076
1932 1171 1491
1933 5637 3014
1934 4476 3965
1935 3317 6204
1936 5936 1883
1937 1194 1468
1938 1324 3221
1939 -133 244
1940 6012 1053
1941 3482 6624
1942 6702 3908
1943 5548 1356
1944 467 3591
1945 5446 7135
1946 3523 159
1947 2527 2295
1948 6711 2394
1949 2468 3896
1950 984 2945
1951 2967 3535
1952 5793 1876
1953 6216 6927
1954 634 4495
1955 1135 6924
1956 4933 357
1957 3727 2649
1958 2357 2295
1959 1379 5569
1960 4997 3085
1961 3902 445
1962 1539 3221
1963 6440 3497
1964 1528 5262
1965 1135 7037
1966 6158 3010
1967 5636 1876
1968 1737 -141
1969 1528 5373
1970 6895 2585
1971 -231 818
1972 5348 5448
1973 100 5125
1974 2173 1035
1975 4990 6204
1976 3902 159
1977 1994 3604
1978 4727 218
1979 5242 1130
1980 1030 603
1981 5839 369
1982 1199 955
1983 3540 2554
1984 2173 925
1985 3166 4834
1986 2020 273
1987 4245 4425
1988 4507 2257
1989 157 1922
1990 4477 621
1991 2503 1035
1992 1256 4934
1993 6791 2269
1994 4762 1260
1995 -112 2162
1996 5934 5814
1997 238 1654
1998 3348 5744
1999 693 6291
2000 1653 5428
2001 2295 586
2002 6002 6927
2003 4990 6356
2004 4136 320
2005 3902 584
2006 5878 3557
2007 5602 3018
2008 5637 2905
2009 4844 638
2010 4791 6746
2011 5064 241
2012 2468 4063
2013 2906 685
2014 1976 1035
2015 4647 2388
2016 2020 393
2017 3373 2062
2018 2713 2565
2019 549 4812
2020 4036 2223
2021 6593 5104
2022 4394 2223
2023 1814 393
2024 835 3977
2025 1225 3088
2026 6061 3037
2027 2012 3604
2028 6526 2142
2029 261 1559
2030 4791 7032
2031 2788 2526
2032 1090 6919
2033 4990 6401
2034 4206 1162
2035 191 3304
2036 5589 1875
2037 6821 3497
2038 549 4708
2039 4537 2257
2040 2856 2295
2041 3482 6653
2042 1666 5569
2043 1320 4434
2044 5587 852
2045 3277 3349
2046 4402 4586
2047 6526 2113
2048 1262 4638
2049 2038 2796
2050 3232 2126
2051 6442 1094
2052 1465 6037
2053 417 5120
2054 2661 2722
2055 1090 6596
2056 -20 5769
2057 3395 4216
2058 5844 698
2059 4402 4227
2060 561 3977
2061 5985 2106
2062 5495 5847
2063 2038 2501
2064 2477 848
2065 157 1718
2066 915 4495
2067 5536 5451
2068 6472 1588
2069 3960 151
2070 908 2525
2071 813 3977
2072 4021 2252
2073 835 3551
2074 2689 7042
2075 2038 2676
2076 2049 3000
2077 5486 1180
2078 1206 1175
2079 2534 2758
2080 3482 6775
2081 1354 6348
2082 2583 7042
2083 6117 6927
2084 4954 6035
2085 85 2541
2086 3164 4889
2087 6526 2523
2088 4625 870
2089 4658 2188
2090 3415 159
2091 1544 4716
2092 1437 6037
2093 1135 6589
2094 6241 6118
2095 5006 3136
2096 2840 2295
2097 2477 766
2098 5917 6340
2099 6029 3199
2100 6002 6398
2101 3650 2638
2102 6702 3766
2103 3772 2725
2104 2534 2995
2105 1772 -141
2106 1090 6826
2107 5292 69
2108 6869 3497
2109 4642 4448
2110 3539 6553
2111 2289 3604
2112 5195 5275
2113 2143 1699
2114 1040 -20
2115 6063 3608
2116 6958 144
2117 169 5025
2118 1171 1533
2119 1528 5297
2120 4476 3991
2121 741 3143
2122 2647 2295
2123 1677 624
2124 4664 1199
2125 4844 357
2126 4245 4574
2127 1871 6623
2128 1121 5458
2129 2511 3167
2130 3357 4365
2131 1441 3435
2132 1287 3401
2133 4625 1000
2134 3355 3233
2135 5743 5474
2136 1814 570
2137 972 -20
2138 5556 6507
2139 3049 2781
2140 401 1560
2141 6985 587
2142 3604 2471
2143 -149 2541
2144 5425 357
2145 2575 4118
2146 4419 2201
2147 2511 3030
2148 2476 2273
2149 2963 4925
2150 3189 4118
2151 825 3007
2152 3789 6702
2153 3184 136
2154 2534 2883
2155 4664 1206
2156 2226 6389
2157 4206 829
2158 4792 6697
2159 322 3143
2160 2032 5091
2161 6228 5473
2162 -299 1501
2163 2806 3535
2164 5323 1245
2165 6856 3497
2166 1135 2923
2167 5536 5456
2168 3758 2703
2169 3772 2830
2170 169 4932
2171 65 2844
2172 5065 4658
2173 4990 6687
2174 901 2487
2175 858 5525
2176 1814 428
2177 5757 1876
2178 2869 2295
2179 901 2520
2180 5428 3367
2181 3200 6889
2182 2961 506
2183 4997 3713
2184 835 3409
2185 974 4215
2186 6722 5232
2187 5413 357
2188 4443 524
2189 1067 5731
2190 3277 3099
2191 2978 2295
2192 5602 3040
2193 1030 665
2194 6722 5347
2195 414 3143
2196 5728 5474
2197 6502 5104
2198 5587 904
2199 5883 1876
2200 6985 495
2201 3355 3065
2202 5625 3367
2203 974 -20
2204 4616 829
2205 6791 2207
2206 3483 159
2207 6985 376
2208 2040 5150
2209 1459 1215
2210 3226 6204
2211 2306 2154
2212 3482 6576
2213 6138 144
2214 149 5895
2215 1814 604
2216 1367 4434
2217 5350 5448
2218 2745 5956
2219 3111 3065
2220 5296 6785
2221 1680 3169
2222 4286 1066
2223 3447 2554
2224 3355 3109
2225 2608 3535
2226 4537 2152
2227 2249 3000
2228 5292 41
2229 1537 1278
2230 6631 5494
2231 5957 1667
2232 2306 2290
2233 4664 1244
2234 5940 5474
2235 889 2976
2236 3172 7042
2237 6410 4034
2238 263 67
2239 4206 1066
2240 3960 82
2241 1749 2851
2242 1206 1234
2243 722 6291
2244 4647 2257
2245 1830 2796
2246 2083 2298
2247 5742 290
2248 6488 1408
2249 6985 409
2250 1114 5458
2251 4589 4683
2252 2226 6592
2253 2226 812
2254 237 6276
2255 228 3812
2256 1814 -141
2257 3508 2781
2258 955 42
2259 1459 1600
2260 3758 2505
2261 4402 4618
2262 5469 1875
2263 1354 6055
2264 1459 1338
2265 -133 210
2266 5841 5474
2267 4954 5864
2268 1176 216
2269 2372 1931
2270 4136 516
2271 5537 5474
2272 1905 3845
2273 3864 649
2274 6702 3804
2275 4675 7180
2276 6479 6530
2277 5825 5690
2278 3172 6895
2279 30 2844
2280 1413 5785
2281 1762 3325
2282 1256 4748
2283 191 3812
2284 3277 3065
2285 169 5007
2286 5908 1876
2287 1680 3240
2288 3070 4925
2289 6985 823
2290 191 3518
2291 807 67
2292 5796 1735
2293 4625 966
2294 5205 6069
2295 5410 2898
2296 2287 3604
2297 1620 5428
2298 4091 6956
2299 5841 5726
2300 4791 6913
2301 1742 5428
2302 249 1654
2303 -98 135
2304 4746 2620
2305 2020 -22
2306 228 3879
2307 2511 3000
2308 2334 4256
2309 2793 2273
2310 1546 3795
2311 6551 3497
2312 3556 451
2313 5653 1867
2314 6733 2142
2315 2477 693
2316 858 5721
2317 1296 624
2318 4536 189
2319 5646 389
2320 6483 144
2321 580 4495
2322 261 3143
2323 2477 710
2324 4647 2300
2325 5878 3690
2326 5198 4311
2327 5934 5928
2328 5742 311
2329 5686 2905
2330 2040 5330
2331 3184 74
2332 2043 6389
2333 237 6255
2334 2273 2396
2335 4630 1035
2336 6002 6495
2337 1090 6639
2338 6453 4717
2339 6400 1588
2340 6415 1588
2341 2287 3765
2342 4954 6870
2343 5474 1876
2344 6184 4136
2345 1650 5340
2346 741 3296
2347 -184 5586
2348 1697 1278
2349 2825 2425
2350 2156 1699
2351 5934 1053
2352 2906 633
2353 2388 2295
2354 4402 4556
2355 1579 1278
2356 888 4092
2357 5791 6340
2358 3556 296
2359 3172 6991
2360 1135 6905
2361 6659 5494
2362 4404 189
2363 2213 3604
2364 2534 2744
2365 815 3977
2366 3499 56
2367 445 3214
2368 6126 1833
2369 4658 2295
2370 2661 2692
2371 3758 2533
2372 3213 4889
2373 4286 1174
2374 6525 3766
2375 4245 4777
2376 1981 2796
2377 5403 3144
2378 1252 1600
2379 780 5794
2380 2604 2273
2381 5393 2812
2382 858 5594
2383 3025 2823
2384 1544 4567
2385 1227 5726
2386 6443 3497
2387 3482 6665
2388 1489 6261
2389 6488 1123
2390 3236 3065
2391 1712 3865
2392 -299 945
2393 3580 6553
2394 2769 5956
2395 6605 3766
2396 1662 4545
2397 5454 3231
2398 -177 1559
2399 4997 3064
2400 213 3812
2401 2530 4118
2402 4263 1066
2403 5653 1707
2404 6985 152
2405 5609 3367
2406 6418 823
2407 1347 5731
2408 1707 1278
2409 2502 1931
2410 4112 3944
2411 1560 5113
2412 3232 2251
2413 2213 3765
2414 3357 4216
2415 191 3220
2416 900 2635
2417 35 5273
2418 5303 357
2419 2906 506
2420 1231 5731
2421 1640 4875
2422 6125 6927
2423 6298 1833
2424 5886 214
2425 3166 4747
2426 6364 4034
2427 4762 1321
2428 6468 3766
2429 2564 6083
2430 1560 5196
2431 -20 5789
2432 5057 4541
2433 2250 2105
2434 4443 589
2435 2955 5914
2436 4112 4096
2437 3238 4118
2438 5796 1762
2439 1562 5261
2440 1759 5408
2441 1564 3174
2442 905 -20
2443 6791 2330
2444 1564 3221
2445 1240 345
2446 467 3437
2447 -4 2541
2448 2516 3535
2449 649 3219
2450 6985 313
2451 4421 2152
2452 736 3296
2453 1191 216
2454 5023 3707
2455 3044 3065
2456 1483 3221
2457 4838 5612
2458 3238 3535
2459 2792 5956
2460 1489 6607
2461 3166 4524
2462 4112 3942
2463 2037 953
2464 514 6291
2465 3019 4843
2466 5410 2783
2467 1206 1178
2468 191 3665
2469 889 2746
2470 1006 -20
2471 2851 4925
2472 -247 818
2473 2226 6536
2474 2038 2337
2475 4477 613
2476 1360 4434
2477 30 2925
2478 5343 5963
2479 5296 7135
2480 4402 2223
2481 -146 5273
2482 5064 106
2483 2661 2744
2484 5240 1177
2485 3882 629
2486 5844 700
2487 6007 2106
2488 1489 6583
2489 2780 5914
2490 1030 780
2491 6584 3766
2492 3104 2273
2493 3302 4617
2494 1817 3435
2495 1528 5243
2496 6632 2142
2497 2713 2573
2498 -133 452
2499 1521 3865
2500 3406 2133
2501 1090 7170
2502 1595 1278
2503 5772 3036
2504 3556 203
2505 4419 2213
2506 6486 5494
2507 3594 2474
2508 3194 6204
2509 6184 4393
2510 5140 3018
2511 3432 6889
2512 4537 4577
2513 3501 2781
2514 -20 5770
2515 2825 2469
2516 1650 1086
2517 5361 5448
2518 6143 1053
2519 1650 5113
2520 3727 2718
2521 5495 5448
2522 6744 2585
2523 5883 1867
2524 1313 3401
2525 1170 5458
2526 3225 4118
2527 2713 2582
2528 2636 6083
2529 6319 5494
2530 6488 1094
2531 133 2162
2532 671 4495
2533 5915 1867
2534 5772 2986
2535 3166 4280
2536 4625 869
2537 2745 6078
2538 6453 4700
2539 6454 5104
2540 -184 5524
2541 417 5001
2542 6658 2585
2543 549 4603
2544 3791 6729
2545 6002 6399
2546 6026 214
2547 3960 159
2548 1434 1600
2549 5094 4448
2550 4921 1260
2551 3356 5571
2552 5080 5358
2553 3430 2554
2554 1240 309
2555 4477 624
2556 6002 6762
2557 3302 4453
2558 1090 6929
2559 1041 3401
2560 3389 6153
2561 2964 5918
2562 5936 1910
2563 34 2541
2564 2334 3934
2565 6286 1588
2566 6764 823
2567 6981 823
2568 3166 4601
2569 2511 3535
2570 5934 6025
2571 4175 3853
2572 3302 4658
2573 2250 2116
2574 652 3719
2575 5742 263
2576 4565 2152
2577 1107 216
2578 4329 189
2579 1767 3795
2580 2135 6389
2581 3232 2277
2582 1090 6818
2583 3406 2222
2584 1225 3123
2585 4971 5612
2586 3797 56
2587 476 6291
2588 5517 1356
2589 4844 692
2590 3482 6889
2591 6431 823
2592 256 3977
2593 1240 171
2594 157 1775
2595 3083 4889
2596 4841 5612
2597 3254 4889
2598 2806 7042
2599 6228 5474
2600 2713 2680
2601 1679 1086
2602 2173 961
2603 5587 898
2604 1722 3435
2605 2623 7042
2606 4653 4683
2607 4126 4096
2608 4721 2620
2609 4064 2223
2610 5841 5769
2611 5430 357
2612 1560 5134
2613 2231 3765
2614 1537 1052
2615 3760 2868
2616 5424 1875
2617 4476 4172
2618 6961 144
2619 6683 3497
2620 5934 5853
2621 4612 4448
2622 1157 2527
2623 972 2945
2624 2825 2497
2625 3340 2062
2626 2575 921
2627 4419 2152
2628 2032 5249
2629 2020 26
2630 549 4608
2631 1850 3795
2632 1256 4687
2633 2224 4422
2634 2535 4256
2635 6212 1094
2636 2226 7042
2637 6228 5336
2638 2661 2385
2639 1749 2945
2640 1908 3604
2641 3879 56
2642 1206 1136
2643 1608 6623
2644 191 3244
2645 5772 3071
2646 787 67
2647 419 3143
2648 4664 1291
2649 2964 5956
2650 417 5195
2651 2299 7042
2652 1956 1035
2653 3054 2781
2654 3300 2781
2655 5844 631
2656 1171 860
2657 2315 3934
2658 2531 2295
2659 6228 5377
2660 2745 6106
2661 1135 2827
2662 6198 1588
2663 2853 5956
2664 3156 7042
2665 3849 6729
2666 121 5273
2667 6272 3398
2668 6335 5494
2669 3355 3108
2670 2468 4118
2671 6061 3199
2672 5127 4494
2673 5396 1174
2674 -133 367
2675 1537 1008
2676 6136 144
2677 4792 6736
2678 1090 7029
2679 4402 4624
2680 3166 4255
2681 1749 2796
2682 4093 2223
2683 2945 2273
2684 4792 6719
2685 6184 3714
2686 100 4979
2687 1348 4968
2688 6345 4034
2689 3628 6553
2690 6874 3497
2691 1135 2945
2692 1493 894
2693 2094 3604
2694 5910 3199
2695 4844 419
2696 3355 3133
2697 5236 5963
2698 294 67
2699 187 135
2700 6479 6511
2701 649 3244
2702 6429 1094
2703 4245 4602
2704 1240 594
2705 2174 6389
2706 4136 203
2707 1459 977
2708 3902 247
2709 3238 3519
2710 1177 -20
2711 5296 6689
2712 780 5823
2713 3302 4817
2714 2062 1954
2715 30 3143
2716 -144 2541
2717 6702 3805
2718 4402 4384
2719 6184 3608
2720 1135 7170
2721 -104 5605
2722 4023 6729
2723 467 3394
2724 6569 2142
2725 5637 3040
2726 3172 6946
2727 4748 2620
2728 4658 2251
2729 4507 2198
2730 6002 6442
2731 5415 5856
2732 4762 1402
2733 2273 2482
2734 1403 624
2735 -133 234
2736 3758 2624
2737 5480 1180
2738 5072 852
2739 5501 6788
2740 4112 3853
2741 5205 6068
2742 4136 524
2743 3328 2062
2744 5878 3600
2745 5653 1640
2746 901 2451
2747 2226 6643
2748 4559 4777
2749 1090 6808
2750 6349 1588
2751 6547 823
2752 3482 6828
2753 5772 3043
2754 3813 6729
2755 164 135
2756 4894 1260
2757 6529 144
2758 1090 7006
2759 237 5925
2760 231 3143
2761 3366 3065
2762 6453 4756
2763 4954 5883
2764 3348 5571
2765 417 5041
2766 2040 2298
2767 1240 4
2768 157 1654
2769 1974 1956
2770 6232 5336
2771 2503 956
2772 156 5895
2773 915 42
2774 574 3143
2775 6272 3180
2776 4245 4670
2777 1227 5588
2778 2359 4256
2779 5343 5886
2780 2120 2298
2781 5653 1875
2782 2896 1931
2783 3789 6647
2784 3860 56
2785 4990 6850
2786 1814 624
2787 5501 6507
2788 2589 2273
2789 2713 2607
2790 1759 5428
2791 549 4822
2792 5508 852
2793 5057 4670
2794 191 3644
2795 5080 5491
2796 5147 4494
2797 4630 1168
2798 1459 1582
2799 1379 4968
2800 803 3071
2801 3328 2187
2802 5492 5448
2803 6526 2483
2804 5814 715
2805 4653 4448
2806 6036 2000
2807 4997 3070
2808 1712 5670
2809 5286 5448
2810 3885 56
2811 6058 3686
2812 1335 5731
2813 5845 6340
2814 2043 6564
2815 5328 4461
2816 2032 5330
2817 882 42
2818 6985 698
2819 1183 5569
2820 5205 5967
2821 5865 738
2822 3433 6889
2823 1030 67
2824 6019 1053
2825 6036 6927
2826 5067 1260
2827 6061 3157
2828 5825 5814
2829 4844 832
2830 3406 2471
2831 5292 326
2832 1441 3848
2833 6002 6118
2834 6479 6472
2835 4606 2257
2836 1805 3795
2837 2164 3919
2838 4791 6726
2839 6093 1588
2840 6673 2142
2841 1354 5785
2842 5323 1181
2843 788 6312
2844 4476 3847
2845 6770 2142
2846 6894 823
2847 1696 3325
2848 417 4917
2849 2273 2744
2850 4476 4124
2851 927 -20
2852 2226 6800
2853 948 4361
2854 2809 2273
2855 6551 2394
2856 5936 1876
2857 5666 2905
2858 769 3977
2859 1135 6705
2860 872 5731
2861 403 3977
2862 900 4092
2863 549 4720
2864 -133 818
2865 1206 1297
2866 1829 3795
2867 5065 4541
2868 1030 601
2869 6722 5494
2870 1528 5230
2871 6002 6558
2872 3302 4847
2873 5587 1180
2874 6895 2882
2875 3238 4198
2876 1379 4434
2877 4338 742
2878 1171 812
2879 5602 2905
2880 1996 1035
2881 5559 2957
2882 3302 2277
2883 5865 955
2884 3758 2559
2885 2098 2105
2886 1533 3795
2887 6791 2156
2888 894 67
2889 6268 823
2890 6091 214
2891 5205 6121
2892 4959 6870
2893 5934 6241
2894 157 1698
2895 6790 823
2896 3073 4843
2897 5587 1332
2898 1564 3198
2899 2547 2355
2900 4177 3847
2901 490 3143
2902 1793 3921
2903 6332 3766
2904 2503 921
2905 3166 4843
2906 2575 4156
2907 636 4495
2908 3556 205
2909 3184 110
2910 157 1945
2911 4149 524
2912 4190 615
2913 5146 1260
2914 1459 1546
2915 1135 7053
2916 6722 5139
2917 3348 5753
2918 2303 4420
2919 417 5133
2920 5224 5963
2921 -133 300
2922 1206 1392
2923 2980 506
2924 5587 1356
2925 1865 3934
2926 6895 3300
2927 1622 3435
2928 6609 5104
2929 858 5644
2930 2273 2529
2931 2816 7042
2932 1090 6695
2933 2632 921
2934 1975 3845
2935 2534 2951
2936 2276 4422
2937 1256 4717
2938 6402 3497
2939 1597 6623
2940 2511 3424
2941 5180 1315
2942 2661 2355
2943 417 4975
2944 1850 3435
2945 3841 6729
2946 4446 613
2947 5864 3367
2948 5646 629
2949 -194 2162
2950 900 2516
2951 3143 2295
2952 1136 -20
2953 2511 3345
2954 1135 2530
2955 6390 3766
2956 2062 1797
2957 3366 3228
2958 169 5045
2959 2020 144
2960 2661 2720
2961 4206 814
2962 2743 5914
2963 1030 691
2964 1970 2967
2965 3172 6204
2966 5495 5841
2967 5536 5453
2968 4954 5800
2969 3888 731
2970 1515 5569
2971 6237 4034
2972 2468 3713
2973 2468 3934
2974 4176 3847
2975 4990 6566
2976 5292 72
2977 5934 5982
2978 6490 1833
2979 5865 1053
2980 4997 3732
2981 1537 1032
2982 4599 4448
2983 3406 2252
2984 4727 524
2985 4930 357
2986 -80 2541
2987 2294 1699
2988 1528 5116
2989 3277 3182
2990 2494 1035
2991 6210 4461
2992 4175 3847
2993 376 1559
2994 30 2981
2995 4743 2620
2996 5549 852
2997 889 2787
2998 -194 2541
2999 100 4896
3000 6184 3663
3001 -170 5273
3002 2040 5276
3003 1814 400
3004 760 4495
3005 5080 5412
3006 4997 3004
3007 1537 1003
3008 1459 894
3009 6791 3497
3010 5957 1598
3011 664 6291
3012 5137 41
3013 -299 1377
3014 1157 2540
3015 1240 624
3016 4684 7180
3017 4481 2257
3018 1090 7041
3019 3357 4363
3020 3562 6553
3021 375 1559
3022 2726 921
3023 3960 56
3024 5845 3199
3025 1920 3845
3026 2796 4843
3027 4954 5899
3028 6819 144
3029 510 3719
3030 1749 2829
3031 5064 239
3032 6574 3766
3033 4990 6682
3034 835 4054
3035 887 4092
3036 6711 3497
3037 1227 5728
3038 237 6077
3039 2222 6389
3040 1320 624
3041 5248 4494
3042 357 3143
3043 5772 2905
3044 1489 6401
3045 3363 5614
3046 1558 1086
3047 1650 5261
3048 6526 2394
3049 1650 5091
3050 4021 2228
3051 5796 1702
3052 1827 1035
3053 2734 5914
3054 6985 484
3055 2037 1035
3056 401 1559
3057 2821 2273
3058 2020 56
3059 417 4875
3060 3902 481
3061 1579 1086
3062 5559 3089
3063 2861 921
3064 1262 4434
3065 5428 3361
3066 4664 1232
3067 2226 6862
3068 2226 6939
3069 3034 7042
3070 2909 2273
3071 2375 2355
3072 1521 3221
3073 4162 7180
3074 1499 894
3075 5424 1876
3076 1135 7086
3077 6874 2585
3078 1574 -141
3079 5433 7135
3080 6140 1053
3081 5916 3690
3082 5202 5275
3083 1727 624
3084 6479 6826
3085 1722 5340
3086 1135 6752
3087 3355 3249
3088 818 6556
3089 3406 2062
3090 788 6053
3091 5411 1112
3092 4844 430
3093 3195 2062
3094 4776 7180
3095 30 2857
3096 4951 6870
3097 4937 6870
3098 4844 683
3099 4901 6870
3100 2038 2332
3101 4838 5678
3102 835 3416
3103 4402 4630
3104 5559 3231
3105 5822 1876
3106 4658 2405
3107 5876 1876
3108 2273 2478
3109 4537 2188
3110 467 3673
3111 2956 5956
3112 2774 4925
3113 4626 2152
3114 367 3214
3115 2942 5956
3116 3355 3254
3117 4923 6870
3118 1738 1035
3119 191 3143
3120 1225 3156
3121 5957 1867
3122 1596 624
3123 4191 615
3124 5676 3367
3125 2640 7042
3126 64 5895
3127 6479 6118
3128 1459 1049
3129 4630 966
3130 69 1559
3131 1170 5569
3132 2009 2967
3133 2110 6389
3134 1459 1158
3135 6155 1833
3136 1354 6520
3137 3302 4497
3138 6627 2394
3139 4389 189
3140 85 2766
3141 780 6004
3142 4270 1066
3143 5734 6507
3144 3493 56
3145 1605 5113
3146 1171 911
3147 3302 4782
3148 1090 6791
3149 4727 479
3150 6791 2394
3151 5878 3766
3152 5064 84
3153 1489 6037
3154 4559 4683
3155 3864 56
3156 6184 4262
3157 5796 1867
3158 2273 2488
3159 1489 5670
3160 2932 7042
3161 3166 4118
3162 2038 2568
3163 -20 5739
3164 3864 651
3165 6702 3810
3166 2537 4256
3167 3172 6889
3168 1125 42
3169 4245 4384
3170 2226 6649
3171 3469 56
3172 4091 7046
3173 191 3290
3174 1430 -141
3175 406 3143
3176 40 135
3177 6361 4034
3178 1459 1172
3179 6475 1094
