676
0 195 463
1 323 130
2 332 111
3 166 477
4 398 542
5 510 23
6 323 168
7 336 315
8 38 354
9 168 477
10 406 390
11 192 30
12 101 124
13 410 390
14 347 393
15 445 48
16 332 35
17 398 554
18 283 20
19 90 477
20 276 436
21 254 482
22 383 -5
23 161 423
24 80 276
25 60 327
26 332 23
27 446 295
28 169 423
29 367 529
30 269 304
31 172 178
32 326 244
33 239 360
34 363 435
35 38 357
36 347 398
37 161 364
38 326 43
39 591 372
40 239 96
41 310 110
42 485 121
43 24 248
44 175 178
45 276 435
46 465 14
47 255 96
48 192 33
49 84 247
50 286 288
51 591 259
52 542 202
53 304 79
54 362 256
55 509 495
56 483 27
57 31 383
58 191 477
59 50 108
60 332 123
61 339 16
62 337 308
63 580 77
64 349 439
65 95 248
66 154 339
67 509 442
68 194 487
69 460 237
70 507 440
71 445 22
72 -21 378
73 60 238
74 565 396
75 306 106
76 326 285
77 82 290
78 580 37
79 84 194
80 161 397
81 367 437
82 14 248
83 429 315
84 363 417
85 240 45
86 591 378
87 217 464
88 565 378
89 33 378
90 483 119
91 301 190
92 229 150
93 153 469
94 383 -4
95 246 3
96 333 402
97 161 390
98 249 482
99 301 233
100 325 380
101 274 20
102 191 191
103 526 10
104 385 182
105 252 304
106 84 276
107 291 233
108 50 82
109 591 361
110 510 100
111 38 378
112 192 54
113 229 159
114 378 253
115 421 -12
116 248 150
117 455 54
118 483 14
119 84 208
120 203 464
121 24 339
122 349 383
123 154 386
124 175 360
125 451 275
126 84 275
127 339 13
128 294 411
129 336 308
130 106 477
131 315 288
132 95 253
133 363 459
134 398 563
135 259 96
136 234 304
137 194 490
138 276 445
139 383 182
140 40 317
141 101 87
142 509 527
143 153 457
144 276 411
145 40 323
146 527 77
147 106 427
148 31 339
149 229 76
150 306 113
151 43 248
152 237 159
153 542 244
154 483 106
155 323 190
156 275 239
157 509 440
158 364 16
159 325 444
160 106 392
161 478 129
162 84 248
163 294 380
164 367 483
165 284 150
166 591 266
167 42 82
168 246 14
169 191 204
170 154 357
171 473 219
172 565 259
173 306 104
174 423 182
175 334 130
176 367 527
177 269 288
178 137 128
179 510 14
180 195 458
181 363 419
182 308 288
183 106 463
184 178 423
185 282 235
186 510 16
187 161 380
188 182 423
189 195 464
190 451 295
191 84 271
192 349 398
193 510 -6
194 332 32
195 408 390
196 387 -12
197 191 239
198 526 77
199 398 551
200 276 425
201 293 150
202 140 170
203 246 1
204 60 231
205 226 336
206 332 20
207 242 150
208 140 128
209 195 429
210 495 404
211 326 266
212 44 248
213 24 334
214 510 27
215 194 477
216 223 360
217 540 107
218 31 403
219 310 113
220 509 544
221 347 397
222 334 123
223 325 430
224 60 271
225 101 120
226 38 376
227 485 124
228 248 85
229 229 157
230 344 16
231 421 13
232 347 383
233 333 393
234 542 199
235 273 14
236 23 295
237 244 304
238 172 174
239 326 232
240 276 482
241 273 159
242 239 338
243 451 315
244 533 77
245 509 445
246 483 77
247 577 378
248 325 433
249 332 44
250 217 492
251 328 20
252 229 96
253 230 239
254 367 538
255 580 28
256 421 16
257 196 328
258 257 304
259 235 482
260 451 244
261 224 492
262 42 248
263 485 186
264 261 482
265 439 295
266 77 332
267 233 239
268 244 96
269 316 385
270 194 483
271 29 290
272 25 271
273 31 437
274 460 233
275 257 1
276 89 477
277 276 428
278 445 18
279 580 27
280 332 31
281 14 271
282 299 13
283 191 178
284 17 295
285 294 395
286 326 252
287 426 275
288 290 20
289 282 233
290 347 400
291 59 170
292 60 276
293 81 332
294 385 391
295 217 468
296 94 313
297 337 315
298 459 563
299 59 128
300 478 142
301 565 401
302 178 360
303 367 464
304 60 326
305 478 77
306 520 14
307 562 77
308 191 221
309 326 264
310 419 256
311 226 328
312 24 336
313 288 45
314 591 289
315 294 386
316 172 177
317 526 14
318 226 315
319 528 77
320 2 378
321 58 271
322 316 407
323 325 428
324 291 20
325 423 295
326 460 563
327 240 482
328 473 186
329 540 148
330 154 331
331 153 418
332 293 157
333 591 282
334 60 248
335 379 253
336 540 178
337 33 323
338 31 328
339 192 32
340 111 290
341 316 380
342 248 154
343 379 211
344 106 428
345 326 259
346 255 85
347 106 438
348 319 288
349 154 313
350 483 24
351 416 182
352 293 43
353 316 432
354 325 405
355 99 295
356 140 124
357 551 244
358 288 411
359 24 402
360 61 170
361 196 315
362 383 -12
363 253 338
364 379 206
365 509 489
366 542 214
367 50 102
368 563 259
369 85 295
370 325 414
371 217 465
372 282 150
373 301 165
374 445 54
375 254 159
376 404 390
377 483 90
378 101 92
379 367 495
380 445 16
381 237 96
382 106 414
383 86 290
384 60 194
385 478 177
386 313 46
387 483 6
388 284 45
389 349 400
390 17 293
391 276 472
392 347 402
393 316 444
394 50 123
395 473 6
396 106 469
397 318 190
398 410 391
399 161 362
400 510 -2
401 293 1
402 -21 339
403 306 160
404 243 159
405 373 437
406 286 96
407 504 -6
408 464 182
409 111 295
410 24 428
411 363 390
412 229 304
413 177 477
414 18 248
415 67 276
416 326 288
417 222 360
418 290 45
419 363 434
420 133 124
421 509 463
422 212 464
423 131 312
424 463 219
425 449 54
426 430 16
427 192 239
428 310 111
429 425 182
430 230 150
431 196 318
432 445 28
433 509 500
434 14 257
435 591 296
436 196 54
437 101 28
438 239 368
439 501 440
440 510 6
441 226 304
442 349 412
443 315 20
444 258 338
445 106 455
446 31 388
447 114 14
448 167 423
449 363 449
450 124 295
451 373 391
452 248 96
453 495 440
454 465 6
455 101 81
456 379 234
457 419 304
458 27 290
459 60 332
460 483 3
461 53 150
462 591 351
463 17 290
464 509 449
465 398 538
466 153 392
467 119 312
468 212 315
469 217 471
470 192 26
471 332 39
472 165 423
473 487 563
474 370 390
475 293 96
476 367 489
477 445 46
478 293 151
479 106 412
480 437 563
481 464 177
482 97 312
483 478 78
484 106 422
485 383 16
486 94 392
487 473 199
488 101 14
489 296 20
490 84 202
491 299 1
492 306 124
493 301 232
494 220 315
495 363 409
496 326 240
497 379 182
498 239 364
499 161 360
500 333 380
501 347 394
502 590 378
503 292 20
504 126 295
505 485 125
506 229 158
507 153 477
508 495 436
509 455 27
510 495 402
511 347 380
512 563 244
513 367 442
514 451 268
515 24 378
516 293 46
517 69 276
518 523 27
519 294 408
520 229 54
521 326 46
522 332 85
523 192 14
524 183 360
525 40 318
526 83 128
527 419 295
528 24 437
529 321 20
530 65 332
531 306 110
532 261 45
533 451 245
534 236 159
535 419 275
536 89 481
537 259 336
538 542 211
539 195 452
540 509 563
541 240 41
542 325 401
543 323 161
544 483 115
545 284 96
546 483 -6
547 16 339
548 460 232
549 212 54
550 294 381
551 445 19
552 399 -12
553 153 465
554 591 277
555 227 360
556 419 306
557 293 79
558 24 418
559 98 290
560 195 423
561 94 391
562 224 482
563 236 150
564 89 490
565 24 328
566 188 490
567 526 6
568 85 170
569 264 304
570 94 312
571 269 1
572 206 464
573 408 391
574 306 165
575 126 290
576 191 238
577 255 154
578 483 94
579 332 63
580 565 402
581 419 315
582 306 96
583 75 170
584 460 219
585 333 399
586 53 157
587 273 20
588 478 86
589 392 -12
590 485 173
591 78 276
592 540 199
593 224 360
594 381 538
595 270 150
596 323 175
597 540 100
598 81 326
599 373 407
600 477 14
601 101 65
602 153 419
603 510 77
604 293 158
605 38 339
606 460 244
607 94 367
608 331 130
609 367 478
610 256 45
611 211 315
612 510 87
613 349 459
614 379 208
615 248 153
616 306 144
617 60 213
618 229 64
619 333 392
620 33 317
621 154 312
622 349 380
623 198 328
624 290 41
625 53 128
626 306 79
627 316 439
628 273 158
629 363 438
630 36 378
631 53 170
632 128 170
633 347 389
634 38 368
635 94 332
636 95 271
637 164 174
638 540 136
639 192 38
640 255 150
641 253 482
642 60 236
643 383 0
644 417 -12
645 84 218
646 401 390
647 591 308
648 363 393
649 31 378
650 154 392
651 259 338
652 424 275
653 143 174
654 282 239
655 349 434
656 67 128
657 38 363
658 565 380
659 114 312
660 24 271
661 509 555
662 35 378
663 485 119
664 373 429
665 483 91
666 140 174
667 455 33
668 470 27
669 441 563
670 42 123
671 227 368
672 74 128
673 362 253
674 275 1
675 197 360
