1437
0 935 1057
1 368 553
2 776 633
3 965 422
4 90 477
5 1361 948
6 477 1207
7 210 563
8 856 524
9 1353 703
10 1069 65
11 1026 788
12 968 884
13 92 239
14 904 678
15 729 407
16 196 93
17 488 772
18 164 425
19 1144 348
20 998 350
21 322 1129
22 935 909
23 168 415
24 761 1127
25 66 204
26 1116 317
27 124 778
28 910 729
29 402 912
30 795 261
31 390 731
32 602 825
33 1027 1237
34 1229 348
35 813 1172
36 1127 381
37 864 1172
38 1146 566
39 206 109
40 66 886
41 1120 1093
42 808 870
43 1141 1009
44 1129 250
45 813 257
46 390 792
47 472 1088
48 125 752
49 715 429
50 1129 276
51 850 738
52 891 620
53 800 429
54 1250 28
55 207 1342
56 1024 113
57 29 161
58 545 901
59 270 1039
60 96 477
61 712 738
62 935 952
63 523 660
64 734 237
65 1146 568
66 850 620
67 775 682
68 477 1123
69 1290 1178
70 390 716
71 1348 258
72 1047 965
73 1167 1237
74 1277 703
75 66 161
76 533 773
77 867 1095
78 277 977
79 688 716
80 883 1095
81 95 752
82 877 137
83 1123 1134
84 1146 1237
85 874 362
86 190 563
87 908 842
88 310 962
89 494 901
90 965 792
91 1084 305
92 492 782
93 1198 1227
94 1276 703
95 958 849
96 526 1088
97 612 1267
98 277 1056
99 1047 1237
100 1129 223
101 338 1000
102 793 261
103 122 1212
104 936 113
105 1205 948
106 1231 948
107 809 278
108 1146 604
109 282 965
110 470 988
111 217 563
112 864 1127
113 1357 1094
114 666 670
115 1198 1237
116 470 1088
117 150 1080
118 1126 1099
119 663 539
120 124 818
121 919 136
122 724 221
123 281 1005
124 277 568
125 1038 113
126 966 842
127 771 1172
128 1312 703
129 504 748
130 612 1256
131 583 466
132 642 416
133 663 474
134 666 625
135 728 170
136 397 716
137 495 660
138 1209 91
139 1047 1051
140 904 644
141 122 1080
142 174 479
143 15 404
144 202 275
145 -14 404
146 21 473
147 480 693
148 457 816
149 1146 670
150 828 257
151 997 65
152 66 238
153 869 391
154 102 1013
155 1019 358
156 66 944
157 88 477
158 1065 65
159 847 512
160 338 967
161 102 1076
162 26 664
163 -35 405
164 533 488
165 760 738
166 997 1057
167 642 282
168 164 445
169 851 890
170 874 275
171 877 1136
172 649 1151
173 168 284
174 477 1188
175 85 664
176 891 733
177 95 531
178 776 682
179 742 1172
180 856 227
181 729 283
182 1126 1134
183 856 349
184 180 1080
185 886 137
186 462 992
187 451 912
188 288 1129
189 268 1129
190 336 1104
191 1348 243
192 600 891
193 275 1039
194 761 1108
195 1099 941
196 1175 670
197 462 1069
198 338 1031
199 1141 997
200 1214 115
201 164 306
202 649 1129
203 390 820
204 373 553
205 1015 469
206 891 747
207 840 839
208 122 1268
209 281 529
210 139 581
211 729 357
212 1044 1057
213 991 22
214 1330 703
215 1120 1096
216 659 670
217 1141 1006
218 1214 122
219 284 553
220 470 772
221 492 836
222 21 262
223 642 335
224 1120 1103
225 1035 1057
226 975 776
227 139 661
228 413 271
229 479 18
230 21 368
231 1214 149
232 1146 567
233 1365 791
234 77 778
235 936 1142
236 239 1342
237 1138 91
238 -35 459
239 1173 -29
240 992 902
241 1365 784
242 1223 1212
243 1141 1017
244 1143 997
245 877 295
246 1301 223
247 1047 975
248 1015 441
249 470 1058
250 1047 113
251 850 730
252 779 407
253 319 109
254 936 1179
255 950 842
256 734 210
257 867 1198
258 373 154
259 605 660
260 642 459
261 408 1347
262 541 1358
263 554 670
264 296 109
265 477 1171
266 1290 1130
267 1198 1214
268 448 621
269 874 243
270 255 109
271 95 610
272 729 330
273 864 1210
274 583 496
275 470 968
276 15 615
277 377 619
278 877 281
279 1198 1217
280 800 1172
281 398 716
282 1365 752
283 349 1347
284 904 625
285 416 1111
286 1194 670
287 1159 1237
288 1290 1165
289 541 1344
290 935 977
291 864 1241
292 935 1051
293 95 506
294 964 792
295 164 404
296 1146 594
297 294 1129
298 1095 186
299 1066 115
300 813 349
301 1290 1204
302 909 842
303 164 330
304 1037 899
305 742 682
306 891 659
307 1413 896
308 1127 406
309 1179 1237
310 975 842
311 282 962
312 1110 421
313 196 1080
314 1250 56
315 1243 -29
316 705 1172
317 756 603
318 689 1129
319 95 561
320 477 1271
321 1024 883
322 377 147
323 1146 612
324 15 635
325 168 289
326 1290 1190
327 813 335
328 264 479
329 621 610
330 201 563
331 1250 91
332 663 531
333 277 1082
334 106 752
335 1084 214
336 164 272
337 612 1315
338 480 703
339 742 716
340 803 261
341 95 551
342 70 692
343 1123 115
344 1238 223
345 904 645
346 526 203
347 877 205
348 146 239
349 809 264
350 1117 941
351 322 1346
352 877 350
353 922 751
354 1348 348
355 1119 421
356 1069 91
357 990 22
358 122 1233
359 477 18
360 390 619
361 600 901
362 508 1219
363 547 670
364 851 884
365 1116 902
366 237 109
367 919 747
368 336 1123
369 338 964
370 1015 457
371 541 1334
372 -13 778
373 1290 348
374 -35 404
375 1116 -29
376 317 962
377 526 213
378 1155 186
379 920 350
380 1363 703
381 61 477
382 1166 997
383 82 962
384 1348 307
385 809 395
386 41 239
387 477 1236
388 304 962
389 837 1108
390 15 381
391 1047 1057
392 445 912
393 1368 948
394 968 1208
395 1195 223
396 847 479
397 462 993
398 451 915
399 805 444
400 1047 941
401 1013 884
402 448 564
403 1153 941
404 64 708
405 173 1076
406 805 468
407 1141 1072
408 281 986
409 840 840
410 269 563
411 935 918
412 950 1057
413 904 729
414 1198 91
415 500 137
416 462 1077
417 1123 1103
418 612 1382
419 586 1382
420 1012 550
421 687 531
422 56 477
423 66 202
424 1134 91
425 936 1191
426 1362 703
427 434 1123
428 196 70
429 277 1129
430 1085 186
431 1078 -29
432 336 1094
433 1187 186
434 288 1031
435 196 77
436 954 113
437 187 479
438 975 784
439 319 129
440 583 515
441 1102 -29
442 1365 740
443 904 605
444 541 1219
445 856 257
446 66 847
447 633 721
448 670 738
449 929 1135
450 639 1164
451 1348 223
452 243 1072
453 962 884
454 1167 348
455 1025 792
456 67 962
457 359 154
458 15 537
459 1084 317
460 808 854
461 1141 1053
462 1290 1176
463 159 1273
464 731 258
465 715 531
466 977 902
467 -35 427
468 935 947
469 831 738
470 925 751
471 610 1382
472 829 1172
473 1025 785
474 232 479
475 602 872
476 477 1146
477 338 1012
478 1265 1212
479 935 936
480 1125 317
481 1024 879
482 448 660
483 642 299
484 1214 182
485 557 466
486 470 960
487 716 1172
488 1253 997
489 633 740
490 743 603
491 541 1375
492 168 476
493 122 1203
494 780 261
495 377 128
496 734 196
497 923 113
498 1019 421
499 66 962
500 445 1123
501 935 969
502 21 308
503 977 38
504 840 751
505 1250 70
506 367 1347
507 886 849
508 243 977
509 472 1347
510 910 1135
511 666 621
512 1290 1212
513 194 93
514 514 146
515 473 18
516 976 1057
517 71 477
518 533 466
519 805 514
520 1413 904
521 1024 884
522 726 603
523 689 1159
524 508 1207
525 683 474
526 1290 1191
527 500 127
528 715 564
529 457 772
530 206 137
531 281 553
532 65 161
533 1204 1212
534 642 271
535 866 849
536 1351 1109
537 762 1172
538 1086 -29
539 809 407
540 168 297
541 500 70
542 448 553
543 -19 404
544 366 619
545 1413 873
546 168 440
547 277 591
548 377 837
549 851 1095
550 1408 818
551 1189 670
552 734 160
553 1070 115
554 1071 1237
555 957 842
556 66 951
557 322 1347
558 374 1347
559 801 569
560 377 52
561 954 786
562 1077 91
563 874 391
564 943 884
565 47 697
566 975 754
567 390 763
568 427 271
569 809 385
570 461 1347
571 500 84
572 852 884
573 486 670
574 825 257
575 206 226
576 504 660
577 448 598
578 69 708
579 642 361
580 933 422
581 903 1095
582 317 961
583 1150 348
584 1042 902
585 526 271
586 724 569
587 1413 819
588 102 1069
589 416 1347
590 470 1034
591 654 738
592 839 738
593 1216 91
594 941 729
595 877 1168
596 1101 902
597 15 380
598 850 661
599 779 569
600 541 1253
601 526 221
602 877 1127
603 1323 1109
604 852 890
605 168 404
606 281 526
607 1026 792
608 646 740
609 1126 1127
610 122 1114
611 323 961
612 533 515
613 521 670
614 281 501
615 273 1129
616 74 778
617 1111 1237
618 968 1191
619 497 18
620 663 580
621 1118 899
622 805 429
623 863 849
624 680 1129
625 1084 902
626 715 432
627 699 474
628 850 751
629 45 778
630 908 136
631 387 52
632 1129 246
633 874 373
634 457 883
635 650 1129
636 1348 234
637 781 738
638 127 752
639 406 553
640 850 742
641 1243 670
642 139 629
643 601 660
644 729 373
645 66 194
646 1365 730
647 541 1225
648 477 1134
649 1118 909
650 413 262
651 731 241
652 1258 703
653 1064 941
654 864 1198
655 474 1123
656 1274 1212
657 477 1127
658 975 792
659 390 712
660 268 986
661 508 1148
662 864 1095
663 122 1191
664 1015 443
665 719 1172
666 1265 703
667 1365 807
668 904 581
669 995 113
670 1069 -20
671 1196 186
672 338 1018
673 649 1164
674 187 93
675 1198 1212
676 33 506
677 1357 997
678 115 239
679 707 531
680 504 716
681 998 22
682 867 1241
683 1365 757
684 1126 1085
685 526 146
686 1011 909
687 480 670
688 728 202
689 1350 997
690 1007 884
691 721 603
692 1258 223
693 526 1148
694 946 909
695 1225 91
696 194 275
697 840 738
698 1264 703
699 518 1219
700 904 627
701 1047 980
702 1214 348
703 168 477
704 683 603
705 1212 223
706 1303 703
707 850 709
708 689 1172
709 410 553
710 1000 884
711 470 18
712 642 291
713 1365 818
714 1317 703
715 602 891
716 724 202
717 1118 421
718 1084 186
719 715 569
720 1086 941
721 277 563
722 1074 909
723 924 350
724 891 661
725 1120 941
726 288 1005
727 420 912
728 972 792
729 243 1039
730 95 603
731 173 275
732 642 314
733 809 283
734 21 459
735 1291 1109
736 920 422
737 226 1342
738 817 1172
739 874 213
740 1223 670
741 805 513
742 457 915
743 903 1122
744 339 553
745 1269 1212
746 438 912
747 1225 223
748 34 238
749 -13 767
750 371 915
751 641 740
752 520 1148
753 891 675
754 504 751
755 526 198
756 377 154
757 734 190
758 809 261
759 728 1172
760 1316 348
761 1034 550
762 21 477
763 742 706
764 1280 223
765 1026 898
766 405 52
767 377 836
768 871 620
769 729 261
770 194 479
771 -7 404
772 781 261
773 664 738
774 371 865
775 728 180
776 47 696
777 263 986
778 809 375
779 1199 1212
780 1145 186
781 487 772
782 -32 459
783 646 1164
784 851 1108
785 1305 703
786 756 738
787 667 1129
788 1184 348
789 413 253
790 1413 818
791 1235 997
792 131 661
793 470 1035
794 16 664
795 273 1039
796 1086 550
797 1129 315
798 139 584
799 646 738
800 477 1347
801 850 658
802 847 473
803 500 52
804 1084 244
805 139 752
806 935 923
807 1217 91
808 777 407
809 122 1256
810 1063 113
811 904 675
812 685 716
813 122 1115
814 548 271
815 418 52
816 847 422
817 1365 703
818 29 217
819 1322 223
820 989 113
821 457 832
822 666 603
823 564 660
824 731 237
825 277 619
826 761 1122
827 689 603
828 1026 784
829 850 644
830 122 1122
831 766 682
832 1113 317
833 477 1164
834 959 792
835 969 792
836 770 1127
837 974 849
838 1129 302
839 95 664
840 500 146
841 462 1026
842 1069 909
843 813 260
844 1364 703
845 319 154
846 29 171
847 602 773
848 742 261
849 1120 1012
850 935 902
851 508 1152
852 277 1039
853 1202 -29
854 1290 1172
855 504 773
856 1026 842
857 477 1295
858 856 201
859 904 607
860 910 890
861 602 868
862 198 1080
863 857 1172
864 1043 899
865 991 1057
866 975 113
867 1205 186
868 2 404
869 187 71
870 874 247
871 1357 1078
872 850 729
873 492 901
874 632 1218
875 777 261
876 982 350
877 1117 550
878 15 539
879 164 457
880 744 1172
881 159 1275
882 1027 1215
883 1250 -29
884 842 257
885 935 988
886 477 1168
887 525 1148
888 1060 22
889 856 354
890 1294 1109
891 398 712
892 734 216
893 1126 1074
894 774 1127
895 1084 310
896 1184 223
897 477 1144
898 761 261
899 891 646
900 469 1347
901 216 1080
902 112 239
903 891 631
904 657 1129
905 864 1204
906 612 1264
907 890 136
908 1038 1057
909 1151 941
910 268 1117
911 1250 37
912 497 47
913 888 350
914 856 391
915 858 890
916 122 1201
917 621 628
918 21 239
919 903 1135
920 850 706
921 729 345
922 96 708
923 935 890
924 -13 752
925 663 459
926 1290 1203
927 954 909
928 100 477
929 874 235
930 1210 186
931 973 902
932 1019 350
933 856 375
934 954 751
935 1274 948
936 612 1254
937 66 936
938 268 1107
939 1084 195
940 113 629
941 666 619
942 102 1036
943 281 1000
944 728 160
945 750 854
946 1047 997
947 1157 223
948 698 1172
949 1413 869
950 168 460
951 639 716
952 954 775
953 867 1127
954 591 901
955 481 670
956 1147 348
957 962 849
958 1126 1103
959 526 1110
960 470 45
961 480 716
962 904 617
963 277 1086
964 124 846
965 1084 218
966 919 729
967 962 902
968 457 778
969 977 22
970 47 708
971 1196 1237
972 1127 385
973 390 636
974 1025 113
975 776 603
976 1147 -29
977 470 994
978 663 470
979 1026 899
980 90 708
981 589 670
982 805 562
983 117 708
984 122 1092
985 377 820
986 915 747
987 1214 91
988 847 519
989 139 605
990 457 901
991 15 546
992 1092 941
993 1112 -29
994 66 908
995 807 407
996 847 524
997 1398 948
998 649 1146
999 1290 1118
1000 874 167
1001 377 82
1002 959 884
1003 1243 703
1004 531 670
1005 919 113
1006 1126 1131
1007 288 1110
1008 1120 1046
1009 375 1347
1010 -31 459
1011 1069 74
1012 477 1233
1013 1127 421
1014 477 1346
1015 904 524
1016 390 747
1017 642 384
1018 1250 348
1019 737 716
1020 683 1129
1021 1127 333
1022 1146 550
1023 904 676
1024 813 273
1025 776 638
1026 365 619
1027 840 843
1028 113 661
1029 1413 948
1030 95 525
1031 459 52
1032 277 618
1033 206 245
1034 877 1152
1035 492 817
1036 1180 186
1037 905 839
1038 541 1382
1039 895 839
1040 1323 223
1041 371 837
1042 -1 752
1043 44 239
1044 1060 550
1045 206 111
1046 15 506
1047 877 160
1048 164 477
1049 975 729
1050 874 371
1051 715 474
1052 1177 91
1053 457 881
1054 541 1296
1055 295 109
1056 1025 771
1057 605 670
1058 274 977
1059 462 960
1060 159 1268
1061 15 645
1062 215 109
1063 1069 22
1064 457 890
1065 649 1152
1066 1129 287
1067 195 1080
1068 864 1184
1069 1146 570
1070 877 146
1071 720 569
1072 633 726
1073 462 971
1074 319 139
1075 -12 404
1076 1035 899
1077 187 70
1078 277 1342
1079 908 849
1080 265 977
1081 599 271
1082 1108 909
1083 719 603
1084 1209 997
1085 1371 818
1086 165 1080
1087 632 1219
1088 612 1219
1089 911 849
1090 724 258
1091 874 364
1092 715 449
1093 908 840
1094 1230 670
1095 1141 91
1096 977 65
1097 962 842
1098 856 355
1099 338 1094
1100 967 113
1101 904 590
1102 462 1055
1103 1069 -29
1104 801 407
1105 583 492
1106 633 736
1107 63 664
1108 936 1135
1109 1012 524
1110 908 839
1111 1083 941
1112 1413 922
1113 153 1268
1114 159 1281
1115 996 113
1116 890 137
1117 1025 879
1118 124 802
1119 1319 223
1120 113 634
1121 497 46
1122 935 973
1123 168 479
1124 21 296
1125 -35 442
1126 1127 405
1127 377 133
1128 536 515
1129 1365 816
1130 666 474
1131 206 275
1132 65 752
1133 1127 317
1134 891 663
1135 243 1041
1136 850 698
1137 102 962
1138 1146 601
1139 602 832
1140 -13 760
1141 788 429
1142 1200 997
1143 21 314
1144 1127 395
1145 1040 909
1146 508 1202
1147 642 307
1148 734 181
1149 954 759
1150 124 847
1151 621 647
1152 750 862
1153 1120 974
1154 715 553
1155 1082 -29
1156 21 323
1157 891 677
1158 713 531
1159 805 520
1160 47 692
1161 102 1020
1162 809 267
1163 1310 997
1164 742 704
1165 891 717
1166 874 197
1167 867 1172
1168 954 761
1169 288 1113
1170 909 1135
1171 1084 233
1172 435 251
1173 986 22
1174 168 275
1175 884 839
1176 922 747
1177 434 912
1178 164 249
1179 457 900
1180 632 1164
1181 1253 1212
1182 874 386
1183 102 1006
1184 809 373
1185 847 469
1186 685 474
1187 102 1065
1188 139 708
1189 713 1172
1190 1127 350
1191 729 277
1192 877 1172
1193 1062 113
1194 15 368
1195 954 792
1196 1126 1128
1197 45 238
1198 543 773
1199 729 390
1200 1263 223
1201 1102 91
1202 663 570
1203 462 1111
1204 29 197
1205 1118 941
1206 413 251
1207 877 1131
1208 15 603
1209 500 94
1210 472 1123
1211 642 610
1212 1243 695
1213 729 286
1214 15 377
1215 164 239
1216 847 475
1217 500 54
1218 31 238
1219 805 440
1220 934 729
1221 648 738
1222 1181 115
1223 1295 1109
1224 1063 115
1225 1022 113
1226 1241 -29
1227 904 677
1228 1223 948
1229 15 568
1230 390 739
1231 609 670
1232 336 1100
1233 1148 997
1234 281 990
1235 935 914
1236 159 1342
1237 867 1209
1238 961 909
1239 66 894
1240 526 178
1241 15 513
1242 877 166
1243 90 962
1244 402 915
1245 809 337
1246 497 23
1247 1118 902
1248 21 257
1249 322 1123
1250 936 422
1251 1219 997
1252 561 466
1253 281 541
1254 856 253
1255 961 902
1256 462 1024
1257 877 159
1258 492 809
1259 902 839
1260 813 258
1261 137 692
1262 1019 399
1263 1015 524
1264 1015 422
1265 1153 948
1266 1120 1014
1267 1178 948
1268 1129 277
1269 66 193
1270 1224 948
1271 1365 743
1272 1025 770
1273 526 188
1274 541 1222
1275 877 152
1276 1325 997
1277 633 716
1278 690 531
1279 674 738
1280 1176 1237
1281 1086 909
1282 1035 909
1283 765 1172
1284 1057 550
1285 562 466
1286 66 216
1287 475 1088
1288 1007 909
1289 809 315
1290 541 660
1291 1100 902
1292 1348 257
1293 390 719
1294 319 138
1295 874 354
1296 1027 1208
1297 808 738
1298 715 459
1299 457 866
1300 1015 514
1301 1151 91
1302 448 619
1303 947 729
1304 243 1076
1305 642 341
1306 594 1382
1307 1084 313
1308 880 839
1309 9 404
1310 281 479
1311 212 479
1312 268 1080
1313 755 738
1314 761 1172
1315 1003 902
1316 503 146
1317 1339 948
1318 477 1311
1319 864 1215
1320 1126 1072
1321 168 330
1322 663 610
1323 497 52
1324 139 692
1325 874 340
1326 637 610
1327 15 659
1328 877 276
1329 1357 1109
1330 666 655
1331 125 661
1332 1126 1112
1333 836 738
1334 525 660
1335 1214 186
1336 492 772
1337 500 110
1338 462 989
1339 1019 416
1340 15 664
1341 1107 186
1342 1109 941
1343 1126 1107
1344 131 1080
1345 856 167
1346 734 200
1347 1086 317
1348 1070 91
1349 29 238
1350 621 660
1351 416 1123
1352 15 624
1353 -13 754
1354 21 463
1355 497 38
1356 666 622
1357 435 271
1358 864 1126
1359 146 477
1360 761 738
1361 139 563
1362 123 477
1363 1356 1109
1364 526 1101
1365 975 849
1366 1172 1237
1367 492 890
1368 1015 480
1369 277 569
1370 758 1172
1371 206 138
1372 891 687
1373 714 531
1374 1004 902
1375 243 1049
1376 904 668
1377 1163 1237
1378 686 1129
1379 1019 361
1380 243 986
1381 1113 902
1382 254 479
1383 724 219
1384 102 1029
1385 670 716
1386 676 531
1387 1413 876
1388 884 350
1389 1129 348
1390 856 188
1391 17 459
1392 935 729
1393 828 1172
1394 282 977
1395 1025 842
1396 320 1342
1397 564 773
1398 664 670
1399 663 464
1400 1090 115
1401 750 870
1402 816 1127
1403 84 752
1404 1033 1057
1405 805 560
1406 391 915
1407 1290 1109
1408 139 718
1409 840 849
1410 1207 91
1411 1120 989
1412 147 1080
1413 805 569
1414 526 215
1415 1025 65
1416 470 52
1417 1340 703
1418 288 1105
1419 1413 822
1420 338 961
1421 891 730
1422 729 276
1423 1026 770
1424 642 357
1425 1126 1129
1426 428 251
1427 322 1342
1428 642 276
1429 1378 948
1430 1141 1065
1431 390 758
1432 1120 1064
1433 124 1080
1434 165 1342
1435 64 238
1436 1137 223
