170
0 72 99
1 22 19
2 90 63
3 21 94
4 26 94
5 83 35
6 73 82
7 45 75
8 56 61
9 28 75
10 12 64
11 15 30
12 72 96
13 44 75
14 22 28
15 65 61
16 71 61
17 43 76
18 74 73
19 109 45
20 15 34
21 88 70
22 43 98
23 90 73
24 121 39
25 43 58
26 31 24
27 90 68
28 20 19
29 -1 30
30 12 80
31 74 61
32 17 80
33 40 101
34 118 30
35 34 58
36 83 40
37 90 53
38 72 24
39 47 77
40 43 75
41 84 35
42 71 64
43 68 81
44 79 70
45 35 9
46 9 30
47 43 52
48 72 103
49 12 74
50 27 34
51 83 50
52 43 69
53 9 34
54 118 27
55 84 53
56 72 21
57 103 39
58 83 24
59 20 105
60 43 51
61 5 30
62 30 27
63 51 105
64 7 64
65 5 43
66 54 59
67 20 66
68 51 26
69 73 81
70 74 64
71 35 69
72 24 105
73 47 59
74 105 27
75 51 100
76 40 105
77 9 43
78 43 79
79 90 44
80 109 44
81 91 33
82 54 77
83 22 49
84 28 73
85 20 94
86 3 43
87 26 34
88 15 28
89 39 51
90 81 24
91 7 74
92 40 102
93 84 49
94 35 34
95 51 9
96 113 39
97 68 82
98 74 70
99 48 98
100 88 68
101 15 19
102 102 39
103 51 19
104 22 27
105 90 55
106 102 42
107 74 76
108 88 78
109 78 78
110 34 88
111 109 63
112 20 80
113 35 24
114 91 26
115 22 34
116 105 33
117 72 94
118 88 88
119 109 53
120 121 42
121 105 26
122 68 103
123 12 66
124 28 69
125 22 56
126 111 27
127 35 23
128 25 24
129 7 43
130 108 42
131 56 64
132 68 94
133 83 21
134 91 32
135 90 88
136 45 76
137 54 66
138 32 79
139 34 94
140 43 105
141 98 33
142 51 98
143 34 56
144 84 50
145 15 35
146 76 70
147 109 59
148 40 94
149 28 79
150 35 28
151 39 49
152 26 88
153 84 55
154 43 71
155 22 24
156 27 24
157 111 42
158 108 63
159 105 30
160 72 102
161 28 76
162 35 27
163 119 39
164 22 35
165 51 28
166 40 97
167 13 80
168 -1 43
169 74 78
