359
0 221 166
1 330 75
2 73 193
3 18 293
4 239 234
5 34 153
6 358 91
7 341 241
8 9 153
9 321 278
10 26 135
11 17 261
12 248 29
13 235 29
14 99 103
15 -29 186
16 112 262
17 294 274
18 339 113
19 121 327
20 139 177
21 296 31
22 241 166
23 -29 163
24 60 299
25 73 213
26 195 126
27 294 277
28 -36 231
29 105 141
30 134 279
31 32 101
32 -2 109
33 17 265
34 253 52
35 -2 119
36 279 308
37 276 329
38 -36 192
39 18 296
40 286 239
41 341 246
42 313 262
43 202 249
44 314 261
45 329 31
46 82 21
47 321 140
48 277 31
49 -2 126
50 57 213
51 294 263
52 202 298
53 295 262
54 203 156
55 57 26
56 202 308
57 180 51
58 216 51
59 208 150
60 230 246
61 204 246
62 186 120
63 -2 97
64 212 150
65 17 285
66 221 329
67 139 225
68 73 210
69 43 153
70 57 35
71 180 32
72 107 21
73 61 293
74 62 141
75 305 262
76 73 290
77 164 50
78 326 116
79 74 21
80 77 8
81 358 113
82 168 120
83 103 21
84 286 192
85 154 155
86 357 75
87 18 303
88 358 75
89 143 52
90 286 234
91 21 97
92 233 166
93 141 160
94 250 47
95 168 89
96 178 185
97 150 86
98 253 329
99 242 238
100 286 203
101 57 45
102 266 31
103 149 52
104 279 266
105 321 273
106 65 293
107 62 191
108 299 326
109 164 32
110 127 262
111 260 329
112 307 262
113 262 31
114 247 334
115 221 334
116 17 282
117 137 147
118 230 166
119 287 238
120 253 31
121 242 221
122 286 254
123 95 21
124 321 268
125 139 261
126 45 176
127 32 107
128 276 371
129 -36 186
130 -2 103
131 134 103
132 299 363
133 168 115
134 202 263
135 308 31
136 178 211
137 341 261
138 287 168
139 138 21
140 321 168
141 145 86
142 178 188
143 107 309
144 253 334
145 242 245
146 216 29
147 286 232
148 241 150
149 172 126
150 341 211
151 65 290
152 284 31
153 62 186
154 135 32
155 73 297
156 248 47
157 57 103
158 143 325
159 178 183
160 21 150
161 320 211
162 107 320
163 295 261
164 306 211
165 249 334
166 321 116
167 -14 261
168 202 275
169 250 52
170 75 8
171 221 332
172 9 94
173 118 103
174 295 258
175 112 261
176 57 30
177 143 316
178 121 320
179 110 21
180 82 8
181 202 246
182 154 89
183 -36 261
184 32 109
185 101 141
186 171 175
187 314 326
188 90 21
189 154 160
190 143 291
191 134 32
192 271 260
193 73 26
194 62 155
195 77 141
196 69 103
197 332 113
198 328 261
199 279 275
200 286 238
201 341 247
202 291 308
203 207 329
204 136 177
205 282 176
206 301 261
207 295 211
208 176 32
209 143 327
210 242 234
211 330 72
212 299 369
213 294 262
214 18 290
215 130 177
216 343 113
217 45 153
218 178 120
219 271 266
220 139 256
221 134 52
222 178 221
223 135 261
224 203 166
225 358 103
226 223 334
227 18 285
228 112 21
229 315 31
230 21 135
231 154 147
232 287 234
233 195 120
234 207 166
235 143 292
236 204 329
237 32 111
238 74 10
239 73 291
240 291 168
241 171 161
242 219 246
243 242 246
244 -36 202
245 -18 153
246 294 266
247 219 236
248 135 327
249 202 313
250 103 141
251 178 207
252 27 135
253 234 238
254 253 330
255 354 75
256 20 303
257 329 52
258 32 135
259 235 334
260 317 326
261 168 95
262 168 101
263 299 371
264 206 150
265 76 103
266 154 150
267 341 254
268 254 31
269 282 185
270 304 31
271 134 262
272 323 116
273 61 299
274 21 94
275 232 29
276 164 52
277 -2 102
278 330 113
279 335 75
280 60 303
281 286 222
282 197 221
283 9 135
284 335 113
285 286 224
286 111 320
287 130 160
288 321 262
289 138 32
290 -2 135
291 32 97
292 74 8
293 9 97
294 73 21
295 17 277
296 45 213
297 9 136
298 -36 226
299 321 124
300 180 40
301 286 260
302 191 126
303 140 86
304 154 86
305 57 96
306 45 189
307 286 185
308 -29 173
309 -29 153
310 32 153
311 216 166
312 202 274
313 139 160
314 73 309
315 171 183
316 321 326
317 330 116
318 130 147
319 143 279
320 136 86
321 130 141
322 73 191
323 -2 130
324 74 15
325 278 260
326 62 147
327 21 153
328 319 168
329 57 62
330 139 226
331 203 150
332 57 32
333 294 279
334 47 303
335 171 126
336 143 288
337 294 31
338 -36 259
339 282 168
340 216 35
341 45 168
342 230 236
343 137 21
344 204 313
345 299 355
346 294 308
347 294 270
348 9 142
349 9 144
350 191 120
351 330 52
352 8 135
353 321 285
354 306 168
355 237 234
356 234 234
357 134 86
358 308 261
