370
0 106 69
1 243 201
2 193 110
3 220 98
4 116 132
5 220 152
6 205 23
7 286 250
8 78 223
9 134 29
10 193 136
11 11 129
12 79 253
13 238 46
14 94 98
15 186 264
16 266 59
17 63 117
18 237 31
19 149 36
20 148 134
21 215 285
22 25 129
23 94 101
24 233 191
25 185 232
26 280 250
27 123 55
28 11 191
29 186 157
30 136 52
31 228 77
32 226 77
33 265 68
34 68 66
35 129 75
36 232 46
37 265 46
38 11 107
39 62 117
40 193 113
41 75 117
42 266 55
43 252 140
44 193 107
45 26 85
46 240 138
47 215 309
48 142 207
49 30 89
50 263 104
51 9 110
52 126 55
53 255 43
54 173 219
55 149 25
56 13 129
57 20 85
58 123 134
59 194 258
60 77 190
61 168 273
62 41 82
63 255 202
64 50 142
65 255 208
66 25 89
67 152 55
68 166 27
69 0 222
70 119 134
71 -27 194
72 33 191
73 162 36
74 145 36
75 220 165
76 25 157
77 265 43
78 116 101
79 193 126
80 189 240
81 75 126
82 152 36
83 165 218
84 77 223
85 -27 191
86 186 155
87 253 202
88 42 82
89 137 55
90 172 132
91 9 107
92 230 77
93 25 136
94 230 250
95 233 166
96 2 166
97 141 29
98 189 227
99 115 55
100 240 140
101 -27 222
102 238 86
103 77 216
104 78 83
105 286 272
106 106 20
107 187 34
108 238 43
109 78 228
110 142 25
111 152 50
112 94 14
113 233 66
114 228 23
115 84 14
116 220 178
117 -8 222
118 193 140
119 190 264
120 188 264
121 220 168
122 78 239
123 11 113
124 25 166
125 54 142
126 138 253
127 107 134
128 70 14
129 217 23
130 227 112
131 106 32
132 77 181
133 139 272
134 166 36
135 42 222
136 235 129
137 266 46
138 54 129
139 156 133
140 77 195
141 238 77
142 158 133
143 70 27
144 284 250
145 205 31
146 42 191
147 130 210
148 177 222
149 9 115
150 35 89
151 264 31
152 35 191
153 151 207
154 25 117
155 242 43
156 251 124
157 189 219
158 205 24
159 122 55
160 245 129
161 187 36
162 139 270
163 -8 191
164 94 91
165 220 36
166 78 234
167 152 133
168 11 122
169 215 250
170 235 149
171 25 163
172 150 222
173 220 150
174 38 181
175 107 131
176 115 74
177 201 248
178 83 117
179 215 292
180 234 112
181 182 240
182 259 43
183 255 246
184 227 142
185 136 207
186 225 309
187 -15 222
188 79 83
189 38 172
190 154 134
191 90 89
192 186 178
193 193 155
194 220 161
195 235 123
196 263 112
197 78 244
198 177 219
199 235 131
200 235 46
201 232 66
202 202 248
203 235 112
204 182 228
205 265 80
206 70 66
207 224 247
208 18 129
209 220 69
210 103 14
211 245 123
212 141 25
213 252 138
214 213 98
215 154 136
216 165 207
217 122 75
218 251 126
219 28 89
220 240 31
221 258 31
222 42 89
223 139 256
224 134 52
225 16 85
226 220 173
227 94 89
228 215 263
229 147 210
230 249 31
231 153 134
232 249 250
233 9 129
234 106 27
235 106 37
236 265 66
237 42 211
238 116 126
239 182 232
240 21 166
241 87 89
242 227 150
243 129 132
244 77 198
245 75 85
246 165 219
247 265 97
248 42 85
249 60 239
250 129 74
251 148 210
252 231 201
253 232 53
254 12 82
255 116 55
256 68 59
257 138 256
258 78 253
259 266 66
260 42 197
261 43 209
262 139 132
263 286 309
264 194 264
265 119 253
266 37 117
267 243 202
268 142 36
269 183 107
270 81 253
271 78 85
272 238 66
273 75 89
274 143 207
275 -22 191
276 182 219
277 116 75
278 2 129
279 263 126
280 185 228
281 11 126
282 77 14
283 227 147
284 238 69
285 60 244
286 137 210
287 116 82
288 286 295
289 33 85
290 139 273
291 42 209
292 220 85
293 255 216
294 63 244
295 54 128
296 12 85
297 264 23
298 152 37
299 75 87
300 158 132
301 219 31
302 110 253
303 265 103
304 40 89
305 134 36
306 136 55
307 193 264
308 136 29
309 130 207
310 27 191
311 169 219
312 94 117
313 231 191
314 265 104
315 142 210
316 178 273
317 138 210
318 70 55
319 134 49
320 43 211
321 52 142
322 16 82
323 187 27
324 152 132
325 75 128
326 233 176
327 220 65
328 240 309
329 252 31
330 107 128
331 42 59
332 165 213
333 251 104
334 178 264
335 38 142
336 131 207
337 25 153
338 232 31
339 255 247
340 75 14
341 190 275
342 97 253
343 82 89
344 224 248
345 106 83
346 183 98
347 85 128
348 193 275
349 70 59
350 172 136
351 170 273
352 234 46
353 55 181
354 220 77
355 142 52
356 194 248
357 238 104
358 235 166
359 244 123
360 138 207
361 106 14
362 41 191
363 63 128
364 215 178
365 106 40
366 42 81
367 177 221
368 172 135
369 148 222
