349
0 91 238
1 259 77
2 289 173
3 199 80
4 168 241
5 22 289
6 266 255
7 150 183
8 104 130
9 126 169
10 150 169
11 104 168
12 237 116
13 64 155
14 22 48
15 34 289
16 71 100
17 111 232
18 282 96
19 18 36
20 83 153
21 278 71
22 100 50
23 98 120
24 211 265
25 126 241
26 150 200
27 226 121
28 102 209
29 40 48
30 83 158
31 25 247
32 15 247
33 192 56
34 169 163
35 212 188
36 143 130
37 79 158
38 283 96
39 67 130
40 167 231
41 161 164
42 18 48
43 169 164
44 24 236
45 142 241
46 73 155
47 287 146
48 68 238
49 182 114
50 186 113
51 57 290
52 245 243
53 2 221
54 215 113
55 157 158
56 144 253
57 246 96
58 42 233
59 287 161
60 182 117
61 245 89
62 179 265
63 140 241
64 247 77
65 192 23
66 141 98
67 61 61
68 83 155
69 92 182
70 283 138
71 121 10
72 289 204
73 188 23
74 141 10
75 20 289
76 159 241
77 40 50
78 157 164
79 214 77
80 15 288
81 104 295
82 68 225
83 61 123
84 289 182
85 64 26
86 61 236
87 168 232
88 95 120
89 271 243
90 143 219
91 210 77
92 229 138
93 106 10
94 253 96
95 128 241
96 178 272
97 41 69
98 222 90
99 41 61
100 61 34
101 83 148
102 25 233
103 104 271
104 199 265
105 238 262
106 92 205
107 237 138
108 57 297
109 95 64
110 71 96
111 145 230
112 249 255
113 79 148
114 238 96
115 104 231
116 306 59
117 90 297
118 52 266
119 192 37
120 104 284
121 41 89
122 87 153
123 179 272
124 170 272
125 48 233
126 132 241
127 131 104
128 168 221
129 133 98
130 104 238
131 182 23
132 271 244
133 95 27
134 199 118
135 38 48
136 289 225
137 24 233
138 44 207
139 104 297
140 57 238
141 170 283
142 252 77
143 186 114
144 2 222
145 215 116
146 226 133
147 104 251
148 101 297
149 170 10
150 192 51
151 275 59
152 174 290
153 258 59
154 100 10
155 132 104
156 182 118
157 77 155
158 167 164
159 283 71
160 245 255
161 91 228
162 221 90
163 259 89
164 116 130
165 289 243
166 70 130
167 61 26
168 68 203
169 90 120
170 92 209
171 202 89
172 289 207
173 3 8
174 287 173
175 218 121
176 68 96
177 236 262
178 113 130
179 242 210
180 163 241
181 90 89
182 92 178
183 287 140
184 212 179
185 73 26
186 41 97
187 306 71
188 242 243
189 154 231
190 92 26
191 132 130
192 168 229
193 61 50
194 97 50
195 111 169
196 95 35
197 108 130
198 161 241
199 132 250
200 91 203
201 146 169
202 116 104
203 99 155
204 185 265
205 215 118
206 271 255
207 149 221
208 155 10
209 238 90
210 205 179
211 104 268
212 212 193
213 68 206
214 104 169
215 95 54
216 44 222
217 143 114
218 168 272
219 68 212
220 205 193
221 164 10
222 245 253
223 53 61
224 2 215
225 149 230
226 150 220
227 236 265
228 52 251
229 192 34
230 143 123
231 175 290
232 100 25
233 289 190
234 6 15
235 150 215
236 104 241
237 31 222
238 71 130
239 192 57
240 15 289
241 61 130
242 227 90
243 170 284
244 67 238
245 132 253
246 79 153
247 90 26
248 140 230
249 168 231
250 233 90
251 52 247
252 15 255
253 104 164
254 102 178
255 284 138
256 52 289
257 3 30
258 71 104
259 244 77
260 149 219
261 199 77
262 104 255
263 88 89
264 61 35
265 249 59
266 136 230
267 219 265
268 41 123
269 79 149
270 43 289
271 2 207
272 135 253
273 215 103
274 100 64
275 18 35
276 238 210
277 104 146
278 178 287
279 116 120
280 170 275
281 168 220
282 178 290
283 199 89
284 169 158
285 215 90
286 79 297
287 15 261
288 104 153
289 178 278
290 110 231
291 61 128
292 216 116
293 184 265
294 79 155
295 192 64
296 65 26
297 218 118
298 6 30
299 267 59
300 104 250
301 146 241
302 249 71
303 100 35
304 170 23
305 123 130
306 148 219
307 168 164
308 68 233
309 122 250
310 64 153
311 43 233
312 93 153
313 186 64
314 289 214
315 95 50
316 23 247
317 10 207
318 68 89
319 237 137
320 6 8
321 104 232
322 168 253
323 283 105
324 104 142
325 229 133
326 71 129
327 230 138
328 224 77
329 72 26
330 98 297
331 204 77
332 61 127
333 143 128
334 3 20
335 136 219
336 133 232
337 61 51
338 95 26
339 141 114
340 104 155
341 287 138
342 266 71
343 170 280
344 68 236
345 41 107
346 132 98
347 128 130
348 170 290
