3007
0 1440 2230
1 2362 3369
2 5152 1642
3 2902 4637
4 3158 938
5 3211 1228
6 921 1085
7 1001 3732
8 2718 5205
9 3158 1199
10 324 321
11 1597 933
12 4722 3947
13 5885 869
14 4615 4878
15 2650 -31
16 3481 332
17 1839 765
18 2769 1238
19 1217 3718
20 4012 5386
21 4799 3317
22 1458 2154
23 2760 2425
24 1839 610
25 4898 927
26 5283 3991
27 839 4941
28 2041 2342
29 3656 5386
30 311 5687
31 2819 3243
32 3335 4519
33 4166 5047
34 1974 2407
35 815 4457
36 4371 4375
37 2443 5263
38 1635 3397
39 4499 1840
40 3079 5330
41 2770 3473
42 917 2654
43 392 1095
44 2106 1008
45 2893 617
46 2042 2342
47 205 3499
48 2790 1353
49 88 2898
50 2912 1267
51 5014 241
52 6224 3848
53 2364 1603
54 1772 3397
55 1839 619
56 2700 3263
57 4822 745
58 2790 919
59 5714 1075
60 4522 4122
61 2590 1374
62 1001 3718
63 5342 5805
64 4277 5749
65 3857 508
66 1208 4988
67 2590 1603
68 3361 1261
69 4487 5752
70 1659 5043
71 1183 3131
72 5201 3331
73 3273 3902
74 6224 4271
75 3079 5500
76 2042 240
77 1377 2592
78 1112 768
79 2125 3263
80 2361 3427
81 1659 5302
82 2978 5161
83 4970 1642
84 1474 3647
85 2060 5402
86 1250 479
87 3108 526
88 3660 83
89 1107 833
90 4217 502
91 4277 5543
92 2321 2342
93 1426 3321
94 5293 376
95 4184 4177
96 1655 855
97 313 3623
98 330 3992
99 1112 664
100 1659 5342
101 5974 3132
102 3757 340
103 5694 5817
104 4449 1835
105 312 4854
106 1115 2710
107 864 1084
108 4374 5752
109 2853 5168
110 1431 3647
111 2208 1715
112 3085 -59
113 4333 4892
114 6224 4405
115 5714 1609
116 2102 5707
117 1032 3718
118 5275 3095
119 1079 1605
120 173 4589
121 4734 3118
122 839 4589
123 421 1095
124 839 4920
125 2189 1915
126 4516 909
127 5293 369
128 4277 5585
129 4346 4070
130 3295 3346
131 2945 1082
132 3744 499
133 3079 5490
134 2896 2753
135 434 3334
136 4777 241
137 4480 31
138 6224 3950
139 761 5333
140 1712 1991
141 1994 1008
142 4499 2176
143 4502 3836
144 4416 4291
145 311 5318
146 1534 3783
147 1827 954
148 1722 3321
149 492 5053
150 5201 3858
151 1672 1316
152 4627 3858
153 3365 4511
154 85 5391
155 5407 1991
156 4862 3317
157 4277 5696
158 2904 1073
159 313 3633
160 5404 3747
161 4169 1943
162 4401 5752
163 280 4589
164 1527 3567
165 4379 5
166 918 833
167 6106 4537
168 2208 1729
169 4480 417
170 268 3311
171 1458 2230
172 2025 2767
173 4607 4878
174 5043 740
175 955 1517
176 4416 4267
177 1798 3321
178 4734 3160
179 4822 757
180 4694 2196
181 5366 1687
182 5680 869
183 4554 689
184 2195 1991
185 5342 5769
186 2060 5336
187 806 1822
188 3663 499
189 2959 3237
190 5852 869
191 4381 3484
192 1662 1487
193 1662 1621
194 2875 3090
195 1169 833
196 5821 3191
197 4416 5
198 3369 5592
199 1827 987
200 289 182
201 4235 1835
202 6224 4196
203 2326 27
204 3196 2390
205 88 2980
206 2760 2696
207 5353 1982
208 324 182
209 4483 262
210 1152 2436
211 916 1554
212 129 416
213 4291 3761
214 5452 1846
215 2563 3427
216 5974 3160
217 829 4531
218 1514 3911
219 6078 3747
220 280 4603
221 703 4708
222 1534 2303
223 2208 1156
224 1642 5206
225 1439 4927
226 331 2470
227 3108 553
228 2452 3427
229 4536 902
230 2060 5508
231 2590 1566
232 2522 5383
233 1193 3749
234 311 5734
235 700 5324
236 1527 3397
237 711 4251
238 1894 3009
239 2208 1836
240 1025 3749
241 324 204
242 5090 1846
243 1974 2759
244 1684 4978
245 5822 1522
246 1662 1607
247 2941 -59
248 4554 389
249 4595 902
250 2850 3090
251 3158 1036
252 2330 2333
253 1662 1352
254 6053 2862
255 1336 2776
256 6007 623
257 913 1047
258 3176 4535
259 5130 3952
260 4526 5752
261 557 1084
262 557 1415
263 1426 3422
264 639 1084
265 1268 826
266 4477 4892
267 316 3487
268 610 1437
269 982 1891
270 4501 4246
271 4597 4892
272 3549 1183
273 4884 1825
274 1440 2060
275 5439 1846
276 2922 2753
277 3894 508
278 4346 4152
279 4112 4197
280 2810 2753
281 5691 623
282 2865 2944
283 461 1370
284 5974 2862
285 255 4977
286 106 2525
287 155 2315
288 2893 712
289 1974 2342
290 3062 2753
291 4475 3484
292 2715 3427
293 2060 5641
294 474 4251
295 5728 5557
296 4554 241
297 5402 3191
298 3297 2043
299 3233 2414
300 2862 507
301 1116 768
302 1440 1961
303 330 4151
304 1672 1424
305 1070 2710
306 2042 2767
307 1682 4906
308 839 4801
309 1877 1915
310 4522 4170
311 2838 3771
312 4554 262
313 4515 705
314 817 5333
315 1215 2710
316 5137 1859
317 3158 424
318 4696 3948
319 5651 3191
320 3343 -59
321 5163 1862
322 1672 1636
323 374 4854
324 2861 3833
325 2042 192
326 5822 1193
327 5728 5127
328 4884 1789
329 4554 248
330 5126 1859
331 3011 5330
332 2226 3369
333 1527 3521
334 5949 3747
335 3079 5565
336 776 1637
337 1202 833
338 1088 4315
339 383 4262
340 1426 3555
341 5256 3991
342 1078 2710
343 4623 1835
344 3757 499
345 1672 1692
346 774 4603
347 1398 2592
348 2943 4476
349 5048 732
350 1426 3384
351 1672 1643
352 4791 1835
353 5201 3742
354 763 847
355 5074 241
356 4002 22
357 5822 1104
358 4805 3317
359 5221 1846
360 3549 548
361 958 4251
362 5543 3747
363 387 4856
364 4371 4636
365 3671 1183
366 6002 623
367 1894 2940
368 2912 1233
369 6224 3894
370 5630 4956
371 2002 169
372 662 1437
373 1772 169
374 2838 3765
375 3757 492
376 2978 5330
377 4734 3177
378 4136 4416
379 557 1370
380 4480 176
381 1473 2592
382 85 4978
383 5743 623
384 2638 5693
385 330 4034
386 330 3487
387 4343 3812
388 917 2617
389 839 4639
390 5535 4537
391 1644 5276
392 5580 3747
393 5433 3191
394 3275 4336
395 1290 2722
396 1892 1991
397 5160 1687
398 1112 519
399 3357 4511
400 6224 4028
401 1672 1300
402 978 1554
403 3581 836
404 5974 2890
405 1426 3370
406 85 5781
407 331 2315
408 5038 1982
409 346 1370
410 2473 2294
411 4178 4177
412 700 4949
413 6214 4537
414 3202 1261
415 368 4251
416 3295 3416
417 1477 2592
418 2706 5426
419 2437 2294
420 3164 2631
421 761 1084
422 2619 5693
423 1130 479
424 774 4262
425 812 4589
426 3055 404
427 3838 93
428 330 3858
429 1523 2520
430 132 1946
431 3108 634
432 2663 1086
433 2790 1332
434 1535 3321
435 619 3311
436 5342 5817
437 2354 5300
438 5822 1274
439 132 1833
440 4859 2196
441 5073 1982
442 812 4371
443 5096 1982
444 6224 4283
445 5822 1093
446 4480 456
447 3082 -59
448 4525 909
449 5160 3095
450 690 1531
451 700 5059
452 4554 466
453 1534 3670
454 5293 507
455 132 2072
456 727 4251
457 3727 499
458 1523 2465
459 3108 609
460 921 1084
461 700 5042
462 341 1531
463 4259 5386
464 3295 2043
465 195 3484
466 4480 133
467 120 3499
468 834 4942
469 4402 2196
470 330 4095
471 1649 391
472 4371 4664
473 1684 4906
474 2798 -31
475 2165 5707
476 1577 933
477 4652 4023
478 3481 252
479 2620 792
480 4995 5688
481 1527 3667
482 313 3499
483 2484 5205
484 2819 3242
485 5728 5400
486 3256 2095
487 3757 464
488 1672 1727
489 3380 2182
490 2060 5707
491 764 4251
492 2756 2390
493 897 1084
494 3361 1259
495 845 5333
496 763 864
497 1041 3718
498 251 1531
499 3380 2101
500 1001 4213
501 4696 4037
502 5483 3747
503 2836 2944
504 1336 3001
505 2981 3833
506 1336 3107
507 1527 3515
508 4291 3588
509 1672 1751
510 132 2062
511 774 1047
512 4277 5
513 3115 2798
514 2326 -31
515 3234 4389
516 1974 2431
517 5268 3095
518 2444 -31
519 5268 1846
520 2303 5618
521 3451 5592
522 5997 4537
523 190 532
524 2208 1464
525 2959 3392
526 1468 4988
527 5385 1687
528 65 3311
529 5151 241
530 132 2263
531 2611 2425
532 2330 1991
533 2637 2399
534 3549 1199
535 6078 2523
536 2925 2753
537 843 1822
538 2303 5328
539 3256 2126
540 3757 433
541 4455 4197
542 921 4251
543 5743 1609
544 4528 909
545 4455 1314
546 2522 5266
547 5728 5398
548 605 1437
549 3013 2448
550 2620 669
551 4277 4892
552 3042 2753
553 4626 1296
554 845 5394
555 324 226
556 5201 3821
557 2762 2390
558 4536 2176
559 330 4072
560 949 5396
561 1461 2592
562 336 5053
563 132 1571
564 1206 833
565 330 4214
566 3536 1261
567 3407 1199
568 4776 5752
569 2593 2294
570 2790 902
571 2590 1571
572 1112 753
573 4480 242
574 1597 855
575 3273 3934
576 956 5396
577 3164 2843
578 3357 4326
579 1264 3089
580 703 4680
581 174 2501
582 4499 1862
583 2218 1991
584 3273 3887
585 5717 4956
586 672 4627
587 4827 909
588 1426 3709
589 2002 5331
590 4512 3518
591 4482 4122
592 1894 2803
593 4522 4197
594 3335 4469
595 2522 5365
596 6078 2819
597 4371 4878
598 1246 4927
599 1827 957
600 789 4262
601 6078 2194
602 5441 542
603 4574 1927
604 5899 2118
605 5099 740
606 3108 787
607 1336 3046
608 311 5238
609 3883 508
610 3295 3354
611 5201 3807
612 3164 2945
613 2927 2448
614 3357 4389
615 4711 4232
616 280 4264
617 3365 4336
618 5537 1687
619 2975 5161
620 1662 1364
621 1894 2879
622 1174 4942
623 2975 1484
624 910 833
625 1644 5348
626 299 3662
627 4749 3882
628 1894 3120
629 1575 1891
630 106 2501
631 1827 930
632 5094 5751
633 1465 3681
634 5667 2118
635 5162 5751
636 5472 3191
637 2296 3369
638 3108 1031
639 4515 599
640 3256 2043
641 2295 3369
642 5293 458
643 2959 3471
644 4670 909
645 3213 4149
646 2593 2390
647 2010 5300
648 4734 3136
649 1123 2605
650 328 3382
651 132 1874
652 323 2315
653 3295 2998
654 5117 5751
655 330 4029
656 4863 927
657 2238 3369
658 1426 3686
659 2978 5189
660 839 4821
661 4928 3317
662 2990 -59
663 5012 3317
664 3757 398
665 3093 2519
666 129 242
667 4864 1835
668 3196 2414
669 2819 3366
670 1575 1809
671 4480 222
672 1440 1891
673 731 1788
674 3295 3007
675 4277 4985
676 1738 5342
677 3838 239
678 4847 5752
679 2408 -31
680 5974 2956
681 2805 4375
682 1088 4365
683 1336 2608
684 4480 77
685 4696 4022
686 2330 1837
687 5285 1687
688 1659 5219
689 1426 3681
690 4554 386
691 2416 1008
692 3093 2586
693 1070 2693
694 1712 2077
695 5112 3887
696 764 2024
697 1336 2777
698 873 1047
699 1205 3146
700 6224 4058
701 2801 633
702 815 4531
703 5308 1982
704 2862 4389
705 4626 5752
706 4863 909
707 2522 5566
708 1177 3131
709 5071 3858
710 1084 3131
711 2318 3369
712 541 3311
713 1839 716
714 4840 3106
715 4626 1273
716 1534 2286
717 5404 3914
718 1440 1939
719 455 4251
720 2893 560
721 3059 -59
722 6199 3747
723 2769 1302
724 2970 2448
725 5728 5480
726 5789 869
727 89 1180
728 2862 4214
729 132 1871
730 5098 1862
731 2803 633
732 3481 46
733 4711 241
734 5390 1859
735 5036 5751
736 3079 5430
737 917 2605
738 88 2804
739 1336 2953
740 3068 1087
741 1064 1655
742 984 1127
743 982 1915
744 2862 614
745 1440 1962
746 4515 902
747 4515 627
748 731 2024
749 1403 4927
750 1644 5015
751 2603 847
752 3481 -10
753 4087 4197
754 2303 5352
755 3357 4531
756 1350 2592
757 4660 1835
758 5237 241
759 3213 4266
760 5513 1991
761 85 5428
762 455 3311
763 1146 833
764 3894 22
765 5508 623
766 4711 4173
767 4884 1790
768 420 4603
769 4256 4177
770 4301 2001
771 2443 5205
772 213 4977
773 4696 3979
774 1999 3397
775 2140 3397
776 2346 1008
777 4900 1457
778 132 1531
779 4455 1298
780 2819 3144
781 4192 5
782 3757 498
783 2893 510
784 349 3311
785 291 2501
786 3295 3524
787 4166 4636
788 5052 1642
789 3365 4525
790 2943 4730
791 1894 3042
792 4711 4170
793 5404 3821
794 3060 5330
795 5451 5817
796 5775 1093
797 3273 4121
798 982 1909
799 4734 3212
800 3164 2674
801 4840 3095
802 4670 2196
803 1341 4927
804 766 3362
805 4122 5386
806 776 1788
807 4509 1273
808 4522 4157
809 5112 3915
810 1206 768
811 2760 2478
812 4277 4917
813 429 4856
814 188 2315
815 1314 4927
816 2303 5584
817 749 1084
818 3757 380
819 4512 3721
820 85 4977
821 4839 1835
822 4236 508
823 323 4603
824 2303 5537
825 5974 3191
826 1240 4988
827 3282 -59
828 6224 4445
829 672 4690
830 -119 1180
831 521 3401
832 5079 3095
833 3335 4389
834 3646 1183
835 2208 1546
836 5272 1687
837 2862 4131
838 2781 633
839 567 1531
840 1644 5116
841 1527 3655
842 5968 869
843 2294 3369
844 2904 1090
845 2522 5610
846 839 3388
847 4888 1982
848 5654 3191
849 5717 5045
850 330 4042
851 1064 1619
852 6069 869
853 2385 1008
854 2790 1370
855 5015 5688
856 1894 3217
857 4396 3836
858 1827 517
859 3549 678
860 3549 476
861 3213 3919
862 3660 499
863 311 5667
864 731 1726
865 1083 1605
866 85 5010
867 2943 4458
868 4948 3095
869 2207 1991
870 707 1517
871 2760 2753
872 3318 2043
873 5801 3191
874 5176 5751
875 4884 1682
876 3633 836
877 4512 3484
878 319 4262
879 700 5084
880 5293 506
881 3211 1230
882 5714 1087
883 5141 241
884 1985 2333
885 6224 4011
886 4275 4636
887 4499 1980
888 2130 1051
889 4626 1316
890 195 3487
891 5201 3351
892 4633 241
893 5799 2118
894 1380 2436
895 2326 240
896 2769 1236
897 4307 507
898 1324 2436
899 88 2893
900 1462 3709
901 1534 3678
902 4455 4892
903 2819 3245
904 2790 -31
905 2902 4741
906 4084 5386
907 4085 4197
908 2330 1610
909 2910 3833
910 474 4262
911 4533 909
912 6078 2118
913 2603 1008
914 4166 5060
915 2862 548
916 2522 5693
917 4515 968
918 3586 5507
919 4371 4672
920 1684 4914
921 3660 393
922 1894 2767
923 2805 4110
924 330 4165
925 6078 2778
926 5684 1004
927 2365 3263
928 423 1095
929 4455 1316
930 927 2605
931 2902 4764
932 1974 2428
933 1527 3437
934 815 4464
935 4210 4375
936 5106 1859
937 184 4977
938 6212 3747
939 109 4531
940 2002 5342
941 2282 3427
942 1083 1667
943 6224 3954
944 3574 1239
945 679 3311
946 3256 2127
947 1672 1449
948 1933 2333
949 3213 3955
950 256 3401
951 1123 2503
952 2303 5397
953 5390 3095
954 -22 1180
955 3115 2790
956 4296 4375
957 4291 3799
958 1827 712
959 812 4267
960 711 1084
961 1218 3131
962 4859 732
963 1633 4927
964 2836 4336
965 839 4707
966 1827 601
967 3068 1457
968 5082 5751
969 261 4977
970 2342 -31
971 1268 833
972 4328 4892
973 3295 3125
974 1477 5352
975 2779 4375
976 1074 2605
977 4554 326
978 4515 641
979 6122 623
980 2443 5300
981 5822 1605
982 2330 1959
983 471 4262
984 106 2781
985 1336 3146
986 1440 2428
987 331 2340
988 6224 4255
989 3108 1042
990 2524 3427
991 -98 1180
992 4574 1898
993 3273 3684
994 4512 3519
995 3164 2618
996 1477 4988
997 2303 5313
998 2975 1478
999 4515 569
1000 6078 2767
1001 3013 2666
1002 1642 4913
1003 2603 1086
1004 2936 1371
1005 3164 2940
1006 5143 5751
1007 1623 169
1008 151 532
1009 328 3337
1010 4218 4177
1011 4722 3893
1012 776 1795
1013 2362 3323
1014 5974 2936
1015 1879 1008
1016 2208 1817
1017 703 4720
1018 2945 1073
1019 1894 3287
1020 330 3540
1021 2569 3263
1022 5163 1977
1023 2893 523
1024 4166 4846
1025 976 1822
1026 4918 241
1027 765 833
1028 4166 4985
1029 3481 160
1030 4739 4892
1031 132 1876
1032 4374 3774
1033 2508 -31
1034 1642 5380
1035 4439 3484
1036 129 429
1037 1857 1051
1038 5099 732
1039 3660 147
1040 4997 5688
1041 2752 4528
1042 1426 3443
1043 984 1164
1044 3273 4210
1045 982 1884
1046 5903 869
1047 4277 5458
1048 6130 833
1049 2853 5161
1050 2522 5205
1051 5163 1982
1052 2863 2944
1053 776 1747
1054 2975 1460
1055 1644 5399
1056 1675 391
1057 516 3401
1058 4354 4636
1059 4884 1441
1060 2760 2698
1061 1440 1901
1062 3009 5330
1063 1839 391
1064 589 1437
1065 1860 792
1066 3230 5592
1067 3357 4336
1068 6224 3782
1069 1064 1667
1070 5201 3784
1071 1268 822
1072 4170 4177
1073 4277 5467
1074 1894 3265
1075 1586 3397
1076 775 1517
1077 921 1241
1078 6093 869
1079 4928 5752
1080 4480 433
1081 2959 3293
1082 6078 2559
1083 85 5574
1084 5653 1004
1085 2042 3181
1086 1759 391
1087 731 1845
1088 3633 541
1089 5219 3095
1090 3273 3816
1091 1860 1008
1092 4089 4256
1093 5098 1877
1094 1827 851
1095 910 1047
1096 4291 3768
1097 5431 542
1098 5667 5817
1099 311 5212
1100 3057 2944
1101 4979 5752
1102 1675 1751
1103 839 4668
1104 106 2624
1105 1598 3321
1106 2002 5300
1107 5562 5817
1108 310 5744
1109 4995 5747
1110 2795 5205
1111 2060 5565
1112 2501 -31
1113 5246 1982
1114 311 5156
1115 3757 279
1116 4929 1859
1117 2125 3323
1118 3285 2974
1119 1462 3911
1120 338 1180
1121 3006 -59
1122 3586 5592
1123 703 4606
1124 875 1554
1125 2862 3901
1126 4840 3107
1127 2945 1166
1128 2769 1301
1129 1094 5396
1130 5934 3191
1131 4995 5752
1132 1655 915
1133 4627 701
1134 2522 2294
1135 4480 173
1136 1653 169
1137 1662 1438
1138 2150 1051
1139 4795 1859
1140 1089 5396
1141 2208 1852
1142 6130 869
1143 4898 757
1144 2790 874
1145 2819 3125
1146 4515 626
1147 4574 1840
1148 984 1047
1149 5988 3747
1150 795 3362
1151 1662 1400
1152 1714 1751
1153 1427 4927
1154 2522 5336
1155 1088 4213
1156 155 1531
1157 6078 2862
1158 3668 1183
1159 3637 541
1160 4272 508
1161 1208 4942
1162 1671 4906
1163 4570 241
1164 4740 757
1165 2655 2425
1166 3178 4535
1167 5201 3739
1168 206 2315
1169 4277 5390
1170 1264 3017
1171 1659 4978
1172 3549 351
1173 984 1135
1174 739 5333
1175 5653 927
1176 5462 1991
1177 2208 1789
1178 2760 2948
1179 2904 5161
1180 3481 -2
1181 3169 4535
1182 3549 715
1183 5293 294
1184 4734 3172
1185 817 4589
1186 4385 1835
1187 3660 342
1188 839 3401
1189 763 833
1190 703 4658
1191 3093 2395
1192 3633 650
1193 1787 3321
1194 330 3596
1195 2862 518
1196 1993 1008
1197 2520 1603
1198 1617 2230
1199 1827 649
1200 2474 1603
1201 1746 459
1202 330 3557
1203 1796 3397
1204 1644 5287
1205 2902 4528
1206 2945 1169
1207 5229 241
1208 5279 1846
1209 263 4531
1210 776 1789
1211 1123 2492
1212 1872 3321
1213 4374 3836
1214 6057 4537
1215 2915 492
1216 3118 5592
1217 2469 2294
1218 1450 2592
1219 1894 2970
1220 678 3311
1221 1265 2436
1222 1244 479
1223 1440 2235
1224 1686 1751
1225 1644 4974
1226 4291 3543
1227 3102 404
1228 4831 909
1229 4365 1835
1230 2112 1915
1231 4574 2176
1232 4652 3931
1233 3549 733
1234 4512 3858
1235 3894 73
1236 132 1836
1237 4658 4892
1238 5208 3991
1239 2316 240
1240 5974 3100
1241 2208 1438
1242 4839 713
1243 3158 692
1244 1839 438
1245 2790 1053
1246 2288 3369
1247 3280 2974
1248 1081 3718
1249 3213 4389
1250 3278 2043
1251 4235 1943
1252 3273 3677
1253 85 5311
1254 1508 3321
1255 4346 3812
1256 5923 2118
1257 892 4251
1258 2790 1371
1259 132 2037
1260 5714 1093
1261 839 4365
1262 1827 917
1263 3068 1397
1264 538 5054
1265 538 5156
1266 4166 5048
1267 2620 763
1268 2125 3328
1269 273 3311
1270 4499 2105
1271 2279 1008
1272 5974 2994
1273 4884 1683
1274 65 3211
1275 132 2187
1276 3164 2648
1277 672 4705
1278 1981 1008
1279 905 2024
1280 2945 1252
1281 3216 2390
1282 2042 3237
1283 3838 74
1284 4749 3858
1285 3120 2586
1286 330 3867
1287 5714 1084
1288 2303 5300
1289 470 4262
1290 3213 3911
1291 5755 3747
1292 1083 1629
1293 3213 4056
1294 316 2315
1295 5001 3317
1296 5098 1965
1297 1575 1677
1298 2079 240
1299 1171 3749
1300 4708 909
1301 5201 3832
1302 4166 5058
1303 4439 4878
1304 2393 5300
1305 3574 1195
1306 1586 479
1307 4499 2110
1308 2837 2478
1309 763 986
1310 1644 5236
1311 181 1180
1312 2443 5225
1313 2554 5693
1314 4371 4666
1315 3660 88
1316 4656 4892
1317 2975 1517
1318 1801 5342
1319 2959 3090
1320 3481 194
1321 5426 542
1322 1602 366
1323 2060 5622
1324 3288 2974
1325 839 4942
1326 4538 2196
1327 4515 749
1328 2326 -20
1329 6224 4124
1330 2522 5572
1331 106 2785
1332 1440 479
1333 1827 784
1334 5787 869
1335 731 1596
1336 1597 955
1337 280 4500
1338 2053 3397
1339 4811 1859
1340 65 2980
1341 286 182
1342 2836 4389
1343 1112 630
1344 2902 4642
1345 4548 4892
1346 2425 3263
1347 836 1517
1348 311 5364
1349 4052 5386
1350 4515 658
1351 3121 5592
1352 4166 5037
1353 1856 169
1354 3134 5592
1355 763 1047
1356 1426 3340
1357 3295 3369
1358 5036 5688
1359 5578 623
1360 3108 887
1361 3335 4336
1362 1568 4927
1363 4574 1913
1364 984 1056
1365 127 1180
1366 3838 492
1367 760 2024
1368 160 5781
1369 3660 78
1370 125 1162
1371 3481 204
1372 3586 5386
1373 5784 3747
1374 2238 240
1375 2838 3681
1376 401 4251
1377 6059 2118
1378 2616 3263
1379 2271 1991
1380 5071 3882
1381 430 1370
1382 1644 4913
1383 5891 2118
1384 3838 388
1385 3240 -59
1386 4711 3959
1387 5221 1859
1388 2637 2390
1389 2208 1915
1390 5725 5127
1391 3213 4418
1392 1426 3478
1393 1925 1008
1394 1186 4927
1395 2832 -31
1396 3784 538
1397 4217 508
1398 3211 1261
1399 4512 5752
1400 85 5379
1401 4860 757
1402 313 3629
1403 2853 5205
1404 195 3450
1405 1672 1573
1406 2060 5300
1407 5700 4956
1408 685 1517
1409 1252 3718
1410 5210 3991
1411 132 1669
1412 3335 4326
1413 733 5333
1414 4554 620
1415 3481 301
1416 290 182
1417 4734 3269
1418 1356 4988
1419 5390 3191
1420 2959 3515
1421 984 1554
1422 4900 1572
1423 5825 623
1424 -16 3574
1425 3213 4242
1426 845 5367
1427 4884 1750
1428 195 3427
1429 318 3401
1430 565 1084
1431 85 5698
1432 106 2644
1433 113 4589
1434 2358 1610
1435 1712 2154
1436 5760 4537
1437 5404 3991
1438 3022 5330
1439 5441 612
1440 2902 4595
1441 4277 5060
1442 3784 520
1443 311 5741
1444 1174 4927
1445 2802 2753
1446 3273 3918
1447 4637 701
1448 1510 3911
1449 4910 1982
1450 2883 2944
1451 711 4262
1452 1575 1703
1453 1731 5342
1454 5293 241
1455 2893 690
1456 677 3401
1457 5163 1969
1458 2208 1152
1459 2862 4336
1460 2603 869
1461 777 1047
1462 3108 557
1463 4908 5752
1464 1023 4365
1465 5293 456
1466 3295 3107
1467 1974 2465
1468 5654 4956
1469 5014 732
1470 2646 3263
1471 330 3880
1472 5654 1687
1473 2819 3363
1474 2643 5693
1475 3213 4228
1476 2817 763
1477 261 5042
1478 4919 3095
1479 88 2785
1480 804 3362
1481 4655 909
1482 2862 485
1483 1569 855
1484 5308 1859
1485 1440 2289
1486 3674 1195
1487 5482 1687
1488 5112 3882
1489 2902 4696
1490 1655 924
1491 408 1370
1492 5100 1862
1493 4577 3858
1494 3861 73
1495 5147 1642
1496 4516 940
1497 3365 4535
1498 2303 5707
1499 2805 4089
1500 1575 1621
1501 3660 130
1502 5293 536
1503 338 1186
1504 2944 3833
1505 4346 4375
1506 1894 3321
1507 4626 1276
1508 1462 3723
1509 5293 425
1510 1462 479
1511 672 4603
1512 1839 694
1513 2430 -31
1514 3894 504
1515 4711 4065
1516 5390 3155
1517 4008 22
1518 5728 5459
1519 2790 1190
1520 5842 869
1521 1827 970
1522 841 1084
1523 151 3662
1524 1602 342
1525 5653 869
1526 2943 4418
1527 679 3345
1528 4669 4878
1529 2515 -31
1530 2752 4375
1531 4515 677
1532 5524 4537
1533 445 5053
1534 3108 817
1535 4863 911
1536 4711 4185
1537 3549 332
1538 2105 1051
1539 5201 3415
1540 2443 5209
1541 1662 1613
1542 5728 5814
1543 4241 5
1544 3155 5592
1545 4380 2196
1546 1442 1891
1547 5013 1642
1548 843 5333
1549 5130 3991
1550 526 3401
1551 177 1531
1552 524 3401
1553 3158 404
1554 4900 1607
1555 204 532
1556 1860 999
1557 817 1084
1558 4884 1471
1559 731 1740
1560 5741 869
1561 5717 5023
1562 3660 176
1563 4488 3836
1564 684 1437
1565 106 2592
1566 65 3060
1567 5716 3191
1568 132 2217
1569 3574 1261
1570 1827 468
1571 1659 5235
1572 4884 1835
1573 330 4146
1574 4455 4190
1575 984 1048
1576 3481 283
1577 3211 1199
1578 839 4392
1579 1112 479
1580 2208 1051
1581 5629 4956
1582 4240 5386
1583 1974 2445
1584 5373 542
1585 313 3571
1586 1477 5074
1587 1971 1915
1588 3838 183
1589 1827 841
1590 4169 2001
1591 1630 3397
1592 2760 2727
1593 1035 4213
1594 4492 3484
1595 5822 1196
1596 2297 240
1597 5795 4537
1598 5513 2113
1599 4884 1784
1600 6224 3747
1601 5201 3393
1602 2779 4528
1603 3458 1199
1604 1792 169
1605 4268 5386
1606 4515 945
1607 1659 5128
1608 4166 4805
1609 5667 869
1610 3273 3642
1611 3412 1261
1612 100 3499
1613 6024 4537
1614 3169 4534
1615 3108 584
1616 2303 5444
1617 839 4385
1618 1534 2409
1619 313 3572
1620 3361 1227
1621 2819 3332
1622 5728 5591
1623 1070 2686
1624 3079 5414
1625 2790 1120
1626 1534 2230
1627 116 4531
1628 5728 1609
1629 1268 786
1630 3079 5559
1631 132 1629
1632 210 182
1633 1644 4999
1634 2309 1991
1635 85 5602
1636 2682 5693
1637 5360 3095
1638 5064 1982
1639 4900 1466
1640 2590 1407
1641 1534 2448
1642 1001 3749
1643 5068 3095
1644 731 1897
1645 3706 499
1646 4709 701
1647 4235 1862
1648 5832 869
1649 429 4854
1650 2943 4764
1651 4371 4863
1652 1637 3397
1653 2930 1371
1654 2706 5693
1655 6224 4288
1656 5724 623
1657 685 1437
1658 2769 1110
1659 5341 3991
1660 85 4991
1661 2124 5707
1662 1827 689
1663 5262 5751
1664 1534 3949
1665 261 5763
1666 4235 1937
1667 6126 869
1668 1271 3146
1669 2862 633
1670 2330 1814
1671 1827 459
1672 3703 78
1673 1223 3749
1674 984 1517
1675 725 4262
1676 4882 1982
1677 4900 1441
1678 839 4375
1679 4522 4130
1680 4416 4246
1681 4374 3828
1682 2945 1306
1683 101 4977
1684 2769 1086
1685 2443 5276
1686 328 3401
1687 4881 757
1688 4469 3774
1689 3172 3833
1690 3838 358
1691 4210 4416
1692 2329 1008
1693 2695 3427
1694 853 833
1695 731 1625
1696 5378 3991
1697 330 3726
1698 2330 1809
1699 4412 5
1700 129 182
1701 1714 1784
1702 3335 4525
1703 1827 916
1704 2668 633
1705 3123 -59
1706 4835 757
1707 3481 96
1708 1974 2409
1709 4822 902
1710 428 5053
1711 3361 1246
1712 2362 3283
1713 2883 -59
1714 129 493
1715 1839 446
1716 1070 3140
1717 2838 3955
1718 3549 524
1719 2208 1285
1720 2016 3397
1721 2330 2342
1722 3838 504
1723 1662 1293
1724 5300 3095
1725 2204 3369
1726 2364 1609
1727 3108 620
1728 4634 902
1729 2760 2501
1730 3013 2466
1731 1078 3146
1732 1602 391
1733 2994 2944
1734 2440 2425
1735 1074 2710
1736 318 4603
1737 4513 1273
1738 3068 1276
1739 4573 757
1740 1477 5396
1741 2898 3090
1742 2790 763
1743 1633 4906
1744 5947 869
1745 1906 2398
1746 4499 2113
1747 3757 246
1748 1602 169
1749 1684 4917
1750 2392 3427
1751 2902 4648
1752 2769 1371
1753 3213 3967
1754 776 1690
1755 -118 1180
1756 2590 1371
1757 1974 2427
1758 2688 2425
1759 1576 4927
1760 4210 4378
1761 1712 2230
1762 2815 633
1763 3109 2753
1764 2620 633
1765 4435 1835
1766 4896 732
1767 1052 3749
1768 5684 5817
1769 5404 3786
1770 5342 5751
1771 3164 2607
1772 5822 1456
1773 3660 395
1774 3660 80
1775 921 1122
1776 1594 3321
1777 3436 1261
1778 5112 3952
1779 5728 5394
1780 1918 2748
1781 1440 4927
1782 839 3362
1783 984 1202
1784 561 3401
1785 5822 3747
1786 1435 3321
1787 449 4603
1788 4511 1840
1789 917 2659
1790 5091 3858
1791 2029 1991
1792 4480 5
1793 2002 5340
1794 3042 1457
1795 2842 3090
1796 185 2315
1797 1827 547
1798 6078 2755
1799 719 5333
1800 1906 1915
1801 2042 3263
1802 5907 623
1803 2303 5399
1804 5763 2118
1805 200 4977
1806 1612 855
1807 4555 3858
1808 6078 2642
1809 5201 3567
1810 1523 479
1811 3838 314
1812 1788 459
1813 3213 4336
1814 2893 646
1815 2060 5310
1816 3115 2867
1817 1655 479
1818 1290 2865
1819 3164 2621
1820 2714 2390
1821 2805 4126
1822 4480 326
1823 1009 4213
1824 3213 4103
1825 3013 2549
1826 4574 2032
1827 1655 955
1828 2784 4375
1829 2790 901
1830 1534 2465
1831 2348 -31
1832 4764 1835
1833 4574 1923
1834 1642 5392
1835 4880 3095
1836 776 1822
1837 5728 5669
1838 1444 2230
1839 1672 1574
1840 719 4942
1841 99 4977
1842 3273 4166
1843 1680 4978
1844 2060 5301
1845 330 3499
1846 2945 1199
1847 5159 241
1848 4266 4375
1849 4170 22
1850 814 2024
1851 1244 3718
1852 2959 3185
1853 2706 5526
1854 4803 1846
1855 4311 1835
1856 5372 3095
1857 1112 763
1858 221 5781
1859 1704 169
1860 180 1180
1861 1897 5342
1862 982 2024
1863 3633 633
1864 2836 -59
1865 5322 3095
1866 5728 5526
1867 1642 5329
1868 2760 3084
1869 3016 2753
1870 4544 909
1871 1534 2289
1872 5274 1982
1873 1290 2710
1874 4863 1835
1875 1112 595
1876 6021 2862
1877 2037 3397
1878 3261 5592
1879 4554 701
1880 654 3401
1881 731 1878
1882 4722 3882
1883 538 5138
1884 1527 3443
1885 1859 3321
1886 2097 2342
1887 3169 4473
1888 4169 1948
1889 907 5396
1890 1569 861
1891 2590 1415
1892 2282 3397
1893 4638 757
1894 3365 4326
1895 4949 3095
1896 5822 1367
1897 2330 1865
1898 5390 3142
1899 1440 2154
1900 819 1517
1901 4235 1839
1902 4277 5677
1903 132 1885
1904 969 4365
1905 2945 1371
1906 93 1162
1907 4371 4344
1908 2591 1371
1909 3158 499
1910 2705 633
1911 5293 542
1912 4884 1765
1913 5403 1846
1914 705 3362
1915 5728 5817
1916 1187 833
1917 2837 2626
1918 2945 1202
1919 2437 2425
1920 2978 5184
1921 1712 2016
1922 4291 3484
1923 1839 680
1924 2220 1008
1925 1894 2860
1926 3108 994
1927 1229 3146
1928 1827 1051
1929 4638 5752
1930 1534 3693
1931 3013 2537
1932 324 487
1933 1068 833
1934 3365 4389
1935 310 182
1936 4224 2001
1937 4652 3858
1938 5722 1093
1939 4263 5
1940 1070 2659
1941 1055 2659
1942 5407 1982
1943 2838 3907
1944 2805 4313
1945 -16 3601
1946 213 3311
1947 195 3417
1948 6224 3775
1949 1642 5322
1950 3295 3017
1951 4832 3118
1952 257 1531
1953 2461 5205
1954 2801 5205
1955 5163 1966
1956 324 532
1957 94 5781
1958 700 5200
1959 1482 3911
1960 4165 4178
1961 5201 3508
1962 5728 5737
1963 1440 1917
1964 830 4251
1965 2044 3263
1966 2042 3054
1967 -16 3592
1968 4554 569
1969 2893 604
1970 65 3283
1971 2507 -31
1972 577 3401
1973 5201 3640
1974 3089 1073
1975 399 3311
1976 1906 2401
1977 5605 3747
1978 5974 3061
1979 2208 1761
1980 4185 4177
1981 -9 3499
1982 3079 5592
1983 2292 2333
1984 3357 4535
1985 330 4251
1986 2711 5205
1987 2959 3593
1988 4220 5
1989 824 4531
1990 311 5744
1991 2322 3427
1992 4778 1835
1993 4829 701
1994 145 532
1995 4531 5752
1996 5717 5022
1997 5629 4558
1998 1426 3647
1999 1426 3413
2000 1290 2943
2001 5161 5751
2002 5713 3747
2003 1722 5342
2004 4822 701
2005 1247 5396
2006 88 2837
2007 1088 4215
2008 4502 1273
2009 2479 2294
2010 5386 1982
2011 5212 1982
2012 3991 5386
2013 3838 180
2014 700 5333
2015 4418 4246
2016 2081 2342
2017 1642 5268
2018 4839 732
2019 5357 1982
2020 2025 1991
2021 2790 1134
2022 2330 1938
2023 3549 551
2024 3068 1073
2025 1659 4980
2026 65 3020
2027 1057 4365
2028 4499 1914
2029 6151 4537
2030 5822 1515
2031 1356 4927
2032 918 1554
2033 2805 4133
2034 1462 3741
2035 4310 4636
2036 1642 5117
2037 3516 332
2038 3273 4326
2039 2760 2950
2040 2769 1285
2041 4131 22
2042 4416 4249
2043 5758 3747
2044 2084 1915
2045 1128 5396
2046 2706 5607
2047 2060 5540
2048 1477 5082
2049 4371 4857
2050 2904 1143
2051 4417 3836
2052 1575 1771
2053 311 5702
2054 3757 256
2055 5937 623
2056 1628 3397
2057 340 1370
2058 280 4531
2059 6036 3747
2060 1894 3041
2061 3357 4448
2062 2769 1261
2063 292 3487
2064 3108 958
2065 2837 2671
2066 812 4603
2067 3481 -59
2068 1894 2750
2069 700 5236
2070 4346 4177
2071 3013 2486
2072 4277 5651
2073 5098 1982
2074 4516 968
2075 3256 2182
2076 803 1047
2077 5897 3747
2078 1070 3131
2079 4938 5752
2080 -83 1180
2081 3283 3638
2082 2060 240
2083 4574 2148
2084 4865 1835
2085 2276 5707
2086 1644 4968
2087 883 2024
2088 4734 3258
2089 3838 463
2090 380 5053
2091 6032 3747
2092 4612 241
2093 3062 -59
2094 2886 2718
2095 4519 1273
2096 3481 -50
2097 2006 2333
2098 4371 4758
2099 5822 1380
2100 3335 4535
2101 1336 2815
2102 4192 22
2103 280 4370
2104 3273 3764
2105 3009 1457
2106 5098 1977
2107 3361 1220
2108 898 4365
2109 5652 4956
2110 2766 2753
2111 812 4299
2112 2943 4629
2113 3948 22
2114 5452 1859
2115 2303 5547
2116 1336 3090
2117 5404 3838
2118 2741 2390
2119 5097 1846
2120 4371 4654
2121 -119 1162
2122 1087 2710
2123 4671 4246
2124 1534 3667
2125 906 1047
2126 1644 5110
2127 1256 2436
2128 2042 2866
2129 2042 3224
2130 4898 902
2131 2071 5707
2132 2377 3427
2133 324 304
2134 2593 2323
2135 4371 4291
2136 4882 1993
2137 3179 3899
2138 4740 747
2139 306 1162
2140 2105 240
2141 3273 3854
2142 2060 5664
2143 4481 4122
2144 106 2572
2145 3172 3899
2146 4574 2134
2147 5237 1859
2148 5348 3991
2149 5565 3191
2150 2042 3120
2151 4291 3610
2152 1924 2748
2153 2364 1610
2154 1158 479
2155 2943 4495
2156 826 3401
2157 4652 3915
2158 3049 5330
2159 3169 4418
2160 4900 1642
2161 330 3944
2162 48 1162
2163 1161 5396
2164 2959 3454
2165 324 241
2166 1116 2710
2167 2708 1086
2168 1477 5395
2169 4719 4892
2170 4314 3484
2171 1839 779
2172 2522 5681
2173 325 4603
2174 1659 5311
2175 1462 3777
2176 2111 2333
2177 4307 508
2178 2912 1265
2179 1921 3397
2180 5638 3191
2181 3660 284
2182 1672 1699
2183 1672 1293
2184 1974 2424
2185 2342 1610
2186 731 1598
2187 2878 -59
2188 2706 5205
2189 5307 1846
2190 4696 4041
2191 6000 2118
2192 1967 1051
2193 1906 2390
2194 5728 5760
2195 4156 4197
2196 338 1122
2197 4407 3836
2198 2963 -59
2199 1684 4925
2200 2292 2342
2201 1714 1884
2202 1595 479
2203 5740 1609
2204 1019 2659
2205 6078 2471
2206 1527 3321
2207 815 4492
2208 2770 3427
2209 2522 5271
2210 2819 3223
2211 2760 2666
2212 6078 2301
2213 4016 22
2214 4621 701
2215 2125 3369
2216 1639 2230
2217 3471 -59
2218 4711 4104
2219 4488 4122
2220 3013 2718
2221 3757 342
2222 5487 3191
2223 6015 2862
2224 1662 1570
2225 2508 2425
2226 839 4711
2227 330 4077
2228 5086 3882
2229 2790 1166
2230 2916 2944
2231 2727 3427
2232 261 5744
2233 4328 1835
2234 1112 750
2235 3108 492
2236 1323 5396
2237 4554 346
2238 3295 3166
2239 77 3499
2240 1839 492
2241 2779 -31
2242 839 4480
2243 812 4262
2244 2536 3263
2245 1644 4915
2246 2107 240
2247 1181 2710
2248 -16 3662
2249 4711 4246
2250 1336 2891
2251 4688 909
2252 2208 1736
2253 4945 740
2254 1908 1915
2255 4574 1894
2256 2709 633
2257 2819 3188
2258 1336 2874
2259 2208 1260
2260 4528 4246
2261 3158 1117
2262 4558 757
2263 6224 4537
2264 4346 3952
2265 3213 3945
2266 930 4251
2267 2994 404
2268 1524 479
2269 2303 5612
2270 5728 5227
2271 5201 1846
2272 3633 720
2273 4858 902
2274 2825 633
2275 4636 5752
2276 1436 479
2277 3357 4392
2278 5830 2118
2279 2706 5380
2280 776 1576
2281 88 2860
2282 1174 4939
2283 1992 1915
2284 5705 1004
2285 270 4531
2286 2868 404
2287 4480 205
2288 3295 3148
2289 1133 3718
2290 2836 -58
2291 3784 508
2292 106 2755
2293 961 833
2294 4884 1744
2295 4740 701
2296 486 1095
2297 2604 -31
2298 4912 740
2299 132 2248
2300 5822 1474
2301 1581 3397
2302 1906 2426
2303 4963 3317
2304 876 1822
2305 1672 1522
2306 5727 5817
2307 3169 4510
2308 2934 2718
2309 4082 22
2310 5404 3985
2311 4740 902
2312 2760 2615
2313 5425 1991
2314 3273 3811
2315 4277 5058
2316 2449 -31
2317 1569 933
2318 700 5179
2319 3206 2390
2320 1336 2743
2321 1827 934
2322 5326 3095
2323 3633 625
2324 1290 3017
2325 4166 5007
2326 5914 4537
2327 188 2501
2328 5714 1004
2329 3108 774
2330 2303 5703
2331 1707 3397
2332 1674 4906
2333 3660 142
2334 85 5252
2335 2962 2718
2336 1777 1915
2337 2693 5693
2338 271 5744
2339 1001 2605
2340 518 5156
2341 4734 3317
2342 6224 4383
2343 1714 1915
2344 4522 4179
2345 2975 1457
2346 4740 909
2347 4593 757
2348 2970 -59
2349 3068 1352
2350 3492 1261
2351 982 1928
2352 1534 3691
2353 3712 541
2354 1123 2532
2355 5629 4903
2356 731 1787
2357 2704 3263
2358 3158 496
2359 2042 169
2360 903 1554
2361 3785 508
2362 1906 2333
2363 437 5156
2364 106 2613
2365 4160 5386
2366 5714 1687
2367 3108 924
2368 5728 5359
2369 3295 3205
2370 2303 5369
2371 2522 5322
2372 3013 2626
2373 5152 1687
2374 4739 4879
2375 4603 2196
2376 725 5333
2377 4085 4256
2378 5797 1093
2379 5214 1859
2380 2790 934
2381 2838 4049
2382 4613 909
2383 1328 4988
2384 2893 721
2385 5201 3523
2386 5524 4540
2387 4750 3317
2388 944 5396
2389 4795 1846
2390 4711 4130
2391 4978 1642
2392 4499 1894
2393 331 2501
2394 1527 3569
2395 6224 4478
2396 2042 3072
2397 3108 1073
2398 2862 600
2399 330 4110
2400 2208 1349
2401 2912 1226
2402 304 3311
2403 2790 1188
2404 2962 2390
2405 1336 2781
2406 3549 765
2407 4515 726
2408 3757 78
2409 4165 4177
2410 2899 4528
2411 1389 4988
2412 2303 5432
2413 2208 1150
2414 2652 2425
2415 2797 2944
2416 3078 1413
2417 1070 2667
2418 4696 3858
2419 435 3334
2420 5722 3191
2421 703 4603
2422 6224 4469
2423 1573 855
2424 4574 2072
2425 2707 3263
2426 2943 4580
2427 4860 3095
2428 2303 5456
2429 2303 5359
2430 271 3487
2431 2522 5340
2432 2912 1291
2433 5441 582
2434 3078 1517
2435 4719 3858
2436 4417 5752
2437 3658 5386
2438 3093 2390
2439 2836 -31
2440 4675 1835
2441 700 4942
2442 4480 95
2443 3078 1295
2444 2039 1991
2445 361 4251
2446 2790 1223
2447 88 2919
2448 4648 1835
2449 2760 2944
2450 1758 169
2451 2760 3263
2452 3660 459
2453 1679 169
2454 1534 2404
2455 1726 3321
2456 5759 3747
2457 4515 708
2458 3158 1016
2459 4706 1835
2460 3423 1261
2461 3078 1399
2462 729 1531
2463 1598 479
2464 2862 404
2465 2095 1008
2466 846 1047
2467 221 2501
2468 5728 5148
2469 1394 2592
2470 984 1138
2471 84 1162
2472 311 5486
2473 5404 3924
2474 4759 3317
2475 2991 5330
2476 2019 1051
2477 129 532
2478 330 3810
2479 154 532
2480 5293 291
2481 2862 4418
2482 1642 5276
2483 982 1822
2484 4351 4636
2485 1206 5396
2486 3633 655
2487 1001 4251
2488 917 2619
2489 1750 1915
2490 311 5053
2491 3701 541
2492 4211 5
2493 5201 3317
2494 4291 3622
2495 839 4637
2496 4522 4246
2497 4540 5752
2498 3549 454
2499 3915 5386
2500 2874 763
2501 2577 5693
2502 2934 492
2503 4869 5752
2504 4480 262
2505 4574 1968
2506 1781 459
2507 4620 701
2508 815 4435
2509 5100 3882
2510 3380 2043
2511 2108 3397
2512 4302 3484
2513 3473 -59
2514 1827 889
2515 1659 5012
2516 954 4251
2517 4475 4878
2518 895 1554
2519 1642 5255
2520 5187 1687
2521 5201 3360
2522 2445 3427
2523 164 1531
2524 226 182
2525 1575 1648
2526 2837 2448
2527 4512 3836
2528 672 4694
2529 1995 2333
2530 3674 1183
2531 1860 950
2532 3660 496
2533 3335 4534
2534 4739 241
2535 2208 1661
2536 2208 1058
2537 1974 2452
2538 2893 492
2539 4531 3858
2540 4822 909
2541 401 1095
2542 6130 623
2543 1860 965
2544 5717 5056
2545 5723 4537
2546 5974 2895
2547 3379 -59
2548 2837 2718
2549 2194 1008
2550 2687 2390
2551 1597 941
2552 2715 1086
2553 5717 5041
2554 3079 5398
2555 2862 535
2556 1462 3828
2557 2760 3148
2558 2819 3090
2559 2805 4159
2560 3037 -59
2561 4404 4878
2562 3468 1199
2563 2303 5501
2564 538 5053
2565 632 3311
2566 4995 5726
2567 2939 2448
2568 672 4742
2569 1346 2592
2570 115 3311
2571 4753 3317
2572 1112 642
2573 839 3377
2574 1045 3718
2575 587 3311
2576 3549 836
2577 1426 3358
2578 3757 362
2579 2687 2399
2580 5164 1687
2581 1833 1991
2582 4413 4878
2583 1290 2952
2584 2259 5707
2585 1070 3146
2586 2060 5665
2587 3660 205
2588 4480 461
2589 4574 2135
2590 1426 3611
2591 1122 5396
2592 731 1616
2593 2233 1991
2594 155 4977
2595 4307 502
2596 4693 1835
2597 4277 5019
2598 5055 740
2599 3481 -33
2600 3838 73
2601 2326 108
2602 5268 1982
2603 4455 1273
2604 4652 3908
2605 2760 2685
2606 2326 -24
2607 85 5031
2608 4291 3812
2609 679 3362
2610 2522 5624
2611 5537 5817
2612 2640 2399
2613 567 1084
2614 4512 3730
2615 356 4251
2616 1894 2946
2617 5629 4697
2618 1064 1605
2619 331 2445
2620 2987 1517
2621 4721 701
2622 1210 2710
2623 3256 2117
2624 333 4603
2625 4778 5752
2626 2373 5300
2627 4876 241
2628 5342 5804
2629 5332 1687
2630 2819 633
2631 4277 5568
2632 6224 4127
2633 3169 4442
2634 1208 4987
2635 3660 364
2636 731 1585
2637 3273 4177
2638 2904 1226
2639 3087 1073
2640 109 4534
2641 1659 5303
2642 5570 2118
2643 731 1531
2644 4455 4122
2645 1655 459
2646 85 5207
2647 1839 640
2648 2862 3960
2649 3838 488
2650 330 3769
2651 4699 902
2652 4089 4416
2653 3752 499
2654 4652 4011
2655 1440 2436
2656 3013 2683
2657 1074 4213
2658 5356 1859
2659 2593 2303
2660 2790 905
2661 5077 1859
2662 330 3995
2663 132 1795
2664 5974 2923
2665 845 5396
2666 4301 2196
2667 3357 4335
2668 2790 4528
2669 173 1162
2670 3447 5592
2671 1839 792
2672 1870 5342
2673 2862 563
2674 132 1682
2675 4583 902
2676 311 5416
2677 4480 466
2678 2087 240
2679 2303 5343
2680 2975 1500
2681 2912 1371
2682 1123 2507
2683 288 1162
2684 1642 5399
2685 147 1162
2686 4882 2196
2687 4277 5752
2688 313 3625
2689 4861 902
2690 5974 2914
2691 5418 542
2692 1514 3949
2693 2638 633
2694 246 3311
2695 1290 2988
2696 2060 5304
2697 985 4251
2698 4711 3952
2699 1728 3397
2700 2522 5643
2701 1827 605
2702 1462 3755
2703 763 994
2704 3273 4140
2705 6224 4395
2706 2303 5316
2707 1714 1871
2708 2908 3593
2709 2862 4173
2710 5441 623
2711 2887 3833
2712 721 5333
2713 3784 541
2714 328 3334
2715 2167 1915
2716 1590 479
2717 5479 3191
2718 1440 2305
2719 538 5134
2720 4474 2196
2721 85 5376
2722 936 833
2723 5822 1609
2724 5378 1982
2725 -102 1180
2726 106 2777
2727 845 5382
2728 3199 4535
2729 3078 1261
2730 1845 3397
2731 1514 3924
2732 4512 3774
2733 210 5781
2734 5201 3447
2735 3027 404
2736 333 1162
2737 1440 2287
2738 280 4262
2739 5397 1859
2740 2838 3719
2741 5611 4558
2742 742 1517
2743 29 3662
2744 2959 3460
2745 2862 4180
2746 4822 756
2747 480 1531
2748 1189 4927
2749 1569 931
2750 2117 1008
2751 1336 2737
2752 5293 356
2753 731 1772
2754 5342 5768
2755 812 4435
2756 2620 680
2757 3295 3151
2758 557 1437
2759 1084 4365
2760 2178 3397
2761 1336 2592
2762 1426 3444
2763 4535 466
2764 2959 3418
2765 4740 702
2766 1672 1583
2767 3164 2974
2768 4696 4006
2769 5189 3858
2770 1462 3749
2771 5163 1981
2772 338 1095
2773 2837 2504
2774 3295 3222
2775 2769 633
2776 375 4603
2777 2591 1086
2778 1712 2157
2779 173 182
2780 3068 1330
2781 4740 903
2782 324 1180
2783 2959 3192
2784 4165 4197
2785 4346 3971
2786 916 833
2787 3660 312
2788 839 4900
2789 2838 3593
2790 3115 2753
2791 4839 701
2792 1453 2154
2793 4571 3858
2794 1974 2767
2795 516 1531
2796 1092 3131
2797 800 4262
2798 1088 4350
2799 6224 3922
2800 1435 2592
2801 2111 2342
2802 4552 5752
2803 1894 2790
2804 3335 4454
2805 4464 3836
2806 1523 2592
2807 679 3356
2808 253 1180
2809 1350 4988
2810 3158 497
2811 3457 1199
2812 3115 2944
2813 1264 3131
2814 1839 709
2815 4898 740
2816 4734 909
2817 1677 459
2818 2282 3402
2819 85 5570
2820 3158 1039
2821 3213 3899
2822 776 1758
2823 5045 740
2824 3757 393
2825 5524 4558
2826 4739 4878
2827 3196 2411
2828 309 4854
2829 1096 833
2830 1063 2605
2831 1974 2350
2832 313 3662
2833 2861 3901
2834 2790 1147
2835 5427 3191
2836 2160 1008
2837 3233 2390
2838 1252 3749
2839 1577 855
2840 5629 4609
2841 3295 3638
2842 2923 2753
2843 895 1517
2844 3164 2586
2845 3169 4512
2846 672 4606
2847 1123 2436
2848 143 3311
2849 3624 836
2850 1213 3131
2851 2819 3160
2852 2760 2487
2853 1982 169
2854 4704 5752
2855 466 4251
2856 3108 685
2857 1440 2340
2858 703 4611
2859 1642 5280
2860 324 383
2861 3689 499
2862 109 4589
2863 4884 1781
2864 1644 5159
2865 2921 4764
2866 1268 768
2867 1527 3529
2868 5673 1687
2869 2769 1272
2870 557 1095
2871 5984 869
2872 2591 1165
2873 2921 -59
2874 5822 1358
2875 2819 3137
2876 700 5225
2877 2062 1991
2878 1814 3397
2879 2760 3049
2880 4453 3484
2881 5025 1982
2882 309 4856
2883 1642 5291
2884 4166 4647
2885 3078 1405
2886 2591 1253
2887 1050 2659
2888 3361 1199
2889 195 3401
2890 261 5781
2891 289 1180
2892 4499 1911
2893 2710 -31
2894 1982 1991
2895 4840 3118
2896 4720 902
2897 4517 326
2898 3273 3638
2899 1474 3681
2900 2408 5300
2901 2330 1790
2902 4712 4892
2903 1336 2796
2904 2959 3566
2905 4166 4944
2906 3078 1509
2907 4331 5
2908 5728 5587
2909 1131 2710
2910 2893 763
2911 3093 2398
2912 3078 1396
2913 4277 5386
2914 4499 4246
2915 3164 1261
2916 2805 4049
2917 2819 3473
2918 5513 2118
2919 1336 2965
2920 2752 4503
2921 338 1162
2922 4884 1787
2923 3301 4535
2924 703 4742
2925 5697 3747
2926 1290 2916
2927 3179 2974
2928 1839 729
2929 330 3728
2930 4233 4636
2931 3591 836
2932 4554 440
2933 155 1162
2934 4635 4892
2935 2790 1008
2936 839 4386
2937 2772 1371
2938 1768 3397
2939 -16 3499
2940 2609 5693
2941 839 4531
2942 5432 1859
2943 5098 1973
2944 924 833
2945 3097 2753
2946 3295 2974
2947 3095 1261
2948 812 4380
2949 132 2315
2950 85 5432
2951 3336 5592
2952 3381 1199
2953 187 1531
2954 4291 3538
2955 1292 2436
2956 776 1554
2957 3316 4326
2958 1129 479
2959 431 5156
2960 839 4636
2961 4652 4041
2962 4900 1445
2963 1894 2748
2964 338 1370
2965 4515 757
2966 6026 2862
2967 1839 452
2968 2518 -31
2969 588 3401
2970 1906 2465
2971 1534 3841
2972 4644 3858
2973 2591 1327
2974 2362 3263
2975 2603 792
2976 1974 2748
2977 1644 4970
2978 5717 5127
2979 1578 4927
2980 2129 3397
2981 132 1607
2982 1922 2748
2983 4480 367
2984 4247 1835
2985 4817 1835
2986 3273 4246
2987 2125 1008
2988 5390 3125
2989 1202 5396
2990 3093 2552
2991 516 3334
2992 939 1822
2993 6053 2118
2994 4472 4197
2995 4740 750
2996 5674 4537
2997 4721 2196
2998 984 1241
2999 4722 3952
3000 4233 2001
3001 3838 357
3002 2544 2425
3003 1662 1540
3004 2790 1041
3005 5133 3317
3006 311 5042
