796
0 287 349
1 111 362
2 364 229
3 680 169
4 381 482
5 424 733
6 467 726
7 382 531
8 480 737
9 193 578
10 409 388
11 402 261
12 337 331
13 819 516
14 548 78
15 193 612
16 712 155
17 327 502
18 377 694
19 629 56
20 310 419
21 331 229
22 698 183
23 676 516
24 444 85
25 440 429
26 486 760
27 310 358
28 480 265
29 232 79
30 424 708
31 101 254
32 176 139
33 313 574
34 454 135
35 116 632
36 508 105
37 361 745
38 200 563
39 116 614
40 730 202
41 348 525
42 401 206
43 54 351
44 154 370
45 314 79
46 822 537
47 337 358
48 555 581
49 176 489
50 640 621
51 401 95
52 393 388
53 331 277
54 331 240
55 250 308
56 329 308
57 131 439
58 382 482
59 691 516
60 632 730
61 393 368
62 299 628
63 176 111
64 402 254
65 637 399
66 515 130
67 115 120
68 671 118
69 331 308
70 265 543
71 263 349
72 531 865
73 409 297
74 557 589
75 664 91
76 332 249
77 760 516
78 205 614
79 193 563
80 303 456
81 506 113
82 145 484
83 200 708
84 640 726
85 467 723
86 617 527
87 450 584
88 667 569
89 307 497
90 423 525
91 347 70
92 377 359
93 408 388
94 242 349
95 314 81
96 56 268
97 118 614
98 75 268
99 176 487
100 366 81
101 656 325
102 382 288
103 363 229
104 497 522
105 362 531
106 482 352
107 769 328
108 822 551
109 82 658
110 798 569
111 391 566
112 42 387
113 81 83
114 496 311
115 361 732
116 234 303
117 369 244
118 101 243
119 645 527
120 307 502
121 345 244
122 272 308
123 330 502
124 424 741
125 183 722
126 204 719
127 402 259
128 101 304
129 328 823
130 486 801
131 401 203
132 621 816
133 450 535
134 822 516
135 167 484
136 633 513
137 610 78
138 442 89
139 192 439
140 362 548
141 182 111
142 26 668
143 111 381
144 467 737
145 172 502
146 616 527
147 299 646
148 748 328
149 405 601
150 224 322
151 247 563
152 386 81
153 239 439
154 640 730
155 424 748
156 508 107
157 234 304
158 130 469
159 340 244
160 645 530
161 223 111
162 637 500
163 254 823
164 337 322
165 509 865
166 511 77
167 711 202
168 586 572
169 331 305
170 486 327
171 736 569
172 265 456
173 359 359
174 376 303
175 444 110
176 651 78
177 401 119
178 424 679
179 664 86
180 204 439
181 347 60
182 377 60
183 666 530
184 442 303
185 298 79
186 694 516
187 634 293
188 806 569
189 582 77
190 361 772
191 178 319
192 307 823
193 429 725
194 712 139
195 176 520
196 499 356
197 511 517
198 310 435
199 171 439
200 262 441
201 361 816
202 409 303
203 93 409
204 312 502
205 147 439
206 43 262
207 429 203
208 482 359
209 66 102
210 278 823
211 486 865
212 424 692
213 333 497
214 307 461
215 616 78
216 671 516
217 499 327
218 66 351
219 798 328
220 193 708
221 361 791
222 204 773
223 204 722
224 207 614
225 526 865
226 555 570
227 621 795
228 508 77
229 733 516
230 349 229
231 478 283
232 640 659
233 96 120
234 444 124
235 32 658
236 667 621
237 117 99
238 120 697
239 391 560
240 482 344
241 162 484
242 334 81
243 442 283
244 506 96
245 337 318
246 450 577
247 548 108
248 614 56
249 417 381
250 621 788
251 299 665
252 586 553
253 409 279
254 200 697
255 75 263
256 814 569
257 479 400
258 667 588
259 633 519
260 414 203
261 176 502
262 391 531
263 702 202
264 420 601
265 408 601
266 466 135
267 214 614
268 66 120
269 231 349
270 478 429
271 362 546
272 615 852
273 111 401
274 210 823
275 490 522
276 637 381
277 429 687
278 484 333
279 713 202
280 482 333
281 417 389
282 176 143
283 193 700
284 444 525
285 621 737
286 538 56
287 507 65
288 265 558
289 719 569
290 755 516
291 548 113
292 74 658
293 83 120
294 199 708
295 50 262
296 116 83
297 416 676
298 183 614
299 176 493
300 348 229
301 724 247
302 478 303
303 117 117
304 455 283
305 380 694
306 822 553
307 406 203
308 116 677
309 229 439
310 606 77
311 439 601
312 333 502
313 213 563
314 393 372
315 346 823
316 499 346
317 26 681
318 452 240
319 482 311
320 182 349
321 640 713
322 656 307
323 436 429
324 393 288
325 402 269
326 75 267
327 230 349
328 176 484
329 417 119
330 351 359
331 310 433
332 482 737
333 194 439
334 511 503
335 63 409
336 621 852
337 452 203
338 332 245
339 362 574
340 290 435
341 292 435
342 193 111
343 568 77
344 741 202
345 506 65
346 442 129
347 234 435
348 402 260
349 548 77
350 499 367
351 376 482
352 265 516
353 672 183
354 161 319
355 176 497
356 555 589
357 139 484
358 634 353
359 478 291
360 325 497
361 486 737
362 608 56
363 613 77
364 652 293
365 480 264
366 125 143
367 629 77
368 357 482
369 183 697
370 345 823
371 117 153
372 101 255
373 193 697
374 204 800
375 299 645
376 781 569
377 586 589
378 584 865
379 500 865
380 429 709
381 807 569
382 637 503
383 204 715
384 239 79
385 313 823
386 445 135
387 66 92
388 337 359
389 297 456
390 724 234
391 409 576
392 377 78
393 117 106
394 246 349
395 258 665
396 630 737
397 494 265
398 43 268
399 356 574
400 734 569
401 424 676
402 744 569
403 26 664
404 637 444
405 486 754
406 82 675
407 670 169
408 130 439
409 154 424
410 239 435
411 409 694
412 130 465
413 42 351
414 521 77
415 695 516
416 455 366
417 390 456
418 347 78
419 818 569
420 89 83
421 404 203
422 725 328
423 390 482
424 453 283
425 265 536
426 724 241
427 401 81
428 117 115
429 116 697
430 424 683
431 822 559
432 293 665
433 154 435
434 224 349
435 307 456
436 486 836
437 402 694
438 741 229
439 674 169
440 154 349
441 455 359
442 385 303
443 712 169
444 442 132
445 417 359
446 482 303
447 340 229
448 168 614
449 337 337
450 201 697
451 387 229
452 250 665
453 475 535
454 796 516
455 475 525
456 400 694
457 724 230
458 447 601
459 413 601
460 486 748
461 154 400
462 207 111
463 116 686
464 42 386
465 85 409
466 715 202
467 490 516
468 82 687
469 182 304
470 616 519
471 433 119
472 301 617
473 116 626
474 276 79
475 232 111
476 619 519
477 205 823
478 452 264
479 393 303
480 70 262
481 429 740
482 548 79
483 103 83
484 712 156
485 117 204
486 796 280
487 634 367
488 822 569
489 810 516
490 290 456
491 664 78
492 154 389
493 504 503
494 223 665
495 666 522
496 548 130
497 417 384
498 172 501
499 204 802
500 355 482
501 271 823
502 538 865
503 486 840
504 308 502
505 204 709
506 54 658
507 347 574
508 265 563
509 467 693
510 402 279
511 337 357
512 606 865
513 457 283
514 712 131
515 289 505
516 433 135
517 364 288
518 640 622
519 656 328
520 204 697
521 442 99
522 444 109
523 424 678
524 82 673
525 377 61
526 606 78
527 45 687
528 189 439
529 470 359
530 490 503
531 204 823
532 668 569
533 350 525
534 712 164
535 433 303
536 690 183
537 402 270
538 576 589
539 480 135
540 336 823
541 116 669
542 810 280
543 494 865
544 745 516
545 820 328
546 479 419
547 444 135
548 469 429
549 282 308
550 712 118
551 429 676
552 348 489
553 116 673
554 42 409
555 268 435
556 417 402
557 271 349
558 154 433
559 223 661
560 182 319
561 176 722
562 424 729
563 694 118
564 301 622
565 479 367
566 388 525
567 204 721
568 452 259
569 140 304
570 262 435
571 629 60
572 442 95
573 554 56
574 179 111
575 178 614
576 269 308
577 26 658
578 696 169
579 195 111
580 361 288
581 414 576
582 117 156
583 702 183
584 490 505
585 409 359
586 450 576
587 167 435
588 307 505
589 640 708
590 361 793
591 615 865
592 42 371
593 455 402
594 555 577
595 204 700
596 439 402
597 362 549
598 724 280
599 488 865
600 629 737
601 421 203
602 44 268
603 814 516
604 313 601
605 450 552
606 106 304
607 26 669
608 436 135
609 417 390
610 664 118
611 224 323
612 215 435
613 176 550
614 117 143
615 656 293
616 467 710
617 130 466
618 265 559
619 555 553
620 337 321
621 436 203
622 182 325
623 411 525
624 117 169
625 496 283
626 310 391
627 66 88
628 480 130
629 161 308
630 633 503
631 401 229
632 346 288
633 383 229
634 734 280
635 111 389
636 482 327
637 820 280
638 204 736
639 301 601
640 670 183
641 101 206
642 135 484
643 154 350
644 305 505
645 101 289
646 176 563
647 637 367
648 595 865
649 277 79
650 66 83
651 78 351
652 224 303
653 273 435
654 667 603
655 475 530
656 630 730
657 361 823
658 328 574
659 479 429
660 100 409
661 310 349
662 391 81
663 442 82
664 450 570
665 427 429
666 332 244
667 391 570
668 116 675
669 577 77
670 361 694
671 204 614
672 666 516
673 390 429
674 484 344
675 299 622
676 117 145
677 223 663
678 402 244
679 513 865
680 490 508
681 667 570
682 496 265
683 618 77
684 163 308
685 820 299
686 755 569
687 193 614
688 741 213
689 390 525
690 176 697
691 413 676
692 442 115
693 265 505
694 117 120
695 640 660
696 613 78
697 348 482
698 646 621
699 223 633
700 361 703
701 313 598
702 218 563
703 393 359
704 182 308
705 508 113
706 101 240
707 154 416
708 204 807
709 111 351
710 278 435
711 193 581
712 234 308
713 315 574
714 212 435
715 408 279
716 75 262
717 511 522
718 596 77
719 429 736
720 360 78
721 183 709
722 495 130
723 332 288
724 507 56
725 621 839
726 204 702
727 820 326
728 117 107
729 200 614
730 333 244
731 42 393
732 444 82
733 223 614
734 216 563
735 306 79
736 170 304
737 703 516
738 106 83
739 576 77
740 496 289
741 74 120
742 637 407
743 172 497
744 409 366
745 450 601
746 226 303
747 26 687
748 347 288
749 405 576
750 363 482
751 413 694
752 822 530
753 712 135
754 486 817
755 130 484
756 660 621
757 598 56
758 749 280
759 111 409
760 362 554
761 352 78
762 737 569
763 449 402
764 564 553
765 206 111
766 223 642
767 724 271
768 265 441
769 176 135
770 337 303
771 74 351
772 204 738
773 395 525
774 393 379
775 428 576
776 741 230
777 499 349
778 101 204
779 37 658
780 385 81
781 640 714
782 182 614
783 442 135
784 427 601
785 117 83
786 291 79
787 429 748
788 193 611
789 633 510
790 467 676
791 362 533
792 654 78
793 154 403
794 271 79
795 457 135
