2326
0 2962 1635
1 2005 2944
2 4358 1820
3 24 1690
4 1036 486
5 1134 844
6 622 2618
7 3420 4186
8 1638 49
9 2302 3567
10 4345 4977
11 4426 3697
12 4312 1795
13 1318 4473
14 983 2255
15 378 2948
16 2286 258
17 4514 3492
18 382 1627
19 936 3821
20 1331 208
21 2212 1851
22 22 4082
23 439 1627
24 4758 1889
25 3870 5415
26 4589 3147
27 1202 3670
28 1989 3146
29 3154 4229
30 3423 2682
31 4008 2334
32 5017 448
33 2286 512
34 2984 562
35 4785 2478
36 1036 182
37 4106 2275
38 1267 3838
39 3553 1783
40 3378 3214
41 346 1334
42 3870 5066
43 1134 1007
44 3279 3186
45 3323 189
46 577 248
47 378 2913
48 1964 389
49 4348 3957
50 1035 2528
51 5442 2341
52 536 1502
53 1415 3541
54 4127 3367
55 2637 4323
56 744 491
57 4369 3637
58 896 491
59 480 4976
60 346 1329
61 3093 4619
62 2637 4649
63 1269 4985
64 3344 4229
65 1076 4547
66 1036 403
67 2914 344
68 2367 1857
69 2971 1623
70 1607 67
71 3951 2337
72 303 4171
73 2785 4262
74 87 3969
75 281 943
76 236 2830
77 1874 4399
78 1923 3905
79 1230 570
80 1104 2255
81 2351 1946
82 670 3916
83 4986 795
84 2750 384
85 4585 3182
86 4428 -224
87 5389 1774
88 236 2663
89 1066 5001
90 378 3086
91 4138 3147
92 1758 3541
93 3491 3085
94 5012 2773
95 280 846
96 4651 1889
97 3245 3943
98 981 491
99 2229 3595
100 1022 1284
101 1490 2379
102 2022 3923
103 105 4301
104 1787 570
105 37 4657
106 725 2908
107 2986 338
108 74 3969
109 1607 49
110 3807 3
111 3981 -224
112 983 1892
113 755 4093
114 343 4683
115 3441 2710
116 4156 -224
117 378 2834
118 622 2443
119 4872 2478
120 1269 4948
121 758 2618
122 4328 3957
123 1787 563
124 577 196
125 1840 712
126 999 549
127 454 529
128 2691 4741
129 988 4580
130 2424 512
131 1307 4216
132 3011 4161
133 493 529
134 2911 3284
135 4359 1795
136 3029 827
137 26 151
138 1362 2255
139 1373 4563
140 1269 4834
141 2286 411
142 272 3086
143 2011 2944
144 1831 590
145 5442 1981
146 3070 4500
147 83 846
148 1615 2379
149 4581 3671
150 343 4697
151 2911 3334
152 3042 4262
153 983 2302
154 3364 2984
155 3125 799
156 5442 2169
157 1639 4572
158 59 4770
159 4439 2131
160 236 2612
161 1373 4445
162 2351 1982
163 3150 455
164 4543 3671
165 3054 5155
166 3245 3700
167 892 2503
168 4514 3591
169 4785 3147
170 210 3155
171 1176 311
172 4293 2166
173 2637 4607
174 3069 827
175 4081 3049
176 2984 407
177 3510 4795
178 4293 2055
179 4238 2375
180 2022 3967
181 1146 1919
182 3916 5443
183 4439 2265
184 4624 3697
185 3316 4186
186 2658 4262
187 3348 1731
188 1923 3981
189 2147 3196
190 3245 3582
191 37 4604
192 3225 1692
193 3768 3038
194 482 5190
195 3323 244
196 24 1713
197 334 3962
198 1044 4306
199 4652 3957
200 3738 3214
201 1840 579
202 1615 2342
203 105 4217
204 105 4556
205 764 491
206 1351 2374
207 4913 1470
208 1838 1063
209 1445 3541
210 3739 3038
211 3560 1775
212 5389 1708
213 2276 3559
214 3951 2102
215 1390 2995
216 1134 1252
217 2351 1877
218 59 4556
219 1066 1676
220 2317 4519
221 2517 4223
222 1546 2177
223 2276 472
224 2264 512
225 2355 1857
226 4357 1795
227 1787 4349
228 1269 5001
229 4165 5120
230 2906 344
231 363 2084
232 48 2084
233 2076 3146
234 1373 4342
235 3125 553
236 1061 2351
237 281 846
238 745 3007
239 2842 338
240 2022 4083
241 2009 1072
242 729 3007
243 983 1768
244 3553 1838
245 1383 2995
246 4183 2275
247 3951 2406
248 624 3150
249 5442 2085
250 1003 2351
251 3199 5375
252 1838 1073
253 1414 3211
254 2632 384
255 3391 4229
256 4382 4651
257 3620 4954
258 4209 2275
259 3054 4788
260 1267 3700
261 2249 512
262 13 151
263 1002 357
264 340 1526
265 4986 2787
266 396 4115
267 910 2907
268 3423 2710
269 1043 630
270 640 196
271 1036 354
272 1607 142
273 4829 1256
274 323 151
275 3054 5214
276 910 2788
277 1018 1152
278 2804 572
279 3951 2311
280 612 196
281 2873 827
282 483 2428
283 1787 4465
284 4894 1470
285 1838 1091
286 2147 3310
287 1036 488
288 1923 3641
289 105 3969
290 2113 4535
291 1671 198
292 3054 4934
293 438 3155
294 1450 3541
295 1607 94
296 983 1869
297 1587 2379
298 2994 3393
299 1691 387
300 1414 3154
301 1947 3905
302 983 2428
303 -2 151
304 4514 3636
305 4933 2478
306 661 196
307 4624 3861
308 1328 570
309 919 1729
310 3125 806
311 3266 4066
312 4208 3367
313 393 3884
314 2984 473
315 210 3799
316 3364 3040
317 3283 265
318 1691 532
319 3379 5375
320 1036 487
321 228 1627
322 1301 1252
323 1309 3928
324 -64 547
325 1331 488
326 1923 3663
327 1018 949
328 4853 2478
329 728 4093
330 2424 484
331 1036 184
332 988 4514
333 2147 3061
334 3185 1401
335 3955 2413
336 410 4697
337 4214 3321
338 2950 4262
339 3724 2125
340 1326 4473
341 4304 1795
342 5017 280
343 4858 1256
344 290 2774
345 2593 572
346 210 3242
347 3432 1731
348 378 2774
349 1134 711
350 22 4371
351 3420 4066
352 261 4665
353 3282 1447
354 3060 265
355 1840 532
356 5389 1619
357 4785 2477
358 24 1995
359 3125 647
360 346 1578
361 4785 2842
362 1943 4056
363 1002 488
364 2923 3505
365 2286 266
366 4514 3654
367 722 2808
368 3174 3200
369 5017 225
370 3068 4186
371 4436 3697
372 3154 4407
373 1134 863
374 1002 138
375 4772 2107
376 901 3155
377 3106 832
378 948 3526
379 62 2084
380 4509 4367
381 1060 2398
382 1076 4379
383 2986 265
384 1023 1084
385 2288 4458
386 983 2315
387 1018 566
388 1202 4314
389 3540 137
390 2072 2914
391 1126 630
392 3283 4106
393 5442 1831
394 350 3086
395 1018 1084
396 1202 3657
397 1658 135
398 928 5001
399 215 4665
400 482 2355
401 1831 570
402 4094 5443
403 1284 1284
404 3125 649
405 983 2304
406 3282 1682
407 4302 1795
408 639 1502
409 4754 3147
410 3381 3085
411 1766 389
412 4359 1815
413 5442 2066
414 260 3821
415 577 201
416 3213 4106
417 635 4093
418 1658 142
419 1354 4298
420 1116 630
421 2146 4609
422 1269 4648
423 4812 2341
424 445 3884
425 4329 3460
426 3951 2345
427 4466 4309
428 970 5001
429 2911 3297
430 2016 3905
431 281 951
432 3620 4796
433 4341 -224
434 3540 159
435 1134 570
436 4829 1239
437 821 491
438 2696 827
439 3560 1883
440 5389 1685
441 13 846
442 613 5190
443 2160 291
444 1202 3707
445 2517 4168
446 999 4580
447 1036 196
448 2775 384
449 1018 1284
450 2659 4262
451 1269 4657
452 1353 3928
453 393 3155
454 2684 4262
455 1060 2379
456 1494 3541
457 1365 2351
458 5002 1470
459 4362 3460
460 3215 537
461 3293 265
462 1132 3928
463 1434 3275
464 1050 1284
465 4586 1889
466 3245 3935
467 281 1065
468 2500 384
469 670 3884
470 4585 3329
471 24 1733
472 1874 4273
473 1134 891
474 3282 1629
475 711 549
476 2080 3146
477 1169 4400
478 776 3007
479 343 4675
480 983 2272
481 983 2351
482 2637 4556
483 3154 4483
484 1086 2351
485 4757 956
486 3620 4913
487 2984 426
488 4585 3255
489 2147 3475
490 3027 1526
491 3154 4370
492 239 2084
493 1018 1104
494 926 3821
495 2700 4168
496 4460 3957
497 5017 572
498 807 3884
499 948 3489
500 1615 2378
501 3053 3505
502 5214 2341
503 4182 3147
504 -64 643
505 2009 1091
506 4214 3263
507 1007 2639
508 2911 3329
509 4798 2107
510 3620 4777
511 3437 3085
512 5012 2787
513 1267 3928
514 303 4040
515 1018 708
516 3420 4204
517 701 2618
518 2205 1851
519 401 3155
520 2118 3595
521 340 181
522 116 4212
523 3510 4688
524 3234 3200
525 786 5190
526 269 3155
527 4369 3697
528 3993 3049
529 4764 216
530 2767 827
531 1932 3663
532 3951 2381
533 4624 3722
534 254 3086
535 1125 2374
536 748 2618
537 378 3005
538 281 915
539 3323 254
540 715 2808
541 1882 1072
542 194 1627
543 948 3790
544 37 4675
545 4833 2787
546 4585 3233
547 4293 2054
548 242 1627
549 722 5190
550 1264 570
551 1169 4379
552 4858 1427
553 2070 2944
554 1233 4358
555 3870 5263
556 37 4773
557 563 4093
558 116 4405
559 1434 3260
560 3133 4619
561 4785 2850
562 4021 1924
563 2876 4161
564 3225 1635
565 3245 3907
566 2198 1929
567 3294 4106
568 1036 16
569 1375 3892
570 822 3007
571 4812 2229
572 346 1492
573 1044 4418
574 462 1627
575 1039 2374
576 4514 3468
577 1205 4358
578 2403 1851
579 1088 4379
580 4757 879
581 2311 4609
582 4772 1979
583 2147 3317
584 3449 3085
585 1976 1091
586 3150 3584
587 1269 4805
588 223 4665
589 1936 4056
590 1434 3417
591 3054 4779
592 3349 1781
593 1372 2379
594 3392 2932
595 1615 2233
596 85 3969
597 1092 4305
598 5389 1596
599 236 2532
600 1414 3000
601 1779 2944
602 4345 4803
603 2775 4164
604 3090 3200
605 398 3155
606 1331 570
607 1055 3928
608 3951 1924
609 5442 2138
610 4008 2275
611 5442 1894
612 4999 2341
613 340 1512
614 3441 2682
615 2058 3196
616 1414 2995
617 3209 3214
618 4050 2275
619 4165 5223
620 405 4093
621 1838 998
622 2210 4458
623 5006 225
624 4250 4977
625 998 2255
626 4369 3460
627 1176 276
628 2318 4401
629 3198 3393
630 4439 1989
631 20 151
632 5170 2341
633 1076 4490
634 290 2594
635 3154 4255
636 2629 572
637 483 529
638 1044 2528
639 2911 3217
640 1025 1039
641 1689 4572
642 919 1714
643 1923 3961
644 836 3155
645 4942 1470
646 1202 4239
647 878 196
648 2290 1851
649 2265 1851
650 4624 4367
651 4110 5443
652 836 3007
653 2259 4609
654 4439 1971
655 3553 2103
656 3870 5443
657 1018 928
658 3952 5443
659 5131 2341
660 4476 3816
661 346 1448
662 1297 4216
663 4858 1470
664 1373 4216
665 3215 553
666 761 335
667 1338 4298
668 1036 139
669 2153 389
670 1383 2976
671 -64 756
672 2147 3200
673 1134 984
674 3870 5245
675 4668 2415
676 303 4091
677 4345 4656
678 4585 3215
679 236 2566
680 290 2612
681 4173 3367
682 4709 2415
683 2994 3454
684 3054 5329
685 948 4054
686 4757 795
687 480 5145
688 1647 2976
689 4833 2478
690 295 3865
691 3907 3049
692 2002 3196
693 948 3592
694 1094 2255
695 861 5001
696 3364 3085
697 3106 847
698 397 1281
699 3737 3038
700 95 846
701 807 3821
702 3677 159
703 1730 3541
704 1233 4437
705 1018 549
706 843 335
707 295 3862
708 689 549
709 1336 2995
710 5442 2054
711 4126 -224
712 3620 4840
713 3510 4849
714 3560 1888
715 2045 3146
716 2217 1929
717 1434 3356
718 910 2639
719 4571 1156
720 3887 3367
721 1207 2255
722 167 846
723 4621 3671
724 3027 1468
725 4007 -224
726 1134 708
727 4756 3147
728 5389 1532
729 4566 2375
730 3054 5056
731 3194 3690
732 5330 1470
733 3553 1781
734 4887 1470
735 952 2428
736 1106 3928
737 406 529
738 1267 4260
739 2911 3407
740 2998 4161
741 861 5019
742 2490 384
743 3915 3049
744 1607 68
745 1094 3441
746 1693 389
747 3905 5443
748 3245 4066
749 4785 3123
750 910 3155
751 1206 3441
752 443 4697
753 548 529
754 2198 1902
755 3065 827
756 3054 5050
757 3215 455
758 1893 2944
759 1576 198
760 2725 572
761 2453 4401
762 5017 694
763 1816 2944
764 4662 4309
765 654 1558
766 1691 320
767 239 1627
768 4525 1889
769 2517 4367
770 1002 -53
771 3028 1635
772 3027 1501
773 1036 397
774 3093 1468
775 4165 5112
776 2637 4361
777 3348 80
778 397 1324
779 4629 2415
780 2160 389
781 3350 4186
782 624 3073
783 4829 1196
784 2491 4401
785 2286 277
786 1485 2976
787 4829 1245
788 4243 2375
789 4585 3267
790 2639 384
791 5114 2341
792 4622 2415
793 2113 4459
794 4439 2110
795 1607 58
796 1407 2995
797 1002 435
798 4592 4367
799 919 1676
800 4662 4148
801 4476 3953
802 4786 2478
803 5017 640
804 2552 682
805 4008 2413
806 5442 1961
807 4609 1156
808 4215 2313
809 517 3155
810 4757 1028
811 3054 5375
812 3100 4619
813 1018 576
814 4851 2478
815 480 4871
816 4328 3517
817 1373 4568
818 1025 992
819 1018 774
820 482 2084
821 5017 649
822 2998 1635
823 2517 4378
824 3054 4741
825 340 349
826 210 3206
827 1169 4407
828 1365 2374
829 4214 3338
830 2542 4168
831 983 1919
832 1136 1919
833 3252 4066
834 612 1627
835 4703 1100
836 3364 2979
837 2923 3477
838 210 3167
839 3620 4771
840 2262 4609
841 1658 115
842 3201 1401
843 4345 4497
844 5442 2172
845 1269 4832
846 1840 1058
847 812 196
848 3027 1529
849 3150 3668
850 1543 2379
851 341 2774
852 629 3007
853 1219 570
854 4302 1820
855 2799 827
856 1060 2505
857 2661 806
858 -64 846
859 3085 3407
860 -64 248
861 2911 3473
862 4817 1196
863 1691 293
864 1989 3190
865 2147 2862
866 303 2774
867 281 1195
868 482 2428
869 966 491
870 746 5190
871 1377 2255
872 1134 1088
873 3690 3038
874 3441 2932
875 1048 196
876 144 151
877 2554 4168
878 1213 1676
879 4785 2806
880 1267 4247
881 2752 4168
882 303 4048
883 3324 80
884 3154 4280
885 2351 1857
886 3125 589
887 3117 3510
888 4068 3367
889 3225 1777
890 3560 1921
891 1354 4473
892 3053 1468
893 340 403
894 728 3884
895 4165 5148
896 290 2727
897 2984 384
898 3553 2043
899 4800 216
900 2286 434
901 4439 1966
902 350 529
903 4345 4373
904 334 4150
905 3175 1635
906 2552 572
907 3387 4229
908 2637 4265
909 1331 564
910 1134 630
911 1169 335
912 585 1627
913 1202 4323
914 480 4853
915 1495 4572
916 334 3907
917 1528 2379
918 2995 265
919 107 2084
920 3364 3186
921 2833 4161
922 4624 3681
923 4215 2275
924 910 2895
925 988 4545
926 1025 1084
927 3225 1731
928 4514 3460
929 2584 682
930 667 2871
931 1334 4473
932 741 549
933 1217 1676
934 4015 5443
935 1018 630
936 3770 3038
937 354 2774
938 1269 2374
939 1208 2379
940 5442 1895
941 4293 2001
942 2914 3477
943 3947 3049
944 3054 5202
945 1615 2177
946 1724 3541
947 1722 546
948 4058 3367
949 4492 2346
950 4627 1889
951 3125 600
952 1044 2522
953 3282 1731
954 424 1438
955 1620 4572
956 281 1134
957 1466 2225
958 980 2639
959 1076 4580
960 2271 512
961 1169 4580
962 3070 4294
963 3560 3214
964 3154 4438
965 37 4710
966 5017 632
967 4627 1196
968 1190 4216
969 4282 2375
970 1002 355
971 4584 4367
972 1096 2351
973 2278 2834
974 1167 2374
975 4174 -224
976 1658 49
977 3198 3582
978 4578 2415
979 4770 216
980 3154 4619
981 3015 1623
982 2861 4161
983 2198 1851
984 4563 3460
985 4231 2375
986 577 324
987 1217 1807
988 2870 338
989 4624 4309
990 670 3941
991 4812 2266
992 1234 1252
993 1967 3905
994 1840 988
995 3510 5358
996 3622 1977
997 3807 66
998 -64 768
999 650 529
1000 741 491
1001 4703 1156
1002 3620 4859
1003 1970 4401
1004 480 4753
1005 334 3884
1006 1235 2255
1007 343 4134
1008 3125 844
1009 3050 1468
1010 3724 2088
1011 3364 3079
1012 4476 3697
1013 1177 1919
1014 2508 384
1015 2942 572
1016 3627 3214
1017 1691 389
1018 210 3401
1019 3281 3186
1020 3427 1731
1021 397 1432
1022 116 4309
1023 3215 3582
1024 1920 389
1025 4439 2003
1026 4510 1889
1027 1036 84
1028 24 1693
1029 1267 3859
1030 3870 5411
1031 2223 1982
1032 3620 4977
1033 2160 258
1034 948 3570
1035 3887 3214
1036 1331 490
1037 1269 4583
1038 4690 3147
1039 543 2428
1040 4293 2346
1041 667 2939
1042 2860 827
1043 1354 4391
1044 3147 265
1045 2911 3376
1046 4514 1889
1047 295 3857
1048 3215 496
1049 3553 1977
1050 1202 4281
1051 4293 2124
1052 4858 1270
1053 596 1502
1054 4462 3957
1055 5012 2533
1056 779 5190
1057 1680 198
1058 3385 3186
1059 4165 5298
1060 3323 80
1061 3510 5363
1062 2022 3988
1063 1355 2351
1064 340 529
1065 2228 2862
1066 514 529
1067 3627 3085
1068 3325 4186
1069 823 196
1070 1874 4299
1071 815 3821
1072 182 1627
1073 2424 389
1074 3127 265
1075 1018 1186
1076 3870 5308
1077 4868 2787
1078 2984 572
1079 2939 4741
1080 4370 4309
1081 4345 4849
1082 3029 4161
1083 993 335
1084 3443 3085
1085 5442 1829
1086 175 846
1087 644 1502
1088 906 5001
1089 4753 2415
1090 3141 265
1091 3027 1500
1092 5442 2184
1093 3341 4186
1094 2160 311
1095 1076 4477
1096 1267 3616
1097 3644 4977
1098 4328 3617
1099 1217 1755
1100 4703 1104
1101 4585 3460
1102 2661 769
1103 3229 1401
1104 2147 3345
1105 948 3821
1106 4478 1889
1107 2977 1635
1108 3150 3537
1109 1386 3441
1110 2986 455
1111 2956 338
1112 861 5100
1113 4601 4367
1114 2113 4458
1115 2517 4173
1116 3005 3494
1117 3976 5443
1118 4165 4977
1119 1029 2351
1120 1373 4525
1121 1020 2528
1122 749 3007
1123 1136 3928
1124 2072 2930
1125 736 549
1126 1434 3441
1127 4955 2341
1128 24 1803
1129 1058 196
1130 281 1239
1131 1018 879
1132 713 2618
1133 3186 3200
1134 2377 512
1135 1134 4281
1136 -64 461
1137 1607 50
1138 3245 4027
1139 1840 1005
1140 3070 4600
1141 1373 4518
1142 1562 3541
1143 1134 592
1144 1466 2177
1145 836 3077
1146 2286 292
1147 281 1071
1148 1134 4305
1149 3054 4746
1150 3085 3298
1151 3106 1468
1152 59 4614
1153 340 1472
1154 2986 344
1155 4293 2234
1156 3054 4981
1157 1354 4346
1158 3053 3510
1159 223 4171
1160 2147 3146
1161 1414 3105
1162 948 3659
1163 4757 841
1164 4554 216
1165 3628 3038
1166 3627 3182
1167 1059 335
1168 4345 4496
1169 4812 2107
1170 2984 428
1171 480 4697
1172 5012 2645
1173 1722 4572
1174 4945 2787
1175 1687 3541
1176 2920 4262
1177 4226 4977
1178 1104 2374
1179 4293 1924
1180 3887 3257
1181 1018 992
1182 2166 4401
1183 389 4115
1184 1920 4401
1185 892 2618
1186 233 3155
1187 506 3155
1188 1658 123
1189 3123 860
1190 3323 251
1191 254 2830
1192 59 4775
1193 2893 572
1194 2517 4395
1195 290 2565
1196 263 3086
1197 4165 5060
1198 334 4133
1199 334 3998
1200 2517 4193
1201 1398 3441
1202 4439 2269
1203 4328 3829
1204 1267 4216
1205 910 2732
1206 3870 5258
1207 1076 2374
1208 983 1729
1209 4837 795
1210 254 3084
1211 624 3007
1212 890 4093
1213 3627 3164
1214 3070 4267
1215 37 4673
1216 4081 3054
1217 254 2944
1218 708 2618
1219 2986 309
1220 2994 3494
1221 1122 4379
1222 948 3505
1223 3846 3049
1224 2702 4741
1225 1332 4216
1226 2022 3595
1227 1838 979
1228 4785 2848
1229 4146 1924
1230 1331 558
1231 1331 229
1232 1838 834
1233 2147 3278
1234 1267 3880
1235 3245 3905
1236 1018 795
1237 1202 4216
1238 3053 4741
1239 1607 126
1240 3887 3303
1241 1974 3905
1242 334 4072
1243 4428 -139
1244 2317 4609
1245 858 2618
1246 1331 304
1247 415 4697
1248 624 3155
1249 2147 3360
1250 4571 1196
1251 4174 3367
1252 1380 3541
1253 3854 4977
1254 2195 2834
1255 3282 1590
1256 2637 4741
1257 4337 4977
1258 1794 4273
1259 1062 4580
1260 1036 367
1261 4081 3147
1262 1691 198
1263 897 335
1264 3198 3420
1265 4328 3891
1266 577 329
1267 1217 1852
1268 861 5027
1269 281 1045
1270 1787 4572
1271 4165 5443
1272 217 151
1273 3187 5375
1274 1691 256
1275 2217 1851
1276 2661 682
1277 2480 4401
1278 5442 2251
1279 3081 3494
1280 1466 2255
1281 116 4345
1282 4476 3915
1283 3752 159
1284 281 1133
1285 3184 3668
1286 4785 2415
1287 343 4115
1288 1874 4333
1289 322 3155
1290 482 2258
1291 3620 4933
1292 670 3939
1293 2249 258
1294 1312 4216
1295 457 4093
1296 877 4093
1297 2986 297
1298 2795 4262
1299 346 1455
1300 2842 344
1301 3194 3668
1302 3215 546
1303 3054 5300
1304 1267 4298
1305 1336 2976
1306 4757 1196
1307 1838 1087
1308 2994 3244
1309 22 4077
1310 3597 4688
1311 281 1255
1312 1002 149
1313 460 4093
1314 457 3155
1315 3106 827
1316 447 2084
1317 2994 3397
1318 3510 5359
1319 1134 4216
1320 4624 3671
1321 1018 1278
1322 1923 4051
1323 3566 3214
1324 397 1438
1325 2683 4168
1326 4086 -224
1327 1838 1014
1328 667 2845
1329 3154 4534
1330 1331 198
1331 1923 3936
1332 1787 4466
1333 2637 4498
1334 4382 4632
1335 405 4115
1336 210 3255
1337 5079 2341
1338 3077 4619
1339 1375 3822
1340 5017 506
1341 4368 4309
1342 4566 2379
1343 1375 3541
1344 3807 -224
1345 1923 4056
1346 4347 -224
1347 4345 4829
1348 2892 827
1349 4440 3697
1350 1043 4580
1351 2147 3211
1352 2911 3419
1353 116 4488
1354 236 2792
1355 809 2618
1356 1373 4369
1357 3758 4977
1358 1355 3441
1359 2833 572
1360 4293 2259
1361 590 3884
1362 254 3025
1363 3673 3214
1364 229 1627
1365 3282 1451
1366 983 1863
1367 2317 4545
1368 4439 2181
1369 193 846
1370 4662 4142
1371 2204 2862
1372 2273 3559
1373 4815 2341
1374 4958 216
1375 4969 216
1376 2449 4401
1377 2351 1912
1378 3420 4093
1379 1076 4383
1380 3085 3494
1381 1193 3441
1382 5017 373
1383 4662 3957
1384 4874 2341
1385 4629 1889
1386 3039 827
1387 1071 2379
1388 211 4665
1389 3027 1494
1390 1892 3541
1391 3647 159
1392 725 2808
1393 5017 604
1394 536 1459
1395 979 5001
1396 4215 2364
1397 1414 3068
1398 1002 335
1399 2160 384
1400 4368 3957
1401 2994 3433
1402 4566 2396
1403 5389 1609
1404 4439 2203
1405 1036 169
1406 3668 2125
1407 480 4980
1408 394 4115
1409 1043 2255
1410 1134 1018
1411 3620 4888
1412 4644 4309
1413 1202 4264
1414 1926 1072
1415 577 312
1416 4214 3367
1417 4345 4309
1418 4812 2294
1419 4624 3754
1420 3054 5072
1421 4312 1820
1422 3194 3706
1423 2214 4609
1424 671 335
1425 4345 4857
1426 4514 3671
1427 2923 3488
1428 3520 80
1429 220 3821
1430 2637 4574
1431 1874 4395
1432 1267 4276
1433 1923 3909
1434 105 4058
1435 4428 -51
1436 3161 1401
1437 3797 3049
1438 1615 2251
1439 4439 2104
1440 1267 2379
1441 5212 2341
1442 1269 4661
1443 3827 4977
1444 115 2084
1445 1036 351
1446 2806 4262
1447 3441 2705
1448 4972 795
1449 1267 3910
1450 2378 4401
1451 1874 4386
1452 482 2091
1453 3478 80
1454 2517 4383
1455 3106 1442
1456 4214 3147
1457 3027 1623
1458 3302 4186
1459 340 155
1460 1169 4412
1461 3234 3186
1462 852 491
1463 480 5190
1464 5149 1470
1465 1202 3928
1466 729 335
1467 358 4115
1468 482 2408
1469 2817 827
1470 5442 1982
1471 3070 4619
1472 4785 2979
1473 631 335
1474 3282 1409
1475 59 4726
1476 334 4171
1477 611 3884
1478 346 1556
1479 3229 4106
1480 3620 4781
1481 3553 1893
1482 210 3165
1483 1202 4358
1484 2266 1982
1485 848 2618
1486 2364 1857
1487 2661 827
1488 3294 5375
1489 3085 3209
1490 3179 1401
1491 3025 4741
1492 1002 69
1493 5017 656
1494 3046 3494
1495 2022 3905
1496 -58 151
1497 3809 3049
1498 2317 4543
1499 254 3046
1500 1414 3027
1501 3907 5443
1502 1865 3541
1503 1060 2404
1504 132 151
1505 5017 291
1506 254 2831
1507 -64 309
1508 1874 4367
1509 4468 4309
1510 4775 1196
1511 1774 546
1512 2351 1978
1513 667 2808
1514 4514 3587
1515 1699 389
1516 1036 -81
1517 210 3586
1518 3898 5443
1519 5389 1829
1520 981 549
1521 2223 1929
1522 3343 4229
1523 1176 245
1524 4023 3367
1525 1365 2995
1526 4428 -24
1527 3290 1781
1528 3475 80
1529 215 151
1530 210 3441
1531 4384 3697
1532 1354 4372
1533 983 2374
1534 1923 3541
1535 482 2135
1536 5017 301
1537 3560 1810
1538 3510 5163
1539 4527 3460
1540 1399 198
1541 237 4171
1542 105 4246
1543 4293 2029
1544 254 2952
1545 3632 1977
1546 2238 3559
1547 1134 1104
1548 2775 4168
1549 1647 2944
1550 3501 80
1551 897 196
1552 4586 2415
1553 3378 80
1554 922 196
1555 622 2499
1556 3387 4066
1557 3553 1921
1558 116 4526
1559 2994 3200
1560 948 3807
1561 945 491
1562 1823 4273
1563 995 4456
1564 4812 2136
1565 1324 1252
1566 4293 2293
1567 4439 1953
1568 3553 2081
1569 2351 1873
1570 3282 1485
1571 116 4172
1572 116 4665
1573 842 196
1574 346 1498
1575 1413 198
1576 4566 2348
1577 2562 4168
1578 2111 389
1579 984 2255
1580 948 4093
1581 2775 4161
1582 2937 572
1583 5078 1470
1584 47 1627
1585 1331 242
1586 3870 5135
1587 340 419
1588 1002 17
1589 2984 481
1590 290 2743
1591 948 3750
1592 4617 216
1593 4471 2346
1594 432 2084
1595 3282 1582
1596 1860 4273
1597 116 4171
1598 1973 4137
1599 1217 1770
1600 983 1811
1601 1060 2439
1602 4439 2346
1603 4624 3876
1604 2022 3645
1605 3054 5298
1606 1217 1691
1607 667 3007
1608 1269 4879
1609 4585 3202
1610 1989 3153
1611 1176 209
1612 1460 198
1613 3282 1471
1614 941 3988
1615 3054 5322
1616 4345 4818
1617 2227 3559
1618 1937 2944
1619 24 2084
1620 1036 3928
1621 1838 1084
1622 2086 3146
1623 397 529
1624 4618 216
1625 3054 4931
1626 4293 1985
1627 1314 1284
1628 397 1239
1629 1354 4403
1630 1267 3822
1631 2795 384
1632 3807 76
1633 1002 2255
1634 1060 2485
1635 2022 3631
1636 105 4524
1637 2637 4608
1638 1607 131
1639 356 1255
1640 1685 3541
1641 3770 3049
1642 4056 2275
1643 2144 4458
1644 266 151
1645 1767 4572
1646 1269 4881
1647 1076 4507
1648 1125 196
1649 1298 2351
1650 3553 2125
1651 3267 4106
1652 3724 1977
1653 2080 2834
1654 670 4093
1655 2289 1982
1656 210 3399
1657 38 151
1658 105 4356
1659 1044 4456
1660 2424 481
1661 2911 3200
1662 4104 1924
1663 2403 1857
1664 3665 159
1665 4662 4295
1666 1072 2255
1667 2072 2944
1668 3394 3214
1669 4429 4309
1670 1375 3649
1671 1615 2294
1672 22 4525
1673 4035 -224
1674 1392 4572
1675 3154 4231
1676 1610 142
1677 2402 1851
1678 3951 2321
1679 1163 1284
1680 378 2945
1681 2868 344
1682 3149 1635
1683 2292 4401
1684 2962 1623
1685 3301 265
1686 4585 3360
1687 3198 3424
1688 2271 2834
1689 3125 860
1690 1217 1808
1691 4497 1889
1692 3441 2947
1693 2994 3484
1694 326 1627
1695 290 2456
1696 2147 3546
1697 2424 384
1698 3870 5307
1699 2022 4137
1700 620 335
1701 5017 459
1702 3012 4741
1703 3323 82
1704 4439 2205
1705 845 196
1706 1020 2639
1707 4811 2107
1708 2318 4456
1709 4101 5443
1710 4214 3316
1711 3215 507
1712 1226 3441
1713 22 4556
1714 948 3720
1715 340 1627
1716 510 1627
1717 236 2465
1718 3106 860
1719 1375 3780
1720 4680 1889
1721 1134 722
1722 520 529
1723 2424 502
1724 1253 5001
1725 4932 2478
1726 1874 4401
1727 1047 5001
1728 1134 1019
1729 498 5190
1730 3510 4806
1731 2264 4609
1732 22 3969
1733 2945 4161
1734 1923 3609
1735 236 2456
1736 623 4093
1737 3245 3602
1738 3041 4262
1739 3802 4977
1740 3073 4619
1741 3510 5088
1742 2278 2862
1743 3671 3038
1744 939 196
1745 3541 1781
1746 4514 3668
1747 1402 4572
1748 4476 3957
1749 4624 3957
1750 105 4158
1751 3085 3368
1752 281 1059
1753 1840 1072
1754 3502 80
1755 3951 2050
1756 2989 4262
1757 4428 -163
1758 4858 1392
1759 1024 2255
1760 951 491
1761 3510 5338
1762 4566 2415
1763 1331 377
1764 3095 3200
1765 1787 4286
1766 3627 3186
1767 61 1627
1768 1373 4572
1769 650 549
1770 4214 3289
1771 3441 3038
1772 1176 335
1773 1187 3441
1774 5017 566
1775 5442 1956
1776 619 3884
1777 1034 1919
1778 1801 570
1779 4328 3714
1780 938 196
1781 3887 3253
1782 378 2806
1783 3620 4688
1784 4428 216
1785 1657 142
1786 3182 1635
1787 3150 3510
1788 3870 5158
1789 3364 2983
1790 3029 4186
1791 4185 4977
1792 1838 1029
1793 295 3884
1794 220 3836
1795 1267 3918
1796 1117 2379
1797 5410 1829
1798 4293 2071
1799 1373 4422
1800 4008 2391
1801 1833 532
1802 2113 4474
1803 2160 350
1804 5442 1983
1805 1943 3663
1806 2362 4401
1807 1233 4375
1808 892 3821
1809 954 335
1810 919 1695
1811 1792 532
1812 3184 553
1813 37 4556
1814 1134 601
1815 210 3601
1816 2286 301
1817 -64 319
1818 2911 3477
1819 250 3155
1820 948 3780
1821 3620 4925
1822 3198 3214
1823 1134 1229
1824 3198 4106
1825 1076 4435
1826 5389 1470
1827 4772 1889
1828 654 1502
1829 2318 4519
1830 -31 846
1831 356 1239
1832 3413 5375
1833 463 2084
1834 3225 1685
1835 2286 308
1836 4165 5143
1837 256 151
1838 3070 4262
1839 303 4052
1840 -64 421
1841 536 1438
1842 1202 3680
1843 236 2555
1844 1414 3019
1845 892 2524
1846 1020 2569
1847 3080 265
1848 2637 4713
1849 3364 3036
1850 3386 3214
1851 941 3928
1852 1498 2177
1853 3994 -224
1854 2024 3595
1855 469 2084
1856 1269 4863
1857 4382 4656
1858 1831 746
1859 1989 3196
1860 861 5063
1861 4008 2380
1862 4165 5067
1863 2258 3559
1864 1375 3928
1865 1018 1233
1866 1134 1102
1867 3870 5363
1868 1143 4379
1869 4357 1820
1870 3364 2932
1871 3420 4229
1872 3807 -151
1873 3125 763
1874 654 1627
1875 480 4902
1876 736 3007
1877 105 4007
1878 1324 1262
1879 2022 3947
1880 1840 745
1881 340 1510
1882 4566 2346
1883 1018 1240
1884 1025 1080
1885 2286 350
1886 1647 2947
1887 3177 553
1888 2637 4262
1889 3870 5119
1890 3553 1920
1891 1360 2379
1892 3245 3768
1893 1069 4580
1894 1176 196
1895 1270 1252
1896 236 2590
1897 4932 2787
1898 2022 4112
1899 3070 3494
1900 1343 2374
1901 3054 4894
1902 4785 2442
1903 3807 -50
1904 2911 3247
1905 125 151
1906 2153 4401
1907 904 2428
1908 2261 472
1909 948 3632
1910 1002 30
1911 728 3901
1912 1174 2255
1913 577 335
1914 2293 1982
1915 3870 4977
1916 3242 3214
1917 303 4072
1918 3724 2110
1919 4008 2279
1920 2160 281
1921 260 3924
1922 1248 2351
1923 4076 -224
1924 5017 485
1925 4801 795
1926 1972 3905
1927 4282 2346
1928 3282 1726
1929 3286 1731
1930 3951 2413
1931 3889 3367
1932 197 4171
1933 3148 455
1934 4345 4793
1935 22 4072
1936 948 3441
1937 3887 3343
1938 4345 4540
1939 1077 2351
1940 1084 708
1941 5012 2508
1942 4439 1974
1943 1018 1154
1944 3553 2098
1945 997 2639
1946 3282 1468
1947 4345 4817
1948 2517 4349
1949 2318 4493
1950 -48 151
1951 3085 3345
1952 4913 2787
1953 1336 2978
1954 4001 -224
1955 3198 3404
1956 1267 3846
1957 4098 3147
1958 1176 217
1959 596 4093
1960 3807 -108
1961 3054 5219
1962 2302 3559
1963 4008 2351
1964 725 2840
1965 670 4091
1966 536 1480
1967 4724 1889
1968 1670 3541
1969 2302 3595
1970 2249 1982
1971 4164 2275
1972 2022 3628
1973 1607 130
1974 295 3821
1975 2987 265
1976 1615 2280
1977 4293 2280
1978 1033 2528
1979 924 2428
1980 210 3396
1981 536 1487
1982 1202 3633
1983 4439 2190
1984 105 4363
1985 1718 3541
1986 4324 -224
1987 4783 795
1988 2072 2834
1989 105 4500
1990 343 4171
1991 3125 801
1992 378 3062
1993 2887 344
1994 622 2535
1995 2064 3196
1996 4428 101
1997 1691 369
1998 579 5190
1999 1840 820
2000 3027 1482
2001 3807 159
2002 3494 3186
2003 3401 1731
2004 2146 3595
2005 4785 2955
2006 1269 4580
2007 861 5143
2008 1233 4408
2009 4924 795
2010 3510 5375
2011 2022 3663
2012 4439 2183
2013 1202 3777
2014 1169 4549
2015 374 4697
2016 4328 3864
2017 1049 3441
2018 1267 3869
2019 4571 1176
2020 725 2882
2021 482 2292
2022 4812 2163
2023 4476 4309
2024 2986 376
2025 3510 4708
2026 1324 1284
2027 1174 196
2028 3807 21
2029 3590 3214
2030 728 4041
2031 1967 4401
2032 1711 546
2033 892 2563
2034 4428 4
2035 836 3116
2036 3510 4998
2037 4359 1820
2038 1217 1919
2039 3282 1401
2040 2113 4588
2041 5442 1833
2042 753 3007
2043 577 293
2044 177 151
2045 493 3884
2046 -64 507
2047 3807 -120
2048 1681 198
2049 1059 630
2050 378 2778
2051 1134 1182
2052 4158 5443
2053 670 4055
2054 983 1879
2055 3523 1781
2056 5196 2341
2057 3106 1401
2058 3959 2413
2059 2113 4609
2060 1831 834
2061 4936 2787
2062 1202 3574
2063 105 4148
2064 -64 153
2065 500 1438
2066 2700 4741
2067 3620 4890
2068 1909 389
2069 3054 4852
2070 1787 546
2071 340 151
2072 340 332
2073 1970 4056
2074 3102 265
2075 37 4762
2076 4831 2787
2077 919 196
2078 3553 1872
2079 5012 2772
2080 3809 4977
2081 1002 -81
2082 220 3924
2083 3678 159
2084 3194 4106
2085 4414 3957
2086 303 4000
2087 5017 556
2088 2113 4463
2089 5325 1470
2090 892 2489
2091 579 196
2092 3250 4106
2093 4345 4887
2094 3070 4596
2095 2147 3137
2096 1065 5001
2097 1134 1051
2098 2529 4168
2099 725 3007
2100 1787 4273
2101 5017 795
2102 4400 -224
2103 -64 151
2104 343 4665
2105 108 1627
2106 1134 4301
2107 1036 447
2108 1787 4511
2109 2249 472
2110 5389 1761
2111 910 2917
2112 4942 2341
2113 1327 2374
2114 2592 682
2115 3150 3511
2116 983 3928
2117 2937 3505
2118 1414 3260
2119 24 1627
2120 3154 4485
2121 4214 3281
2122 3553 2003
2123 1176 226
2124 3162 1401
2125 622 2428
2126 2962 3200
2127 3282 1622
2128 5005 2478
2129 3420 4106
2130 5389 1562
2131 297 151
2132 1938 1072
2133 3870 5279
2134 3037 1635
2135 3031 3494
2136 1095 5001
2137 3435 3085
2138 2637 4726
2139 1036 335
2140 1018 599
2141 985 549
2142 4961 2478
2143 883 335
2144 2457 384
2145 4464 216
2146 4874 1470
2147 4293 2032
2148 1036 96
2149 1018 1117
2150 1018 892
2151 3724 2035
2152 2999 1635
2153 4476 4367
2154 4585 3147
2155 -35 151
2156 1143 570
2157 2147 3559
2158 290 2680
2159 3035 1635
2160 4963 2341
2161 303 3884
2162 861 5190
2163 1787 4311
2164 2062 3196
2165 983 1904
2166 941 4045
2167 3870 5254
2168 471 529
2169 1365 2364
2170 3400 1781
2171 988 4456
2172 340 1267
2173 1691 546
2174 3085 3200
2175 2030 389
2176 2292 4451
2177 2286 420
2178 334 3954
2179 370 2084
2180 2751 572
2181 254 3055
2182 202 2084
2183 3616 3214
2184 37 4775
2185 2193 3595
2186 480 5041
2187 667 2852
2188 1336 2379
2189 4213 3367
2190 4081 1924
2191 2994 3212
2192 105 4098
2193 1373 4415
2194 4670 3147
2195 2292 4458
2196 3560 1767
2197 2517 4401
2198 1044 4305
2199 861 5062
2200 1002 196
2201 4577 1196
2202 3245 3687
2203 1044 2505
2204 1233 4473
2205 3225 1781
2206 3540 80
2207 910 3056
2208 3870 5109
2209 1080 2351
2210 3627 3158
2211 2994 3207
2212 1002 -11
2213 4785 2787
2214 1267 3574
2215 2819 4262
2216 1217 1831
2217 622 2473
2218 2147 4401
2219 3455 1781
2220 1940 1072
2221 210 3287
2222 546 5190
2223 4306 1795
2224 2363 1857
2225 2933 3200
2226 290 2578
2227 2260 258
2228 892 2428
2229 2968 4741
2230 59 4557
2231 4256 4977
2232 1973 4133
2233 2424 448
2234 728 3976
2235 983 1744
2236 397 1399
2237 1530 2976
2238 3190 4229
2239 2975 827
2240 346 1267
2241 3267 3214
2242 4328 3460
2243 3873 5443
2244 576 3884
2245 728 4064
2246 5012 2478
2247 957 2428
2248 664 4093
2249 4703 1028
2250 3245 3673
2251 1910 4401
2252 462 3884
2253 1036 362
2254 741 508
2255 622 2504
2256 1515 198
2257 1924 2944
2258 210 3821
2259 4935 216
2260 343 4119
2261 622 2491
2262 4165 5440
2263 4266 -224
2264 3323 265
2265 1134 4226
2266 4215 2375
2267 1044 4334
2268 1696 546
2269 4235 4977
2270 4008 2338
2271 2805 572
2272 2147 3039
2273 553 4093
2274 340 1380
2275 3528 1731
2276 2911 3433
2277 2286 472
2278 3714 2125
2279 3054 4815
2280 3207 5375
2281 4619 4367
2282 948 3442
2283 105 3993
2284 3560 1731
2285 4969 225
2286 4293 2277
2287 5389 1752
2288 4439 1969
2289 236 2573
2290 5266 2341
2291 3027 1553
2292 3315 3214
2293 303 3937
2294 4382 4540
2295 346 1450
2296 612 1502
2297 1140 4379
2298 948 4045
2299 1114 335
2300 1515 2379
2301 1606 2177
2302 -64 781
2303 650 530
2304 4327 4977
2305 4662 4299
2306 4585 3320
2307 2243 4401
2308 532 3884
2309 2407 512
2310 1989 3160
2311 4402 3697
2312 1973 4056
2313 285 1627
2314 1644 3541
2315 346 1627
2316 4253 -224
2317 3620 4752
2318 480 4971
2319 1060 2487
2320 4439 1889
2321 -64 713
2322 3618 3214
2323 1039 335
2324 3247 4186
2325 5315 2341
