199
0 74 40
1 36 73
2 70 40
3 34 73
4 23 113
5 108 64
6 81 93
7 81 53
8 111 132
9 35 58
10 23 88
11 75 83
12 74 67
13 54 67
14 30 66
15 34 74
16 74 56
17 30 81
18 40 104
19 54 104
20 117 70
21 32 87
22 88 83
23 35 76
24 88 -3
25 51 60
26 34 19
27 87 107
28 29 73
29 40 95
30 20 32
31 102 20
32 114 115
33 117 76
34 97 107
35 107 25
36 69 67
37 23 100
38 77 107
39 23 81
40 73 21
41 54 17
42 35 52
43 34 20
44 62 60
45 32 74
46 72 103
47 98 98
48 54 11
49 100 22
50 34 14
51 56 42
52 23 37
53 81 102
54 90 -3
55 29 85
56 32 81
57 75 87
58 75 88
59 37 60
60 80 88
61 36 52
62 108 65
63 75 107
64 107 30
65 114 2
66 40 23
67 115 59
68 81 97
69 24 67
70 16 32
71 72 93
72 64 42
73 74 29
74 64 104
75 36 62
76 34 81
77 118 117
78 72 97
79 87 93
80 70 42
81 99 107
82 117 72
83 118 136
84 117 69
85 42 37
86 29 72
87 111 34
88 99 128
89 100 18
90 36 76
91 103 69
92 9 81
93 26 100
94 34 76
95 77 29
96 34 59
97 44 73
98 16 39
99 39 84
100 29 81
101 45 67
102 111 121
103 117 98
104 88 15
105 118 115
106 9 74
107 75 128
108 30 74
109 64 67
110 11 81
111 23 87
112 20 61
113 70 67
114 35 73
115 100 25
116 67 60
117 106 -5
118 102 -5
119 100 20
120 64 93
121 30 71
122 107 34
123 40 96
124 81 56
125 98 15
126 111 115
127 87 102
128 73 18
129 32 66
130 37 73
131 113 69
132 80 102
133 103 65
134 87 92
135 34 72
136 36 72
137 56 37
138 30 87
139 90 3
140 53 104
141 74 53
142 81 99
143 111 136
144 107 33
145 39 80
146 116 136
147 115 42
148 64 40
149 35 59
150 45 76
151 9 78
152 77 15
153 34 11
154 102 10
155 40 84
156 20 74
157 23 32
158 114 20
159 35 37
160 64 96
161 54 23
162 29 93
163 77 56
164 10 74
165 29 74
166 102 0
167 37 52
168 97 103
169 115 64
170 29 100
171 23 39
172 24 72
173 24 61
174 88 92
175 67 42
176 23 86
177 54 16
178 111 42
179 36 59
180 34 23
181 35 72
182 26 113
183 52 104
184 64 94
185 77 21
186 34 68
187 97 98
188 90 15
189 98 18
190 39 76
191 73 15
192 55 60
193 44 76
194 114 -5
195 88 89
196 49 67
197 111 41
198 80 103
