1182
0 300 384
1 228 1074
2 290 734
3 686 1031
4 304 989
5 732 387
6 153 621
7 713 528
8 287 525
9 915 812
10 90 286
11 44 747
12 -16 84
13 751 947
14 94 1049
15 373 81
16 363 172
17 583 887
18 65 84
19 -4 594
20 915 786
21 802 745
22 773 939
23 829 222
24 873 245
25 94 1059
26 644 114
27 996 475
28 210 336
29 1022 753
30 851 879
31 296 583
32 287 724
33 817 91
34 159 384
35 86 286
36 618 127
37 870 745
38 207 384
39 911 565
40 1061 685
41 227 786
42 645 948
43 829 344
44 255 1059
45 51 650
46 83 417
47 522 323
48 649 390
49 80 903
50 686 875
51 922 245
52 255 989
53 177 873
54 44 603
55 642 127
56 117 343
57 457 694
58 51 571
59 1010 423
60 673 114
61 914 541
62 688 896
63 596 521
64 412 -18
65 757 528
66 385 647
67 153 642
68 321 394
69 94 1066
70 667 387
71 84 366
72 195 165
73 710 947
74 192 406
75 817 92
76 153 676
77 381 -2
78 405 694
79 545 1069
80 210 357
81 508 265
82 195 203
83 630 581
84 50 177
85 859 295
86 618 155
87 66 259
88 362 989
89 491 172
90 490 521
91 191 737
92 965 734
93 255 1020
94 144 683
95 682 395
96 795 629
97 419 512
98 92 874
99 932 146
100 437 637
101 132 432
102 132 13
103 94 1035
104 859 330
105 915 921
106 471 512
107 287 662
108 298 65
109 521 197
110 464 942
111 311 365
112 98 453
113 239 204
114 403 127
115 1000 685
116 795 536
117 191 691
118 893 532
119 523 521
120 830 40
121 262 286
122 659 386
123 287 589
124 1102 335
125 407 687
126 879 616
127 126 286
128 137 638
129 516 631
130 91 483
131 113 453
132 521 155
133 71 885
134 786 204
135 583 1039
136 565 512
137 795 596
138 1015 586
139 922 221
140 393 988
141 299 384
142 601 512
143 117 319
144 419 521
145 305 364
146 909 616
147 686 885
148 295 406
149 443 521
150 65 63
151 877 65
152 298 -34
153 132 453
154 468 53
155 196 210
156 44 615
157 246 204
158 774 767
159 877 91
160 72 329
161 311 393
162 649 491
163 759 448
164 1022 746
165 485 512
166 75 417
167 566 491
168 679 875
169 932 127
170 122 432
171 859 287
172 740 875
173 521 186
174 473 657
175 305 425
176 715 875
177 784 745
178 675 896
179 66 277
180 615 155
181 464 1015
182 117 286
183 932 186
184 109 1074
185 298 98
186 -23 159
187 44 554
188 845 629
189 675 837
190 933 586
191 101 453
192 929 921
193 859 344
194 493 654
195 117 290
196 521 247
197 690 528
198 363 174
199 829 515
200 63 84
201 531 631
202 878 515
203 846 616
204 315 118
205 1010 426
206 444 37
207 450 637
208 907 273
209 495 631
210 -23 84
211 385 652
212 844 192
213 777 130
214 137 616
215 450 670
216 925 629
217 195 190
218 773 947
219 574 491
220 403 89
221 474 491
222 159 386
223 1010 414
224 195 196
225 31 362
226 860 543
227 11 561
228 408 637
229 649 418
230 93 286
231 403 154
232 227 788
233 468 93
234 1063 211
235 633 896
236 508 244
237 306 413
238 215 346
239 131 432
240 932 149
241 296 667
242 191 704
243 559 817
244 114 874
245 462 433
246 83 393
247 51 690
248 65 35
249 464 937
250 432 521
251 191 686
252 444 60
253 1010 421
254 550 832
255 44 627
256 932 109
257 153 640
258 191 525
259 911 616
260 287 568
261 925 590
262 822 459
263 444 26
264 94 1074
265 830 39
266 829 207
267 774 805
268 1022 871
269 990 211
270 195 256
271 51 592
272 665 837
273 519 1069
274 227 823
275 290 756
276 564 512
277 649 427
278 148 -26
279 615 970
280 830 19
281 822 412
282 759 411
283 763 387
284 564 155
285 66 228
286 190 827
287 12 84
288 767 114
289 859 245
290 774 875
291 822 438
292 44 588
293 741 114
294 388 -18
295 83 398
296 625 631
297 907 271
298 831 515
299 404 964
300 962 686
301 93 453
302 615 1026
303 265 249
304 845 192
305 865 192
306 1022 737
307 822 450
308 264 525
309 172 -44
310 363 200
311 597 289
312 932 114
313 911 543
314 267 118
315 72 298
316 464 988
317 360 200
318 473 654
319 296 605
320 271 989
321 823 812
322 475 521
323 971 211
324 298 2
325 191 609
326 455 512
327 542 512
328 468 99
329 287 627
330 692 95
331 552 512
332 649 438
333 795 588
334 360 244
335 521 234
336 680 948
337 722 457
338 215 326
339 87 525
340 117 295
341 615 951
342 122 525
343 521 204
344 94 1050
345 821 629
346 153 658
347 786 152
348 191 563
349 346 118
350 464 1026
351 311 258
352 177 853
353 78 417
354 196 250
355 261 118
356 621 521
357 1002 541
358 404 946
359 311 312
360 195 187
361 630 597
362 822 515
363 830 59
364 521 283
365 760 114
366 159 391
367 597 155
368 774 835
369 327 394
370 690 114
371 191 628
372 403 151
373 559 837
374 296 624
375 172 483
376 848 812
377 72 483
378 462 394
379 508 255
380 269 269
381 153 625
382 150 525
383 1102 403
384 846 580
385 94 290
386 743 114
387 311 244
388 208 384
389 719 114
390 259 125
391 947 586
392 373 71
393 4 84
394 552 155
395 682 457
396 412 88
397 363 198
398 807 387
399 755 114
400 125 860
401 910 543
402 464 970
403 884 629
404 732 457
405 1102 248
406 965 685
407 922 259
408 895 812
409 72 318
410 893 812
411 450 694
412 407 661
413 879 745
414 296 593
415 51 589
416 80 883
417 922 301
418 763 406
419 174 406
420 462 491
421 15 177
422 649 416
423 195 236
424 360 226
425 922 215
426 669 948
427 256 786
428 872 543
429 373 131
430 350 989
431 191 603
432 137 683
433 195 125
434 438 394
435 462 439
436 773 893
437 65 33
438 692 113
439 444 62
440 373 64
441 63 329
442 403 122
443 135 13
444 125 853
445 910 91
446 505 1069
447 1010 445
448 385 550
449 273 118
450 395 -18
451 859 261
452 265 216
453 868 543
454 622 631
455 615 887
456 86 277
457 191 533
458 572 837
459 915 882
460 618 491
461 80 874
462 1103 674
463 902 616
464 700 893
465 158 -44
466 1102 370
467 75 483
468 795 595
469 148 -32
470 615 964
471 227 799
472 44 703
473 759 405
474 774 116
475 357 111
476 601 290
477 203 1074
478 215 365
479 117 306
480 149 525
481 847 879
482 774 873
483 290 710
484 258 125
485 255 1074
486 642 114
487 682 401
488 795 623
489 884 245
490 592 887
491 688 955
492 196 215
493 624 896
494 907 245
495 51 554
496 521 211
497 191 703
498 305 466
499 287 710
500 932 124
501 385 694
502 476 491
503 72 300
504 137 610
505 282 384
506 627 861
507 521 181
508 915 891
509 31 346
510 688 1015
511 922 319
512 30 561
513 512 491
514 467 99
515 407 641
516 505 1026
517 656 948
518 195 218
519 360 208
520 776 387
521 627 873
522 887 543
523 615 987
524 529 512
525 681 387
526 690 571
527 849 192
528 94 1014
529 287 667
530 1102 257
531 877 61
532 58 177
533 449 637
534 494 631
535 66 177
536 315 989
537 583 884
538 617 521
539 732 440
540 1010 431
541 527 323
542 773 940
543 661 386
544 972 921
545 65 79
546 754 528
547 136 1074
548 893 515
549 195 189
550 686 948
551 688 1006
552 1102 247
553 627 840
554 287 604
555 210 365
556 501 244
557 630 589
558 290 786
559 1085 403
560 859 303
561 412 23
562 1087 403
563 10 561
564 897 879
565 30 587
566 686 896
567 227 787
568 311 321
569 822 390
570 69 417
571 362 118
572 682 387
573 846 586
574 1022 783
575 801 204
576 773 907
577 177 874
578 500 1026
579 628 127
580 798 745
581 78 525
582 306 349
583 270 737
584 306 466
585 393 927
586 595 512
587 774 780
588 929 541
589 832 745
590 891 515
591 621 512
592 910 541
593 1002 514
594 265 525
595 243 1074
596 373 111
597 925 625
598 296 589
599 859 270
600 702 111
601 897 186
602 159 398
603 194 286
604 615 888
605 1 177
606 631 873
607 950 211
608 915 879
609 501 521
610 1022 842
611 1012 586
612 106 1074
613 94 990
614 287 611
615 881 91
616 148 -37
617 56 329
618 306 352
619 922 213
620 589 887
621 143 13
622 94 992
623 30 596
624 65 13
625 583 1069
626 882 186
627 196 204
628 732 398
629 910 629
630 494 654
631 153 610
632 269 286
633 83 397
634 615 957
635 877 192
636 904 879
637 583 521
638 550 836
639 265 256
640 196 234
641 255 1053
642 521 289
643 907 254
644 458 394
645 253 286
646 593 521
647 407 694
648 925 586
649 296 564
650 104 286
651 627 854
652 462 462
653 464 985
654 581 289
655 508 263
656 227 827
657 287 737
658 290 752
659 519 323
660 830 186
661 464 1023
662 479 521
663 955 921
664 489 521
665 892 616
666 94 1003
667 393 989
668 306 373
669 1022 825
670 451 14
671 404 986
672 795 609
673 163 525
674 44 614
675 247 -44
676 -4 596
677 491 244
678 846 608
679 1022 741
680 191 697
681 639 948
682 195 144
683 825 745
684 521 268
685 117 366
686 191 540
687 806 745
688 80 966
689 962 733
690 255 786
691 566 1069
692 784 744
693 71 883
694 400 694
695 649 464
696 403 172
697 587 289
698 494 244
699 892 186
700 373 12
701 877 33
702 671 839
703 229 1074
704 655 896
705 795 614
706 911 604
707 296 659
708 237 1074
709 759 416
710 688 948
711 196 216
712 996 512
713 522 521
714 1076 685
715 833 344
716 915 745
717 444 36
718 1102 211
719 753 893
720 65 77
721 665 581
722 1012 734
723 450 641
724 785 387
725 570 837
726 44 657
727 1042 211
728 627 842
729 1102 322
730 210 363
731 137 627
732 583 1026
733 774 839
734 65 16
735 649 419
736 256 525
737 298 19
738 442 521
739 550 798
740 616 948
741 759 387
742 822 388
743 418 394
744 460 172
745 66 236
746 877 52
747 300 406
748 809 812
749 1067 586
750 44 596
751 322 989
752 774 744
753 944 586
754 1102 304
755 962 700
756 265 406
757 444 35
758 773 915
759 90 874
760 284 -44
761 385 646
762 153 641
763 907 251
764 137 658
765 1002 512
766 439 172
767 468 14
768 688 999
769 809 839
770 829 261
771 220 1074
772 153 683
773 714 875
774 72 290
775 210 354
776 157 -44
777 809 873
778 271 737
779 159 406
780 1102 367
781 909 541
782 877 19
783 189 483
784 970 541
785 1097 403
786 922 211
787 412 6
788 -23 172
789 93 443
790 393 986
791 798 839
792 420 521
793 72 525
794 418 521
795 215 336
796 491 197
797 448 14
798 829 330
799 71 903
800 298 -44
801 615 959
802 759 428
803 1052 211
804 774 773
805 915 777
806 846 543
807 318 111
808 822 461
809 652 896
810 373 118
811 1002 523
812 973 921
813 597 290
814 550 512
815 117 355
816 -4 565
817 137 637
818 1010 403
819 444 14
820 586 512
821 80 878
822 127 853
823 788 528
824 846 555
825 481 1026
826 939 586
827 630 631
828 31 359
829 305 393
830 830 21
831 309 321
832 337 989
833 418 512
834 774 130
835 922 333
836 649 409
837 557 512
838 685 896
839 615 948
840 367 172
841 117 344
842 611 1026
843 907 249
844 44 608
845 879 515
846 65 80
847 153 659
848 125 874
849 769 528
850 287 559
851 795 528
852 619 512
853 785 130
854 829 279
855 774 790
856 385 650
857 113 525
858 792 204
859 457 659
860 843 812
861 521 185
862 464 978
863 461 521
864 906 543
865 550 809
866 306 431
867 164 1074
868 627 839
869 404 927
870 175 853
871 763 440
872 444 99
873 1103 586
874 139 483
875 -23 158
876 200 1074
877 306 393
878 65 29
879 630 608
880 846 605
881 1022 806
882 822 387
883 31 394
884 290 733
885 531 521
886 864 245
887 111 525
888 1102 261
889 649 386
890 298 48
891 508 323
892 83 376
893 550 884
894 175 1074
895 198 406
896 575 884
897 672 873
898 51 567
899 306 350
900 44 329
901 398 694
902 763 448
903 -23 91
904 836 745
905 148 3
906 51 733
907 404 952
908 203 286
909 690 581
910 80 959
911 111 874
912 252 483
913 403 88
914 45 177
915 742 387
916 726 457
917 226 483
918 734 528
919 72 317
920 700 896
921 1022 734
922 932 162
923 360 219
924 702 114
925 857 515
926 1022 839
927 412 19
928 94 987
929 874 616
930 899 879
931 392 394
932 94 1021
933 258 525
934 215 341
935 686 878
936 859 255
937 574 155
938 877 76
939 615 896
940 689 457
941 458 657
942 1022 789
943 264 118
944 559 798
945 732 425
946 309 989
947 819 91
948 385 644
949 298 111
950 176 406
951 226 384
952 450 662
953 191 695
954 869 192
955 508 302
956 257 989
957 153 681
958 159 394
959 985 586
960 215 286
961 311 293
962 630 600
963 809 879
964 999 685
965 287 623
966 450 682
967 736 528
968 702 95
969 44 702
970 311 346
971 733 387
972 -23 146
973 901 186
974 373 6
975 627 865
976 819 812
977 332 118
978 269 256
979 916 91
980 153 636
981 418 519
982 305 360
983 308 118
984 258 786
985 72 502
986 689 896
987 83 401
988 269 282
989 133 13
990 209 -44
991 915 805
992 521 202
993 796 629
994 260 122
995 44 624
996 915 896
997 124 525
998 265 248
999 578 837
1000 635 127
1001 93 452
1002 229 483
1003 195 175
1004 686 970
1005 928 186
1006 194 1074
1007 962 734
1008 615 996
1009 679 837
1010 122 874
1011 381 -18
1012 156 525
1013 654 873
1014 305 399
1015 555 1069
1016 290 742
1017 44 558
1018 727 875
1019 148 -44
1020 490 654
1021 298 -35
1022 464 920
1023 210 286
1024 475 1026
1025 196 256
1026 876 879
1027 884 812
1028 583 885
1029 311 394
1030 233 -44
1031 703 457
1032 305 349
1033 508 316
1034 503 631
1035 612 155
1036 661 387
1037 688 1024
1038 457 657
1039 197 406
1040 50 747
1041 117 525
1042 1083 685
1043 140 853
1044 190 859
1045 121 432
1046 306 429
1047 66 221
1048 181 406
1049 779 130
1050 305 384
1051 1064 586
1052 877 29
1053 997 512
1054 774 123
1055 561 1069
1056 51 648
1057 72 515
1058 447 521
1059 468 63
1060 407 637
1061 559 821
1062 297 406
1063 94 1026
1064 44 601
1065 284 118
1066 298 88
1067 911 582
1068 872 192
1069 18 177
1070 260 118
1071 540 155
1072 195 157
1073 496 244
1074 296 550
1075 393 920
1076 1022 921
1077 256 483
1078 196 226
1079 688 1031
1080 265 204
1081 148 13
1082 363 185
1083 688 875
1084 419 920
1085 311 304
1086 893 541
1087 642 873
1088 31 329
1089 550 806
1090 644 873
1091 403 90
1092 352 244
1093 297 118
1094 72 319
1095 328 244
1096 1016 921
1097 210 359
1098 311 302
1099 227 819
1100 385 605
1101 333 244
1102 51 747
1103 774 114
1104 268 256
1105 763 399
1106 658 581
1107 527 289
1108 674 387
1109 -23 177
1110 268 286
1111 692 114
1112 373 172
1113 783 528
1114 31 417
1115 830 91
1116 260 125
1117 854 515
1118 1022 795
1119 924 629
1120 830 192
1121 66 188
1122 780 839
1123 203 125
1124 198 286
1125 710 948
1126 829 204
1127 119 483
1128 311 265
1129 856 812
1130 287 579
1131 581 290
1132 1103 685
1133 309 346
1134 -23 142
1135 330 394
1136 911 569
1137 1068 685
1138 115 366
1139 108 453
1140 601 289
1141 817 186
1142 564 837
1143 311 370
1144 385 610
1145 1015 403
1146 795 622
1147 786 130
1148 191 553
1149 175 483
1150 830 66
1151 877 186
1152 1010 475
1153 83 366
1154 411 172
1155 373 -2
1156 262 384
1157 962 685
1158 190 874
1159 103 286
1160 915 763
1161 1102 289
1162 829 282
1163 679 873
1164 412 69
1165 786 182
1166 -4 561
1167 191 644
1168 201 483
1169 550 810
1170 679 839
1171 932 91
1172 1102 237
1173 288 786
1174 80 987
1175 881 515
1176 907 91
1177 630 587
1178 305 397
1179 358 111
1180 93 432
1181 907 333
