1728
0 67 248
1 472 584
2 2196 -42
3 2236 1163
4 685 442
5 2277 632
6 1459 175
7 1794 2082
8 1640 2116
9 242 1079
10 1768 1263
11 934 467
12 2278 2340
13 723 454
14 7 844
15 1065 2723
16 2304 1325
17 2409 2441
18 1006 2784
19 151 844
20 207 147
21 1994 988
22 309 213
23 2412 484
24 1502 734
25 1934 2420
26 26 844
27 141 483
28 886 1861
29 2518 1609
30 2444 1700
31 7 837
32 1759 692
33 1044 1778
34 1539 2138
35 1238 1492
36 1815 1405
37 2383 125
38 723 246
39 61 483
40 2574 270
41 1099 1229
42 2742 2174
43 104 2425
44 1754 1370
45 186 1079
46 72 147
47 1154 1238
48 1312 2395
49 797 2151
50 2522 110
51 933 2663
52 2005 1475
53 1034 611
54 976 2114
55 2235 1325
56 2061 2111
57 1704 2597
58 1860 764
59 2629 1471
60 2368 1204
61 1062 1630
62 2278 2136
63 242 1429
64 2517 1287
65 2641 1287
66 2350 1700
67 2574 280
68 976 2105
69 7 750
70 1798 1373
71 2118 632
72 13 1620
73 793 1611
74 868 454
75 1776 735
76 1718 790
77 2250 2087
78 2081 1325
79 1143 149
80 150 1383
81 1221 1954
82 1555 2699
83 1312 2615
84 1337 1596
85 2486 242
86 247 147
87 1065 2688
88 1907 252
89 239 1977
90 1718 745
91 1277 2371
92 1966 125
93 1141 2446
94 831 454
95 2165 -10
96 2278 2403
97 2383 198
98 976 2037
99 1077 1990
100 1689 137
101 1674 1957
102 641 1604
103 826 2027
104 633 1679
105 1718 736
106 302 502
107 1793 735
108 2468 1287
109 452 201
110 736 2004
111 1753 2111
112 2327 765
113 1531 141
114 976 2094
115 1238 1568
116 1164 200
117 2032 2371
118 1568 2699
119 2406 632
120 2727 2058
121 1221 1915
122 2015 1475
123 1099 1465
124 83 1927
125 1807 2069
126 2003 482
127 1134 1090
128 287 1386
129 1389 224
130 2108 740
131 2527 242
132 2400 1204
133 1045 1604
134 1027 1778
135 277 1004
136 372 208
137 2264 329
138 1890 2448
139 1221 1892
140 1890 2566
141 530 140
142 555 713
143 1143 200
144 1999 2111
145 207 1386
146 847 1825
147 2091 668
148 1713 2357
149 1807 2066
150 195 848
151 452 319
152 1674 1916
153 1238 1396
154 557 140
155 1077 2103
156 606 790
157 489 140
158 637 2427
159 2068 2593
160 1682 2234
161 1099 1463
162 937 2027
163 2091 661
164 1754 1264
165 1124 2335
166 723 372
167 1815 1445
168 1552 616
169 150 1306
170 2389 329
171 796 2004
172 2250 1780
173 2236 1146
174 2296 906
175 1181 1329
176 1578 2699
177 1039 1090
178 2004 125
179 1061 2784
180 1312 2435
181 256 1079
182 2467 2046
183 2108 770
184 2380 1700
185 1552 623
186 723 183
187 1065 2653
188 1537 2105
189 468 584
190 1022 1630
191 724 2376
192 1918 1475
193 1835 867
194 1424 2615
195 736 1894
196 1799 2597
197 2008 1325
198 1866 867
199 123 483
200 487 1602
201 2296 775
202 1890 2484
203 217 2060
204 452 140
205 723 212
206 2574 296
207 2079 906
208 2233 1163
209 2626 1471
210 793 1708
211 1763 1254
212 1238 1630
213 1124 2154
214 1676 2351
215 1828 2597
216 1766 1248
217 2694 2434
218 315 292
219 104 2191
220 2296 893
221 424 1388
222 1459 209
223 2014 125
224 2052 1475
225 1065 2599
226 1615 86
227 425 1429
228 2383 190
229 188 1386
230 2384 2434
231 606 510
232 2296 789
233 67 332
234 1537 2060
235 1748 1844
236 309 279
237 649 816
238 2409 49
239 1702 2351
240 1740 2232
241 1789 1325
242 1770 2597
243 606 655
244 408 208
245 1718 816
246 1994 978
247 179 1602
248 13 1927
249 1417 211
250 1646 86
251 7 628
252 250 2450
253 529 870
254 1815 1503
255 2540 110
256 2742 2157
257 254 483
258 1173 98
259 1839 764
260 1036 414
261 259 502
262 2182 701
263 1012 1090
264 1261 1892
265 2705 2046
266 472 1679
267 2056 1533
268 2096 632
269 1720 1844
270 549 2430
271 339 360
272 890 1778
273 1337 1680
274 2108 683
275 1510 2699
276 1249 1677
277 290 2430
278 2005 1352
279 1181 1248
280 447 1388
281 2444 242
282 1693 175
283 2259 1131
284 104 2283
285 2057 1662
286 828 1825
287 581 140
288 2068 2420
289 1065 2563
290 2691 2046
291 2196 125
292 457 1648
293 1074 1778
294 1807 1978
295 1907 232
296 1337 1802
297 2296 817
298 2685 2046
299 693 2376
300 906 1778
301 1886 252
302 2066 125
303 104 2258
304 1753 2082
305 1034 608
306 2278 2097
307 150 1386
308 1640 2234
309 723 309
310 2056 1622
311 69 1532
312 2526 1287
313 1674 1929
314 2361 1244
315 787 2376
316 12 844
317 1989 2420
318 2572 49
319 533 1679
320 2204 1163
321 723 314
322 1099 1537
323 606 816
324 1051 414
325 1238 1564
326 1754 1325
327 1181 1370
328 302 523
329 2372 317
330 487 1589
331 69 1509
332 1254 224
333 1923 2111
334 288 1386
335 487 1535
336 468 870
337 1902 2627
338 215 844
339 186 1263
340 1011 1778
341 1701 2129
342 723 140
343 1099 1267
344 976 2097
345 1129 372
346 2030 978
347 640 140
348 2158 1499
349 13 1787
350 1642 2357
351 1812 782
352 641 1602
353 933 2577
354 2576 2046
355 793 1619
356 2250 2095
357 1561 699
358 198 1079
359 1815 1408
360 660 1604
361 2412 448
362 13 1838
363 1674 2003
364 2625 110
365 2003 558
366 2400 1191
367 1827 764
368 1922 2627
369 1024 1861
370 457 1644
371 1143 1234
372 1129 270
373 2062 1662
374 1115 1973
375 138 848
376 599 502
377 2251 1961
378 2638 1287
379 176 483
380 933 2586
381 2136 1696
382 627 870
383 978 2297
384 2158 1658
385 1181 1317
386 105 2060
387 7 777
388 2299 125
389 258 1386
390 1181 1238
391 2039 2388
392 1124 2256
393 1992 1352
394 1920 774
395 1791 2082
396 2434 110
397 2594 1287
398 1646 159
399 2250 1805
400 2158 1682
401 2119 1325
402 491 790
403 186 1131
404 928 1604
405 7 700
406 75 1927
407 842 2027
408 1129 367
409 1778 2597
410 1150 98
411 736 1738
412 2507 2485
413 2202 775
414 215 848
415 96 147
416 1679 736
417 1719 1844
418 2118 756
419 2250 1844
420 1347 709
421 2196 1432
422 2262 775
423 1883 1352
424 1539 2052
425 933 2724
426 2518 1654
427 1248 1778
428 973 1630
429 1018 467
430 723 177
431 557 1535
432 1754 1299
433 1053 1861
434 969 2784
435 247 222
436 104 2060
437 1876 1503
438 392 360
439 2299 1131
440 1890 2585
441 1277 2446
442 1823 2111
443 2236 632
444 1065 2543
445 744 1825
446 1958 225
447 794 2376
448 921 1825
449 69 1571
450 2568 110
451 1896 1475
452 1754 1306
453 247 360
454 2641 1452
455 1290 224
456 2296 880
457 61 459
458 1065 2512
459 2118 729
460 2203 125
461 174 848
462 580 790
463 1719 2232
464 69 1469
465 2108 632
466 1768 867
467 108 568
468 1680 2357
469 1640 2129
470 2518 1471
471 468 592
472 2250 1832
473 1502 736
474 1402 2615
475 1031 652
476 238 2450
477 2188 632
478 1099 1211
479 931 454
480 1779 2111
481 141 2060
482 1689 127
483 533 2430
484 309 248
485 934 595
486 1036 577
487 865 2137
488 1012 1142
489 2727 2365
490 277 928
491 1329 224
492 1583 2622
493 2005 1325
494 1531 86
495 1297 1892
496 168 2060
497 2278 2058
498 1994 1048
499 341 208
500 1086 1778
501 2278 2277
502 1844 2395
503 7 655
504 2500 296
505 2165 -74
506 2267 632
507 714 870
508 415 208
509 1249 1650
510 1075 1602
511 1441 2699
512 2131 2111
513 2296 797
514 784 1825
515 1050 414
516 93 1602
517 2574 2485
518 1328 724
519 204 1386
520 2456 1287
521 1782 2129
522 854 1861
523 2447 296
524 487 1552
525 2158 1589
526 692 1736
527 2742 2077
528 1051 2784
529 852 1708
530 247 176
531 2406 1287
532 1247 1778
533 1815 2597
534 2129 1696
535 606 631
536 2278 2046
537 1640 2110
538 1757 867
539 67 317
540 1441 2685
541 2495 242
542 2123 1667
543 2056 1534
544 1077 2023
545 487 1545
546 1746 867
547 1249 1676
548 1807 1980
549 616 2430
550 1693 174
551 186 1235
552 1930 2627
553 2190 1163
554 186 1090
555 1353 734
556 890 2151
557 2247 1131
558 119 2060
559 208 2450
560 1075 1576
561 1583 2669
562 457 1655
563 1337 1801
564 793 1663
565 579 2430
566 1589 2597
567 2277 738
568 2227 1163
569 7 610
570 1856 175
571 1658 672
572 1754 1315
573 1534 2003
574 2470 49
575 2383 154
576 2187 1069
577 466 140
578 1193 200
579 1867 2082
580 1576 2699
581 1696 2232
582 1539 669
583 1741 735
584 2182 679
585 1312 2610
586 1155 1630
587 2383 242
588 1374 684
589 1924 828
590 1856 213
591 1249 1687
592 452 182
593 1814 1352
594 956 652
595 2367 74
596 1958 200
597 430 208
598 2641 1406
599 1492 669
600 1583 2699
601 2351 125
602 2284 765
603 452 340
604 2400 1185
605 1162 200
606 1733 745
607 2406 765
608 7 794
609 982 1861
610 1031 467
611 2508 242
612 2383 317
613 1712 2351
614 1012 1160
615 2216 1325
616 2091 683
617 2278 2120
618 7 568
619 1890 2420
620 1702 672
621 429 208
622 2250 2092
623 1312 2513
624 2367 2434
625 978 2303
626 263 1079
627 1552 669
628 933 2445
629 2406 756
630 1802 1373
631 977 1778
632 1129 269
633 1080 1576
634 1812 790
635 1143 1090
636 1750 2597
637 978 2151
638 2590 49
639 1129 414
640 1826 867
641 1459 224
642 1065 2546
643 1537 2123
644 2041 2207
645 2236 1135
646 2125 775
647 736 1861
648 471 1679
649 1754 1287
650 1129 357
651 2518 1546
652 2516 49
653 2596 2046
654 190 568
655 619 870
656 267 1386
657 2604 110
658 1844 2584
659 933 2737
660 277 993
661 1012 1182
662 2301 1131
663 852 1757
664 637 140
665 1264 224
666 1898 867
667 1807 2071
668 217 1988
669 2034 1048
670 2003 484
671 1143 98
672 1844 2411
673 1552 651
674 1782 2201
675 577 502
676 1099 1315
677 736 1739
678 1036 464
679 211 1079
680 1313 224
681 2582 2046
682 104 2222
683 2026 125
684 2308 1737
685 2165 64
686 933 2571
687 2367 110
688 948 2784
689 2727 2046
690 1674 1914
691 934 652
692 2350 1737
693 1221 1924
694 2165 -49
695 1099 1182
696 2108 765
697 1753 2232
698 1658 726
699 692 1679
700 2068 2595
701 452 145
702 224 848
703 2108 773
704 990 577
705 1143 112
706 1203 2446
707 2585 1287
708 1583 2597
709 300 1429
710 1561 637
711 1249 1741
712 2278 2159
713 2296 874
714 125 2450
715 1441 2615
716 2239 2095
717 1539 2003
718 1774 672
719 1831 2111
720 2032 2322
721 2586 2485
722 933 2474
723 641 1550
724 69 1459
725 1923 1352
726 147 844
727 2409 632
728 2574 242
729 1551 736
730 1937 2627
731 1674 1815
732 334 1079
733 228 1927
734 1925 2111
735 2612 2046
736 1859 1352
737 1815 1373
738 2278 2073
739 2182 727
740 134 844
741 2081 125
742 363 208
743 2056 1475
744 1958 867
745 693 1604
746 2361 1204
747 2278 2358
748 1709 2351
749 478 790
750 1188 1370
751 1293 1650
752 1193 114
753 539 790
754 2187 1325
755 485 1388
756 1583 2632
757 2119 2111
758 947 2445
759 545 2430
760 1856 252
761 875 2376
762 641 1553
763 1602 86
764 736 1765
765 897 2151
766 1670 2003
767 1328 734
768 1108 1630
769 485 1429
770 976 2137
771 1093 2103
772 189 848
773 1789 1248
774 1890 2540
775 157 568
776 1039 1778
777 2409 2437
778 2508 296
779 493 790
780 2425 49
781 693 2427
782 2068 2495
783 1312 2488
784 1328 725
785 2412 488
786 2180 775
787 2278 2376
788 2003 518
789 1099 1185
790 2032 2357
791 282 537
792 1994 517
793 468 844
794 349 2430
795 150 1263
796 1790 1352
797 941 1778
798 1994 987
799 1748 1860
800 143 848
801 2281 2434
802 1958 828
803 891 2137
804 438 292
805 1087 2103
806 2032 2348
807 934 457
808 468 843
809 1062 414
810 963 2376
811 904 454
812 937 1825
813 1238 1370
814 1012 1099
815 138 917
816 2377 49
817 181 1927
818 996 1630
819 1856 2082
820 2631 110
821 470 140
822 1124 2103
823 852 1715
824 1016 1825
825 468 850
826 1193 198
827 224 928
828 793 1662
829 693 2390
830 452 208
831 241 1429
832 150 1384
833 723 311
834 1278 1650
835 2592 2485
836 736 1978
837 2003 541
838 810 816
839 13 1735
840 933 2716
841 1920 828
842 1718 867
843 799 1825
844 1312 2389
845 1034 646
846 162 568
847 2165 19
848 2182 676
849 468 642
850 13 1850
851 1729 175
852 1849 2071
853 104 2084
854 1193 167
855 1238 1421
856 1012 1154
857 1920 819
858 2118 639
859 288 1388
860 2538 2485
861 1036 444
862 1012 1604
863 1958 201
864 914 1861
865 1795 2357
866 2727 2430
867 1337 1601
868 962 2137
869 1999 558
870 1539 2090
871 1855 175
872 606 712
873 614 2430
874 1994 474
875 1994 544
876 1974 2111
877 2579 1287
878 797 2004
879 1741 720
880 506 1535
881 2543 1287
882 148 2450
883 2046 978
884 669 2427
885 531 1535
886 978 2370
887 1077 1987
888 2315 765
889 1081 1825
890 1630 2597
891 1249 1696
892 2123 1662
893 2165 125
894 224 844
895 1036 434
896 2742 2209
897 1025 2784
898 1417 224
899 1843 764
900 100 147
901 13 1829
902 104 2399
903 1238 1575
904 2623 2434
905 224 537
906 2068 2590
907 802 870
908 1815 1424
909 1277 2386
910 1106 1090
911 2059 125
912 2518 1683
913 274 1429
914 1896 1488
915 2278 2320
916 426 1602
917 2409 2485
918 13 1764
919 845 1861
920 2641 1471
921 2361 1287
922 1618 2357
923 606 588
924 1143 1107
925 2296 861
926 2182 744
927 2412 518
928 1782 2150
929 1001 2784
930 1077 2100
931 1552 643
932 418 2430
933 2195 2095
934 1124 2240
935 558 790
936 869 1861
937 1161 1238
938 1143 194
939 1646 175
940 1815 1446
941 2278 2244
942 1749 2357
943 941 1604
944 1099 1347
945 933 2778
946 641 1535
947 2594 1471
948 273 537
949 1819 1503
950 1952 867
951 1844 2514
952 1124 2305
953 1989 125
954 183 2450
955 2041 2249
956 1775 790
957 1708 1844
958 1537 2134
959 133 2450
960 2518 1700
961 1391 211
962 1120 414
963 1768 1264
964 736 1890
965 2068 2627
966 240 1079
967 852 1778
968 2296 882
969 615 870
970 1674 1812
971 2136 906
972 1245 1778
973 1856 239
974 1658 736
975 2278 2364
976 2512 296
977 665 870
978 1099 1486
979 1790 1325
980 1997 1475
981 2419 110
982 81 1602
983 1829 2082
984 2641 1349
985 2361 1211
986 124 568
987 1238 1484
988 797 2027
989 2346 317
990 1328 728
991 1012 1136
992 2046 923
993 2272 1432
994 1367 224
995 13 1705
996 2406 701
997 641 1552
998 2158 1432
999 1807 2000
1000 2412 355
1001 2040 978
1002 1124 2341
1003 1815 1475
1004 1488 175
1005 2091 632
1006 171 1615
1007 457 1602
1008 1075 1604
1009 350 360
1010 1890 2627
1011 1952 2627
1012 2264 317
1013 615 1679
1014 357 208
1015 2118 680
1016 2016 1048
1017 888 2137
1018 1312 2600
1019 1777 2129
1020 2518 2485
1021 942 2445
1022 2158 1595
1023 933 2784
1024 502 512
1025 2727 2434
1026 2158 1450
1027 902 1825
1028 1124 2193
1029 901 1778
1030 1914 2627
1031 1900 2111
1032 1312 2480
1033 1258 2446
1034 1034 637
1035 176 848
1036 2123 1669
1037 1815 1489
1038 2056 1504
1039 2727 2346
1040 2187 1073
1041 1181 1277
1042 1124 2371
1043 693 2380
1044 1561 732
1045 2108 1662
1046 290 2450
1047 1012 1108
1048 1301 2371
1049 1708 1797
1050 2412 581
1051 2250 1909
1052 604 1679
1053 2032 2207
1054 2383 159
1055 1172 200
1056 1337 1807
1057 2158 1460
1058 239 1966
1059 702 870
1060 1445 2699
1061 2727 2379
1062 1460 175
1063 1782 2232
1064 1238 1560
1065 1856 208
1066 2030 2111
1067 61 384
1068 1941 2627
1069 217 2030
1070 1516 2699
1071 2546 1471
1072 1712 2252
1073 2574 284
1074 1884 1503
1075 1151 200
1076 2250 1895
1077 714 816
1078 1539 2084
1079 936 1604
1080 736 1825
1081 613 2430
1082 615 140
1083 870 1825
1084 2251 1980
1085 597 140
1086 1890 2427
1087 2740 2224
1088 957 2376
1089 1182 98
1090 2265 775
1091 2025 2111
1092 976 2100
1093 978 2376
1094 1658 688
1095 1699 2234
1096 1539 2093
1097 2382 1700
1098 1143 1238
1099 606 713
1100 1674 1958
1101 960 2445
1102 1812 777
1103 247 288
1104 1807 2051
1105 113 2060
1106 262 502
1107 7 587
1108 2165 -14
1109 2278 2216
1110 1769 2357
1111 1059 1182
1112 2304 1388
1113 2388 110
1114 634 1679
1115 228 1386
1116 108 1615
1117 401 2430
1118 942 2784
1119 2304 1418
1120 2122 756
1121 2044 978
1122 1782 2180
1123 1065 2661
1124 1561 616
1125 1284 224
1126 2614 49
1127 2251 1955
1128 1745 735
1129 309 292
1130 1844 2502
1131 2511 1700
1132 2099 2111
1133 2412 418
1134 1160 268
1135 1049 1778
1136 1626 86
1137 2518 1680
1138 214 1927
1139 452 323
1140 1124 1973
1141 978 2357
1142 683 140
1143 2007 978
1144 468 790
1145 637 2430
1146 1193 130
1147 1141 2371
1148 1790 1334
1149 477 1388
1150 502 584
1151 797 2137
1152 1767 745
1153 1693 155
1154 2304 1432
1155 603 140
1156 2742 2224
1157 1748 1917
1158 978 2278
1159 593 502
1160 928 1630
1161 2250 1737
1162 2563 110
1163 941 2784
1164 2136 2111
1165 976 2064
1166 978 2348
1167 2532 242
1168 468 797
1169 1099 1498
1170 1627 2597
1171 1718 862
1172 2010 978
1173 1632 86
1174 1065 2784
1175 1191 2446
1176 223 848
1177 2310 2046
1178 1477 175
1179 1065 2539
1180 2108 775
1181 1539 2028
1182 1077 1973
1183 191 1927
1184 2250 1776
1185 838 1825
1186 1896 1503
1187 2107 1325
1188 996 2445
1189 2623 49
1190 1181 1293
1191 2631 49
1192 421 2430
1193 1327 1570
1194 1890 2580
1195 2412 376
1196 606 575
1197 1124 1954
1198 976 2062
1199 1081 1861
1200 2032 2270
1201 2257 1432
1202 138 890
1203 1664 2232
1204 1781 1373
1205 1002 652
1206 334 1006
1207 2165 -40
1208 2491 110
1209 1527 669
1210 1890 2497
1211 1780 745
1212 239 1927
1213 1920 764
1214 1531 93
1215 1693 127
1216 1643 86
1217 1760 1264
1218 2727 2224
1219 1941 2111
1220 1541 736
1221 620 816
1222 1391 224
1223 2518 1574
1224 1204 2446
1225 487 713
1226 954 2027
1227 2220 125
1228 722 1736
1229 784 1861
1230 2436 242
1231 209 917
1232 468 713
1233 1374 709
1234 1768 1254
1235 1238 1621
1236 468 824
1237 2409 2434
1238 2562 2485
1239 2277 634
1240 2058 2111
1241 2023 2420
1242 1124 2342
1243 2221 1432
1244 2041 2335
1245 1245 224
1246 485 1427
1247 1012 1861
1248 1761 735
1249 1706 1797
1250 1486 734
1251 743 1604
1252 69 1429
1253 2636 2046
1254 2273 317
1255 188 568
1256 194 1927
1257 2118 681
1258 1337 1892
1259 1193 98
1260 685 454
1261 186 1215
1262 2046 906
1263 1994 1038
1264 1337 1570
1265 1828 2357
1266 430 1602
1267 1805 2357
1268 334 1041
1269 2742 2064
1270 318 292
1271 1890 2533
1272 2007 2111
1273 2115 1325
1274 757 1825
1275 723 442
1276 696 1604
1277 179 1615
1278 104 2280
1279 309 208
1280 934 635
1281 205 1386
1282 2277 765
1283 937 2137
1284 1270 2446
1285 1065 2590
1286 1689 175
1287 1160 2446
1288 2301 765
1289 484 584
1290 1065 2735
1291 1994 522
1292 2251 1928
1293 1178 98
1294 1249 1778
1295 426 1429
1296 723 323
1297 2412 329
1298 1518 669
1299 1328 709
1300 259 483
1301 1036 608
1302 1337 1580
1303 2056 1619
1304 2400 1183
1305 294 1388
1306 1755 867
1307 2727 2338
1308 934 454
1309 1674 1930
1310 2365 329
1311 1742 175
1312 1693 164
1313 933 2658
1314 2463 296
1315 361 1429
1316 165 1927
1317 328 1429
1318 2165 8
1319 1741 692
1320 2061 2420
1321 2400 1174
1322 933 2463
1323 1533 2003
1324 764 2376
1325 2271 1325
1326 2383 296
1327 2182 632
1328 1327 1650
1329 1099 1424
1330 2296 828
1331 693 2397
1332 67 277
1333 1561 685
1334 1143 155
1335 2113 1662
1336 159 1927
1337 452 360
1338 2056 1601
1339 2259 632
1340 2047 2627
1341 13 1615
1342 239 1983
1343 741 2004
1344 1454 224
1345 2041 2388
1346 2564 2046
1347 2123 1696
1348 1754 1328
1349 976 2035
1350 1952 1352
1351 2167 1325
1352 1193 174
1353 1249 1709
1354 933 2700
1355 1994 558
1356 694 1736
1357 239 1988
1358 1718 738
1359 1886 867
1360 1753 2105
1361 958 2027
1362 69 1602
1363 1064 1861
1364 1159 1954
1365 158 1927
1366 978 2189
1367 1129 353
1368 302 537
1369 1374 669
1370 13 1776
1371 1987 2627
1372 1754 1248
1373 1583 2357
1374 1187 1630
1375 1807 2059
1376 1874 1503
1377 2561 1471
1378 1099 1576
1379 1658 707
1380 2238 125
1381 961 2151
1382 277 1006
1383 1807 2019
1384 2251 1954
1385 2068 2434
1386 1024 2445
1387 309 291
1388 2400 1131
1389 2022 1048
1390 2118 753
1391 1851 867
1392 1697 2232
1393 1771 2129
1394 1160 269
1395 2278 2248
1396 1533 2060
1397 2623 2485
1398 1193 129
1399 69 1477
1400 1656 2597
1401 1036 467
1402 1890 2477
1403 1221 1903
1404 1640 2032
1405 202 483
1406 1770 745
1407 1703 2357
1408 745 1825
1409 1537 2138
1410 250 928
1411 452 292
1412 934 643
1413 186 1150
1414 468 687
1415 2236 1144
1416 702 1604
1417 2261 1325
1418 1793 692
1419 502 510
1420 1312 2433
1421 1099 1450
1422 309 224
1423 936 577
1424 2165 86
1425 2041 2246
1426 2158 1696
1427 75 1429
1428 1770 867
1429 205 848
1430 1078 1778
1431 2655 2434
1432 749 2376
1433 1312 2456
1434 1830 2357
1435 1815 1465
1436 452 298
1437 1728 672
1438 723 186
1439 2560 242
1440 1099 1402
1441 2358 329
1442 329 292
1443 2195 2111
1444 1813 175
1445 2196 56
1446 1143 1163
1447 2367 49
1448 723 408
1449 67 147
1450 1787 2082
1451 570 870
1452 2346 329
1453 1844 2523
1454 1073 1861
1455 167 1429
1456 2412 391
1457 922 1861
1458 2187 1153
1459 1065 2616
1460 736 1915
1461 1583 2612
1462 1867 2071
1463 2641 1433
1464 1992 2627
1465 2196 -74
1466 457 1679
1467 2041 2265
1468 585 1535
1469 2056 1478
1470 423 1602
1471 1583 2636
1472 1894 1503
1473 247 161
1474 1807 1956
1475 415 1603
1476 641 1565
1477 468 818
1478 497 584
1479 1860 252
1480 955 577
1481 61 360
1482 723 422
1483 1561 710
1484 1640 2003
1485 150 1352
1486 1815 1476
1487 2235 2095
1488 1583 2645
1489 1438 669
1490 931 2376
1491 1337 1664
1492 1448 669
1493 104 2450
1494 1768 1255
1495 1844 2597
1496 1522 2699
1497 1745 2597
1498 2304 1365
1499 1470 669
1500 685 443
1501 1419 669
1502 1793 745
1503 2251 1909
1504 485 1426
1505 1712 2234
1506 107 2450
1507 2196 109
1508 736 1791
1509 2296 801
1510 1790 1348
1511 1238 1500
1512 1441 2680
1513 1822 2357
1514 934 577
1515 2387 110
1516 430 1603
1517 1782 2133
1518 7 640
1519 1026 1630
1520 1312 2371
1521 274 1386
1522 2641 1413
1523 224 917
1524 1124 2195
1525 2277 764
1526 7 616
1527 468 624
1528 1708 1800
1529 2412 482
1530 1312 2593
1531 2412 584
1532 1844 2357
1533 1754 1373
1534 13 1746
1535 2295 1325
1536 1712 2311
1537 117 568
1538 1776 672
1539 2268 1325
1540 698 140
1541 1910 1475
1542 973 652
1543 1640 2232
1544 2574 272
1545 930 2027
1546 104 2431
1547 247 237
1548 1830 175
1549 104 2120
1550 1693 163
1551 1000 1604
1552 801 1708
1553 1803 1352
1554 934 618
1555 2277 750
1556 13 1854
1557 933 2462
1558 2297 317
1559 2136 125
1560 2231 1163
1561 1069 1861
1562 2677 2046
1563 1712 2357
1564 468 868
1565 821 856
1566 793 1604
1567 2412 550
1568 412 1429
1569 384 2430
1570 2372 1204
1571 2509 110
1572 2384 329
1573 518 1535
1574 302 524
1575 821 816
1576 2032 2388
1577 1920 822
1578 1653 2351
1579 1958 125
1580 819 454
1581 1034 652
1582 2526 296
1583 2440 2046
1584 806 816
1585 1844 2458
1586 13 1840
1587 2622 1471
1588 2032 2379
1589 1691 2357
1590 712 1736
1591 531 140
1592 1693 142
1593 978 2152
1594 1754 1254
1595 1583 2351
1596 1065 2445
1597 2412 430
1598 2003 474
1599 2182 661
1600 104 2395
1601 1087 1973
1602 2166 756
1603 976 2027
1604 2623 2438
1605 21 1615
1606 395 2430
1607 913 2151
1608 749 1604
1609 487 1574
1610 2518 1638
1611 2264 321
1612 2121 2111
1613 1793 672
1614 1788 1917
1615 170 848
1616 2302 317
1617 886 2027
1618 2236 1131
1619 1055 1861
1620 1807 1917
1621 1081 1839
1622 1008 467
1623 736 1736
1624 1546 669
1625 2135 906
1626 452 175
1627 2454 110
1628 2182 756
1629 1124 2327
1630 1036 420
1631 1124 2220
1632 1062 2445
1633 730 454
1634 2318 2046
1635 2518 1686
1636 1958 832
1637 1099 1568
1638 2056 1662
1639 1674 1998
1640 2278 2327
1641 1550 736
1642 2486 2485
1643 933 2726
1644 2434 2485
1645 671 1679
1646 67 360
1647 1561 736
1648 1337 1851
1649 1958 232
1650 1160 224
1651 2220 632
1652 933 2515
1653 544 1535
1654 2165 -53
1655 2105 1048
1656 2158 1528
1657 1105 1973
1658 2412 632
1659 2251 2087
1660 2196 67
1661 1812 764
1662 821 870
1663 1201 2446
1664 2187 1136
1665 723 402
1666 1129 312
1667 820 2137
1668 1666 2003
1669 502 502
1670 1277 2441
1671 2321 317
1672 1640 2047
1673 2688 2434
1674 1844 2380
1675 2187 1163
1676 597 502
1677 1531 175
1678 1099 1405
1679 2487 110
1680 2040 1475
1681 2270 906
1682 1892 2627
1683 2187 1048
1684 1181 1284
1685 991 1630
1686 1265 2446
1687 1781 175
1688 2608 1471
1689 224 568
1690 1890 2487
1691 1215 224
1692 1711 2129
1693 1065 2523
1694 2223 125
1695 2742 2058
1696 1856 226
1697 2039 2207
1698 709 870
1699 691 816
1700 606 502
1701 2278 2434
1702 1718 801
1703 2068 2478
1704 1441 2644
1705 2196 -73
1706 1323 1892
1707 2277 711
1708 1803 175
1709 803 1708
1710 88 1927
1711 955 467
1712 2406 697
1713 176 917
1714 1065 2737
1715 415 1602
1716 1337 1775
1717 20 1615
1718 2412 359
1719 850 2151
1720 701 140
1721 808 2376
1722 2277 704
1723 1459 215
1724 1674 1797
1725 2344 765
1726 607 2430
1727 2406 688
