186
0 106 69
1 13 55
2 94 53
3 58 58
4 98 40
5 49 12
6 33 92
7 21 75
8 56 12
9 70 12
10 83 -1
11 106 75
12 71 97
13 37 75
14 6 10
15 65 27
16 111 10
17 70 -1
18 58 63
19 80 53
20 94 69
21 51 22
22 108 29
23 56 22
24 21 12
25 64 97
26 21 78
27 95 75
28 45 12
29 76 12
30 89 12
31 37 78
32 33 96
33 42 93
34 18 10
35 83 40
36 56 19
37 85 53
38 78 18
39 70 10
40 66 42
41 58 66
42 103 62
43 93 34
44 64 95
45 19 96
46 66 27
47 124 57
48 64 66
49 80 44
50 93 30
51 17 96
52 77 48
53 84 32
54 76 56
55 49 21
56 84 19
57 92 32
58 58 10
59 97 61
60 12 55
61 71 93
62 103 61
63 91 40
64 41 12
65 6 14
66 62 12
67 92 17
68 98 41
69 21 96
70 65 12
71 111 3
72 93 20
73 66 37
74 98 14
75 97 75
76 124 69
77 106 72
78 37 63
79 89 5
80 70 97
81 112 89
82 60 58
83 83 33
84 57 22
85 56 10
86 66 38
87 89 19
88 95 80
89 103 69
90 35 100
91 101 34
92 57 28
93 23 103
94 21 14
95 77 44
96 89 -1
97 15 55
98 42 100
99 78 19
100 58 22
101 100 4
102 95 90
103 103 57
104 76 69
105 95 87
106 111 18
107 54 63
108 98 16
109 17 103
110 77 47
111 84 33
112 98 10
113 8 29
114 75 25
115 64 93
116 72 58
117 80 42
118 41 21
119 120 69
120 65 37
121 48 22
122 90 40
123 100 3
124 75 19
125 58 12
126 111 20
127 37 83
128 21 10
129 112 90
130 15 68
131 33 93
132 77 53
133 3 25
134 54 12
135 95 83
136 12 58
137 103 68
138 78 44
139 111 11
140 92 20
141 35 103
142 83 42
143 93 25
144 30 103
145 3 14
146 76 53
147 8 14
148 100 10
149 101 62
150 31 78
151 58 2
152 12 68
153 111 29
154 66 25
155 103 75
156 80 46
157 92 25
158 42 92
159 98 17
160 106 34
161 46 22
162 83 41
163 76 58
164 71 95
165 106 29
166 54 10
167 92 19
168 73 58
169 46 28
170 112 75
171 78 42
172 92 30
173 73 66
174 94 66
175 15 64
176 17 97
177 93 31
178 54 83
179 77 49
180 56 2
181 3 29
182 84 18
183 99 90
184 33 75
185 97 62
