390
0 272 262
1 78 275
2 115 177
3 176 311
4 219 112
5 -5 43
6 131 187
7 271 57
8 180 95
9 298 333
10 165 397
11 220 384
12 342 330
13 139 51
14 298 369
15 159 83
16 50 327
17 367 284
18 285 161
19 344 161
20 371 255
21 284 112
22 409 242
23 219 111
24 16 323
25 190 293
26 289 384
27 342 333
28 277 156
29 287 172
30 331 154
31 92 276
32 165 353
33 306 77
34 296 194
35 198 352
36 230 384
37 207 293
38 112 396
39 94 187
40 70 371
41 334 319
42 284 57
43 59 323
44 92 275
45 180 113
46 49 133
47 165 362
48 317 54
49 49 323
50 245 293
51 308 294
52 78 270
53 219 125
54 432 240
55 305 326
56 50 290
57 -1 337
58 163 307
59 95 34
60 292 149
61 374 255
62 305 306
63 312 141
64 -18 29
65 354 294
66 23 20
67 84 157
68 13 94
69 18 43
70 387 78
71 244 62
72 172 307
73 95 396
74 100 396
75 287 161
76 263 140
77 234 56
78 150 393
79 91 4
80 95 10
81 409 240
82 432 196
83 -1 323
84 291 384
85 233 111
86 190 299
87 192 134
88 273 112
89 195 52
90 331 156
91 84 316
92 166 177
93 305 212
94 13 80
95 206 52
96 284 103
97 159 31
98 260 292
99 70 384
100 50 285
101 432 160
102 284 59
103 305 154
104 78 157
105 84 315
106 194 83
107 340 54
108 21 323
109 89 276
110 298 54
111 37 323
112 335 98
113 260 291
114 345 98
115 325 98
116 211 307
117 277 150
118 78 228
119 90 157
120 180 96
121 290 55
122 78 142
123 296 216
124 204 52
125 432 233
126 163 95
127 305 216
128 260 268
129 154 177
130 136 187
131 305 178
132 209 326
133 86 312
134 95 51
135 166 192
136 197 307
137 62 305
138 254 293
139 344 54
140 159 95
141 165 356
142 234 38
143 368 98
144 13 123
145 90 168
146 272 384
147 23 47
148 344 66
149 78 256
150 98 177
151 13 47
152 260 273
153 194 353
154 311 98
155 271 40
156 190 307
157 347 98
158 -11 20
159 331 158
160 206 68
161 356 67
162 160 192
163 409 255
164 346 67
165 -1 328
166 387 68
167 70 390
168 139 37
169 277 161
170 367 255
171 59 327
172 342 306
173 245 263
174 300 149
175 139 17
176 91 10
177 200 307
178 266 148
179 244 111
180 163 311
181 95 52
182 31 323
183 125 187
184 277 148
185 287 194
186 -8 20
187 161 177
188 432 193
189 236 293
190 135 393
191 374 67
192 304 326
193 301 77
194 386 255
195 185 307
196 139 41
197 267 247
198 180 105
199 342 294
200 46 355
201 192 117
202 150 397
203 214 326
204 238 293
205 86 305
206 263 112
207 311 294
208 211 297
209 84 312
210 90 177
211 209 293
212 -1 334
213 289 141
214 339 98
215 149 17
216 60 7
217 84 4
218 105 52
219 298 365
220 206 77
221 125 396
222 49 355
223 432 186
224 81 305
225 13 107
226 263 148
227 214 382
228 14 323
229 13 130
230 250 247
231 134 52
232 271 38
233 74 277
234 159 52
235 230 293
236 254 294
237 279 57
238 367 67
239 165 359
240 175 95
241 294 384
242 6 20
243 287 55
244 49 336
245 209 297
246 378 148
247 50 305
248 95 17
249 237 294
250 70 377
251 331 161
252 214 384
253 1 20
254 94 219
255 139 43
256 349 148
257 302 141
258 331 157
259 -1 355
260 23 43
261 198 353
262 181 311
263 284 72
264 70 368
265 305 294
266 387 67
267 187 52
268 127 393
269 412 240
270 60 10
271 125 52
272 298 326
273 137 393
274 334 294
275 305 312
276 211 299
277 198 326
278 288 172
279 349 161
280 245 292
281 89 277
282 279 112
283 78 219
284 134 51
285 306 98
286 206 83
287 287 187
288 290 54
289 59 305
290 159 87
291 13 105
292 -18 34
293 37 355
294 234 62
295 70 328
296 214 342
297 430 148
298 413 240
299 95 42
300 342 343
301 165 394
302 84 328
303 254 292
304 312 149
305 180 110
306 367 281
307 306 81
308 367 263
309 13 86
310 23 10
311 159 17
312 334 315
313 135 177
314 190 306
315 185 311
316 387 98
317 432 170
318 180 117
319 342 314
320 204 83
321 288 177
322 380 98
323 367 294
324 198 333
325 103 177
326 360 148
327 305 54
328 94 190
329 148 17
330 286 141
331 260 384
332 60 4
333 206 78
334 334 343
335 136 192
336 245 247
337 245 290
338 78 269
339 367 277
340 287 77
341 13 72
342 298 384
343 201 307
344 260 262
345 189 83
346 13 133
347 298 335
348 409 148
349 305 311
350 50 277
351 206 81
352 230 294
353 218 384
354 251 38
355 263 144
356 432 148
357 361 294
358 219 119
359 225 384
360 305 177
361 162 397
362 245 266
363 49 142
364 -18 43
365 344 67
366 273 57
367 271 148
368 350 67
369 334 313
370 131 52
371 106 396
372 127 396
373 75 277
374 70 396
375 181 83
376 334 338
377 287 177
378 169 95
379 -18 20
380 43 10
381 206 293
382 219 134
383 305 163
384 377 148
385 95 32
386 175 311
387 286 149
388 272 247
389 362 98
