3205
0 4614 452
1 4246 226
2 776 4621
3 5114 1217
4 2227 431
5 2084 1240
6 2976 2600
7 1220 2145
8 5007 465
9 4918 323
10 1247 3325
11 51 2281
12 232 3169
13 4716 4845
14 4960 3737
15 3656 1120
16 5651 3810
17 3151 2600
18 5651 4099
19 1227 2267
20 40 569
21 5851 1751
22 934 467
23 609 3256
24 4398 4017
25 2141 5682
26 1926 5281
27 4622 4921
28 3988 1311
29 232 3402
30 2282 3788
31 3495 1849
32 1089 1778
33 2794 4088
34 3987 2156
35 1220 1942
36 3163 1918
37 435 4801
38 2825 4313
39 5143 2660
40 5794 989
41 3412 1036
42 5468 2788
43 4742 -35
44 435 1917
45 2118 4454
46 3707 5135
47 459 2025
48 4457 1347
49 1894 2282
50 1264 3228
51 4040 4808
52 4660 1352
53 5609 1170
54 2403 3079
55 934 379
56 506 4147
57 745 506
58 4497 1235
59 5291 2475
60 232 3362
61 2738 4386
62 3190 539
63 5051 2250
64 2830 1487
65 5629 4578
66 5066 1537
67 4723 259
68 953 1399
69 4274 128
70 2953 589
71 1234 2998
72 712 5635
73 1814 2349
74 2943 5722
75 953 1248
76 2926 4570
77 4482 4259
78 3764 4207
79 1264 3219
80 2246 4047
81 308 26
82 4797 3317
83 232 3070
84 205 5468
85 79 2281
86 1463 5484
87 1592 703
88 963 2947
89 2719 2867
90 2842 605
91 2547 4049
92 2185 1801
93 2272 3079
94 1175 3337
95 3817 2896
96 846 4399
97 2246 5932
98 1628 5484
99 5434 1170
100 459 2023
101 1264 2757
102 3882 356
103 1427 282
104 3439 2645
105 5021 3425
106 48 -101
107 54 3730
108 -81 295
109 1079 1272
110 3842 4795
111 2547 3740
112 2558 4469
113 3994 2807
114 4596 4469
115 3988 1279
116 5794 1537
117 3063 4450
118 4439 5001
119 1089 1800
120 2972 539
121 1612 3157
122 1371 855
123 158 1242
124 1414 2023
125 3236 2600
126 953 1266
127 4933 465
128 2023 1240
129 3994 2370
130 3426 3799
131 5181 1217
132 3458 160
133 3429 1212
134 4294 2449
135 4606 4665
136 1396 2267
137 5179 -105
138 3988 1356
139 5154 1812
140 2141 5654
141 227 1235
142 270 2126
143 4614 411
144 5143 2587
145 1633 490
146 3036 1900
147 2269 431
148 1089 1793
149 1896 612
150 5039 17
151 2231 1590
152 3208 1227
153 2377 1340
154 1991 4697
155 316 3221
156 2539 4180
157 2107 2923
158 2783 4386
159 5637 -105
160 2825 4166
161 780 905
162 2639 5808
163 2182 3079
164 3360 3642
165 4862 3317
166 5923 2381
167 172 -57
168 3371 4610
169 745 470
170 3221 3241
171 5765 4655
172 1766 1240
173 4660 1235
174 4398 4052
175 167 1832
176 4607 1217
177 2090 4578
178 1264 3174
179 4176 2438
180 617 2843
181 1371 820
182 2386 5932
183 2925 5593
184 4052 1375
185 3304 1771
186 1434 3894
187 3106 2600
188 797 5684
189 3707 4909
190 390 121
191 5321 5456
192 1752 5281
193 5651 3743
194 1264 2794
195 2574 4088
196 40 628
197 2118 4564
198 3994 2641
199 654 2947
200 3036 2035
201 1591 3250
202 2977 4853
203 3210 2046
204 1483 1206
205 1089 1811
206 440 1720
207 3918 4661
208 596 2195
209 4457 1235
210 3191 2898
211 3961 2871
212 1633 341
213 617 2528
214 1612 3138
215 1991 4687
216 3707 5177
217 222 1832
218 3908 4795
219 3093 2046
220 3304 1520
221 3854 3144
222 1368 286
223 4006 356
224 2830 1151
225 4928 1812
226 1371 661
227 5039 -7
228 4853 1217
229 253 702
230 3273 1437
231 4310 -35
232 4010 3200
233 1633 509
234 5765 4770
235 1220 2090
236 6033 2344
237 3601 4083
238 777 686
239 1794 1970
240 3578 5722
241 4389 3943
242 232 3114
243 1151 5484
244 2943 5307
245 4658 1235
246 826 2599
247 -81 142
248 3764 4177
249 3940 3262
250 270 1917
251 1422 3894
252 4040 4932
253 5697 1537
254 5709 1783
255 259 4003
256 4390 -35
257 172 -84
258 5326 589
259 5443 2344
260 3487 4731
261 459 2126
262 1641 1343
263 4806 465
264 4184 1375
265 762 754
266 3988 1178
267 2830 1578
268 1483 1188
269 1079 1098
270 3436 4827
271 1576 5281
272 2327 2998
273 2970 1437
274 4932 3694
275 1011 1006
276 114 1242
277 4663 259
278 5017 3425
279 480 5375
280 4935 5450
281 5066 1812
282 1218 2267
283 2713 1340
284 4516 -35
285 4807 259
286 2087 2595
287 1175 3301
288 2133 431
289 5143 2475
290 1484 307
291 1311 5484
292 1644 1343
293 4333 -35
294 588 4368
295 724 754
296 160 3875
297 3052 3241
298 5272 2485
299 1686 1150
300 2607 5932
301 3560 2849
302 5169 2475
303 -224 2956
304 3299 1960
305 3622 4665
306 1290 2267
307 2925 5565
308 4215 1217
309 4726 4412
310 2639 5297
311 4281 2449
312 4310 143
313 2141 5802
314 1894 2229
315 1652 5451
316 1351 1700
317 4172 356
318 5847 1537
319 1291 3119
320 3447 1208
321 4853 4845
322 1110 1406
323 -81 -101
324 2070 4697
325 1264 2661
326 1139 2438
327 1376 974
328 127 1242
329 3214 539
330 2107 2983
331 3533 4540
332 451 5000
333 712 5469
334 1859 4602
335 232 3312
336 2344 431
337 3614 5722
338 2840 5808
339 3632 3144
340 5765 4910
341 3824 4000
342 4083 4803
343 18 2281
344 4726 4262
345 4596 4495
346 160 4034
347 4772 5408
348 5773 1537
349 1079 1406
350 5466 1812
351 2988 4728
352 815 2790
353 5884 1537
354 3238 2648
355 3397 4065
356 5154 2660
357 575 961
358 3487 4839
359 974 589
360 166 702
361 3875 4253
362 392 3312
363 3271 309
364 3144 1261
365 420 2281
366 4772 5423
367 4866 3425
368 3602 2697
369 111 2281
370 826 2730
371 256 5321
372 5303 1217
373 282 2956
374 5554 -105
375 5765 5065
376 456 675
377 2842 628
378 797 5565
379 -81 85
380 568 451
381 3724 356
382 953 1006
383 2575 4424
384 3948 3051
385 2155 4469
386 734 4621
387 5169 2660
388 4051 3262
389 480 5103
390 5764 2344
391 4845 3694
392 971 1570
393 745 541
394 4804 4665
395 4797 3714
396 1291 2931
397 1978 4687
398 3161 1437
399 1159 2947
400 -40 295
401 3093 2076
402 3483 2791
403 2926 4737
404 2830 1379
405 2118 3994
406 3036 1875
407 1731 1240
408 5713 2344
409 5651 3686
410 1175 3217
411 2639 5269
412 4928 1959
413 5316 589
414 377 1718
415 -22 546
416 3882 3051
417 4286 128
418 5130 5329
419 3880 1120
420 4853 5149
421 1264 3068
422 511 4684
423 160 3910
424 3304 1691
425 1732 417
426 2183 1801
427 1351 1635
428 3533 3799
429 780 686
430 4649 1217
431 3066 5722
432 3436 4909
433 2226 4047
434 4239 4757
435 3163 1936
436 4457 1360
437 4382 1425
438 5001 3632
439 1592 1079
440 232 3494
441 5765 4866
442 3937 3262
443 3663 2896
444 934 334
445 2308 3079
446 317 702
447 737 4368
448 2231 1789
449 4113 2307
450 4042 1467
451 4960 157
452 1209 3337
453 1518 3016
454 4064 3222
455 4131 4495
456 5381 5456
457 5651 4315
458 5187 2475
459 1090 2476
460 953 1570
461 4856 4597
462 1431 2552
463 1894 2309
464 61 -101
465 3383 3626
466 3734 4795
467 2125 4497
468 1351 1406
469 3114 539
470 4614 630
471 3232 1437
472 200 1242
473 5057 1812
474 44 687
475 5439 2344
476 5839 -105
477 3734 4688
478 4507 848
479 4993 5317
480 4932 3607
481 1212 2543
482 3216 539
483 2922 628
484 2177 3079
485 3191 2939
486 3487 4800
487 595 2281
488 4286 4067
489 3271 539
490 227 961
491 3097 1261
492 2871 1059
493 953 1103
494 3707 5631
495 1894 2170
496 1076 1006
497 5039 -42
498 232 3064
499 2084 1446
500 2313 1192
501 5154 2485
502 1814 2483
503 3988 1319
504 4797 3607
505 4659 4665
506 259 4147
507 4772 5337
508 302 26
509 2511 2867
510 3810 4795
511 4726 4597
512 1125 2947
513 313 1917
514 815 2681
515 1371 856
516 3622 4540
517 568 486
518 3898 2871
519 5039 234
520 2876 1379
521 402 3312
522 3709 4044
523 1119 5371
524 1926 5238
525 4310 183
526 3208 1077
527 617 2281
528 2464 2956
529 4010 3058
530 3865 4795
531 3447 1120
532 953 1294
533 5372 1537
534 5651 3936
535 256 5283
536 396 2281
537 1518 3037
538 270 1718
539 2025 4602
540 815 2705
541 222 2223
542 370 3426
543 1732 389
544 2836 4386
545 3799 3144
546 3988 1120
547 2830 1350
548 270 2028
549 3479 160
550 4113 1454
551 3598 4540
552 160 3995
553 1518 2698
554 617 2574
555 1248 2267
556 1371 974
557 3439 2644
558 3036 1725
559 3983 2846
560 2301 5236
561 4853 4968
562 1771 1853
563 2125 4540
564 724 713
565 160 3850
566 160 3519
567 2964 1637
568 5662 2788
569 2083 2951
570 594 3178
571 4914 3607
572 5856 348
573 826 2907
574 1487 2552
575 1264 3177
576 5922 2344
577 186 2281
578 4778 4597
579 1220 1932
580 -39 -101
581 3158 2600
582 1649 1306
583 -22 413
584 4128 2454
585 953 1265
586 712 5611
587 1794 1886
588 2061 506
589 3260 3971
590 2084 506
591 480 5008
592 2084 1356
593 165 1242
594 2900 3240
595 2274 431
596 4286 3943
597 826 2803
598 1794 2300
599 260 3080
600 5507 4557
601 2562 4469
602 4173 4495
603 2675 5297
604 2639 5158
605 3764 4252
606 4551 848
607 2926 4790
608 4607 1192
609 4772 5512
610 1483 1032
611 1612 3149
612 1616 612
613 3824 3991
614 4503 4495
615 3498 3799
616 3063 4504
617 4239 4716
618 3918 4444
619 600 5000
620 3980 4059
621 1633 548
622 568 164
623 5456 3425
624 1371 2023
625 2084 1648
626 1291 3003
627 2418 1340
628 2107 2949
629 2141 5742
630 3707 5055
631 586 2281
632 3407 1036
633 -81 10
634 4074 4495
635 3867 356
636 3447 4510
637 4514 1235
638 1422 3877
639 2249 431
640 4113 2369
641 3811 1212
642 5274 2381
643 156 2956
644 1868 1865
645 232 3035
646 260 3037
647 2547 3903
648 76 4034
649 5592 2344
650 3726 2896
651 4414 5045
652 5498 3425
653 3994 2234
654 5051 2286
655 3081 2600
656 232 3221
657 4522 1235
658 222 2187
659 260 3213
660 4418 1049
661 1414 2267
662 1247 3262
663 4886 1217
664 521 4684
665 815 2586
666 4999 323
667 792 2195
668 3036 1810
669 3513 4510
670 127 2281
671 2087 2604
672 2926 4659
673 607 2195
674 227 1003
675 2033 1240
676 2084 1559
677 40 636
678 4861 1541
679 1372 5286
680 459 1811
681 3594 3144
682 4430 848
683 2917 5808
684 4010 2602
685 2523 910
686 3585 3867
687 4282 4259
688 1291 2985
689 2141 5728
690 3994 2181
691 4797 3543
692 3316 3241
693 4888 1217
694 5884 1645
695 5614 2344
696 3841 2996
697 2141 5499
698 745 686
699 3868 2896
700 2282 3079
701 3163 2001
702 5675 1812
703 3707 5169
704 382 3312
705 4067 2141
706 3811 1296
707 3571 2733
708 4326 4716
709 4772 5428
710 5461 1170
711 2939 4547
712 2367 4138
713 4239 4731
714 2977 4885
715 594 3254
716 3360 3648
717 1291 2897
718 1291 2788
719 3707 5550
720 4126 1454
721 4351 2449
722 3238 2612
723 5651 4267
724 270 2091
725 4697 -35
726 4113 2141
727 1214 3337
728 3120 2046
729 1649 1343
730 2463 955
731 227 1119
732 -22 504
733 2945 3240
734 3760 1120
735 2001 506
736 3363 3239
737 1357 1866
738 459 1968
739 3266 4784
740 5581 2808
741 179 1917
742 232 2977
743 4040 4940
744 705 4368
745 568 209
746 4071 1543
747 3918 4536
748 3304 2996
749 4584 777
750 5928 2344
751 3994 2731
752 5376 3425
753 797 5585
754 5609 3425
755 2988 4634
756 1799 612
757 3764 4083
758 1533 282
759 -153 2281
760 3114 2600
761 3412 1100
762 2151 5167
763 3918 4293
764 4695 465
765 2240 4047
766 3400 992
767 3430 4510
768 5884 1684
769 5022 1541
770 222 2117
771 3416 160
772 1194 2947
773 2854 5808
774 256 5372
775 1633 406
776 5039 -105
777 4614 552
778 3627 3144
779 354 3221
780 3505 4065
781 3707 5421
782 3063 1315
783 5945 2381
784 1264 2848
785 1777 1240
786 1477 3894
787 2832 3219
788 4052 1403
789 2118 4366
790 1458 5281
791 3602 2486
792 3250 4610
793 815 2947
794 3366 3626
795 205 5690
796 3622 4607
797 2925 5808
798 3983 2849
799 5039 171
800 3038 4784
801 459 1966
802 5526 1537
803 4614 656
804 2871 967
805 3077 1379
806 3036 1637
807 1291 3111
808 2943 5158
809 3643 2849
810 1208 2267
811 1809 1150
812 1518 2552
813 2231 1801
814 380 1832
815 797 5752
816 1291 3029
817 2842 618
818 1501 3877
819 1373 2267
820 526 662
821 610 4368
822 2304 2998
823 4456 4259
824 5824 1537
825 4935 5358
826 1417 5281
827 1845 5281
828 2313 1590
829 54 3632
830 222 1917
831 -81 60
832 435 4879
833 227 1545
834 5328 2485
835 5765 4886
836 4113 2257
837 3908 3051
838 1582 3037
839 4694 928
840 1291 2739
841 3080 2253
842 134 1917
843 934 437
844 217 5690
845 666 4621
846 5884 1561
847 3421 2896
848 545 5375
849 1894 2438
850 5348 687
851 5236 1812
852 5337 589
853 3707 5221
854 777 754
855 1926 4687
856 5316 2475
857 2740 2778
858 2898 1315
859 2925 5357
860 738 2195
861 2713 1311
862 3709 3999
863 5140 1217
864 1139 2543
865 2871 981
866 232 3528
867 3882 3041
868 4584 656
869 2547 3905
870 3980 4067
871 1868 2101
872 3832 3144
873 456 683
874 3665 4510
875 4853 4712
876 2926 4742
877 1894 2489
878 3520 1212
879 5039 209
880 -81 194
881 480 5095
882 3412 1120
883 1570 5281
884 3419 4784
885 270 1832
886 -112 2956
887 2853 1379
888 2873 1437
889 5507 4578
890 3259 5722
891 797 5405
892 3836 2896
893 4042 1543
894 3271 187
895 459 1826
896 2885 1261
897 160 3730
898 3351 1332
899 4928 1862
900 3298 160
901 3271 3722
902 3429 1142
903 2284 4138
904 3218 1960
905 1264 2892
906 567 2195
907 4763 1217
908 5377 2381
909 2116 5167
910 4184 2438
911 2107 2867
912 5651 3544
913 745 637
914 1926 4665
915 3260 4065
916 1228 1406
917 3099 2046
918 2139 1192
919 3722 1120
920 3983 2821
921 1539 4155
922 1291 2726
923 797 5477
924 143 2956
925 5651 3807
926 3063 1278
927 1078 1570
928 3172 3241
929 3774 1120
930 5884 1719
931 5180 2485
932 6015 2381
933 4683 1217
934 2084 1726
935 3799 2896
936 6052 2344
937 2602 2867
938 2055 4697
939 934 589
940 2539 4213
941 4856 4598
942 160 3703
943 4040 4803
944 3882 2891
945 5450 2788
946 3046 3240
947 2867 5808
948 953 1093
949 3387 4594
950 222 2024
951 2283 1590
952 1592 708
953 1935 540
954 3764 4106
955 2231 1781
956 1439 2552
957 2083 2963
958 2980 1379
959 3271 3819
960 4418 945
961 712 5401
962 1868 2082
963 1814 2489
964 5651 4210
965 5782 -105
966 1139 2419
967 3190 1261
968 3351 1354
969 459 2057
970 2612 3169
971 5609 3325
972 3038 4732
973 5314 687
974 4062 4486
975 2943 4988
976 3304 1561
977 4807 309
978 2270 5236
979 2231 1629
980 964 1006
981 40 659
982 2842 875
983 59 702
984 4853 5190
985 3669 4044
986 2083 2607
987 4062 4463
988 3948 2849
989 4310 44
990 4903 1959
991 337 961
992 3426 3626
993 435 4699
994 2555 3079
995 4786 -35
996 -224 2315
997 2332 5167
998 222 2213
999 3987 2167
1000 466 5000
1001 3038 4711
1002 5312 1217
1003 3129 1437
1004 4264 120
1005 1291 2684
1006 402 3313
1007 5001 3626
1008 3271 531
1009 2960 539
1010 428 702
1011 1598 5484
1012 5651 3826
1013 3811 1366
1014 1483 1343
1015 1849 2489
1016 1846 4613
1017 5856 326
1018 5041 3544
1019 4465 4259
1020 3585 3877
1021 1154 2543
1022 232 3813
1023 4269 44
1024 4113 2438
1025 2953 628
1026 5647 4409
1027 782 4997
1028 2336 3079
1029 270 2029
1030 3399 4510
1031 2539 4184
1032 3707 5151
1033 4807 299
1034 2836 5297
1035 4605 656
1036 227 1624
1037 -17 569
1038 4324 2449
1039 -81 289
1040 4726 4126
1041 54 3843
1042 3260 3819
1043 4772 5320
1044 5410 1812
1045 1535 4155
1046 4418 1037
1047 222 1791
1048 1392 2543
1049 1592 1132
1050 339 32
1051 160 3620
1052 1371 937
1053 4476 4921
1054 3860 4059
1055 4071 1518
1056 1264 2814
1057 3567 2849
1058 1868 1989
1059 3253 3241
1060 1308 2543
1061 3269 2996
1062 3304 1437
1063 568 356
1064 2547 3830
1065 399 2281
1066 1449 3250
1067 5640 2344
1068 1351 1814
1069 2749 5808
1070 2084 1610
1071 2377 1472
1072 5450 3210
1073 878 2195
1074 482 961
1075 3191 2985
1076 3764 4253
1077 780 754
1078 3918 4649
1079 3271 471
1080 4772 5190
1081 1633 345
1082 3305 1960
1083 2713 1318
1084 3608 5722
1085 4853 5064
1086 54 3827
1087 3036 2132
1088 4797 259
1089 2350 5236
1090 205 5183
1091 2413 5932
1092 3932 356
1093 2289 3079
1094 3768 4795
1095 2249 1590
1096 2939 4524
1097 4719 4042
1098 260 3312
1099 2199 1801
1100 3103 539
1101 227 1242
1102 2830 1623
1103 3093 2131
1104 2084 1728
1105 3531 2896
1106 3035 5722
1107 2788 393
1108 2618 5853
1109 1566 307
1110 2539 4175
1111 2976 1379
1112 3244 539
1113 4062 4259
1114 4309 226
1115 1499 5286
1116 1139 2476
1117 568 172
1118 1528 5281
1119 1291 2995
1120 1234 3178
1121 490 5375
1122 3707 5376
1123 617 2818
1124 815 2740
1125 2832 3240
1126 2925 5690
1127 5754 4578
1128 3038 4682
1129 2250 3994
1130 1237 5484
1131 3824 3974
1132 5039 150
1133 622 5375
1134 5727 1170
1135 826 2586
1136 3313 160
1137 3127 1437
1138 1671 1866
1139 2018 5167
1140 38 2956
1141 4853 5164
1142 1003 2195
1143 724 750
1144 3426 3226
1145 3002 539
1146 3824 3940
1147 85 1832
1148 1592 612
1149 3191 2996
1150 2083 2867
1151 3734 4614
1152 1732 481
1153 4276 1518
1154 3707 5187
1155 1220 2017
1156 1414 2259
1157 825 4368
1158 846 4368
1159 2761 3169
1160 229 3312
1161 4614 285
1162 5361 2475
1163 3387 4557
1164 495 961
1165 459 1978
1166 1699 306
1167 5765 5270
1168 2911 1379
1169 2816 2659
1170 531 961
1171 4963 465
1172 1470 2552
1173 5039 465
1174 1291 2896
1175 1434 3250
1176 2841 1437
1177 4310 226
1178 4862 3419
1179 402 3414
1180 1592 764
1181 5439 2660
1182 5652 4578
1183 1725 1866
1184 705 4495
1185 1894 1859
1186 4241 5045
1187 4638 508
1188 2163 431
1189 366 961
1190 1794 2314
1191 4726 4042
1192 2651 1340
1193 4614 389
1194 3351 1849
1195 3063 4441
1196 3436 4821
1197 440 1811
1198 2926 4691
1199 1351 1560
1200 2143 5297
1201 3955 1381
1202 1026 589
1203 5851 -92
1204 4951 3425
1205 3304 1617
1206 3707 5577
1207 3327 992
1208 2618 5932
1209 3069 539
1210 5650 2381
1211 568 210
1212 3724 160
1213 2977 4909
1214 5538 3425
1215 1785 5281
1216 4348 2438
1217 1799 1847
1218 4726 4483
1219 2926 4892
1220 5453 -105
1221 2084 1764
1222 615 3256
1223 3683 2996
1224 851 4997
1225 5051 2405
1226 5029 1537
1227 617 2611
1228 2118 4047
1229 3383 2648
1230 1089 1570
1231 5039 173
1232 826 2615
1233 1371 589
1234 439 4937
1235 684 5375
1236 5450 2862
1237 3353 992
1238 2539 4469
1239 4804 3317
1240 4702 1094
1241 3426 3239
1242 4804 4701
1243 3036 2001
1244 3101 1918
1245 330 2956
1246 4930 3425
1247 3191 2947
1248 3063 4399
1249 4215 1240
1250 3291 160
1251 3439 2590
1252 3918 4376
1253 4767 465
1254 3068 539
1255 227 1501
1256 1884 2489
1257 5165 2485
1258 3304 1817
1259 4446 4495
1260 4161 2454
1261 172 -101
1262 1175 3178
1263 3994 2167
1264 745 418
1265 3487 4688
1266 5039 -97
1267 5185 2660
1268 2282 3820
1269 456 702
1270 4638 465
1271 4531 4495
1272 5573 1812
1273 4062 1543
1274 826 2947
1275 3303 2648
1276 3877 4059
1277 4660 1384
1278 3824 4057
1279 5933 2381
1280 1371 603
1281 4876 1959
1282 3510 5722
1283 4596 4359
1284 160 3717
1285 610 4537
1286 2231 1793
1287 -224 2281
1288 270 1742
1289 5032 5317
1290 2207 5919
1291 4775 4745
1292 2926 4913
1293 54 4034
1294 1234 3030
1295 2290 5167
1296 1518 2980
1297 1279 2543
1298 391 4147
1299 5651 4407
1300 4312 5045
1301 1055 5375
1302 4861 5563
1303 259 3961
1304 761 325
1305 4705 465
1306 -22 569
1307 5166 3544
1308 1291 3156
1309 3557 160
1310 2125 4469
1311 2988 4712
1312 2575 4386
1313 4062 4355
1314 4853 4727
1315 -105 2281
1316 1501 3894
1317 4301 2449
1318 566 2281
1319 339 121
1320 2578 1107
1321 228 26
1322 2565 955
1323 4010 2871
1324 4827 3714
1325 5039 208
1326 1147 2947
1327 5212 3544
1328 4862 1217
1329 2292 5932
1330 3673 4510
1331 4264 44
1332 3208 1164
1333 1108 5375
1334 3208 992
1335 205 5668
1336 2912 5158
1337 5756 4655
1338 2578 1192
1339 815 2830
1340 2977 4802
1341 934 420
1342 4862 3425
1343 1649 1258
1344 3665 160
1345 1264 3144
1346 2830 1529
1347 1633 612
1348 2832 3169
1349 3602 2568
1350 2801 5808
1351 5309 687
1352 1003 2476
1353 1794 612
1354 227 1710
1355 815 2668
1356 4879 3607
1357 1238 2267
1358 2926 4548
1359 3393 2896
1360 4853 5089
1361 4861 1813
1362 3036 2147
1363 1264 2780
1364 2871 1071
1365 2813 4088
1366 205 5224
1367 2439 2998
1368 5651 3806
1369 4896 5563
1370 3720 2849
1371 2099 3079
1372 4240 4067
1373 2977 4827
1374 2108 1801
1375 1178 3337
1376 1249 2543
1377 1322 2543
1378 5675 1783
1379 4504 4259
1380 435 4684
1381 1515 5484
1382 2681 1340
1383 2492 2867
1384 3314 1849
1385 1612 3116
1386 2577 3169
1387 2943 5435
1388 4052 1447
1389 1476 5484
1390 1292 3250
1391 159 -101
1392 5651 3702
1393 4960 3740
1394 1634 282
1395 5851 -105
1396 2565 393
1397 3046 3241
1398 3918 4479
1399 3064 2600
1400 5214 1812
1401 1139 2501
1402 4040 5022
1403 1079 1262
1404 232 3059
1405 373 2281
1406 5433 3425
1407 5426 1170
1408 2547 3722
1409 1677 1866
1410 745 391
1411 3815 2996
1412 1191 2947
1413 357 702
1414 5812 2381
1415 2377 1460
1416 932 325
1417 5284 687
1418 -224 2570
1419 270 2016
1420 3324 5722
1421 4052 1454
1422 4215 1202
1423 2540 4469
1424 1894 2281
1425 4856 4712
1426 459 2026
1427 1926 5245
1428 2083 2625
1429 3127 4610
1430 2189 5808
1431 5450 3544
1432 311 3221
1433 5051 2142
1434 716 4368
1435 1935 612
1436 4560 4921
1437 -224 2792
1438 5662 2808
1439 3093 2253
1440 5051 1981
1441 2084 1440
1442 430 1718
1443 5387 685
1444 868 325
1445 4903 1958
1446 568 121
1447 5856 650
1448 3429 1120
1449 5001 3544
1450 3010 1637
1451 3994 2252
1452 227 1038
1453 1003 2451
1454 1633 309
1455 4301 44
1456 2505 910
1457 5319 1537
1458 5001 3625
1459 5549 5456
1460 5498 3544
1461 4607 1094
1462 1592 723
1463 2125 4481
1464 4850 3714
1465 2377 1493
1466 3127 4573
1467 3484 2996
1468 160 3775
1469 227 1405
1470 3988 1320
1471 4638 877
1472 2925 5611
1473 3210 1960
1474 5869 1537
1475 339 26
1476 5508 2788
1477 3622 4734
1478 2362 3079
1479 2618 5808
1480 5709 1751
1481 3897 3262
1482 4862 3381
1483 1998 4697
1484 5568 2381
1485 745 489
1486 1209 2201
1487 3517 2486
1488 3882 2996
1489 5450 2913
1490 260 3075
1491 5426 1215
1492 4584 763
1493 4903 -35
1494 3515 4540
1495 3321 3241
1496 2089 2867
1497 1814 2371
1498 3487 4648
1499 5143 2591
1500 2141 5397
1501 4726 4549
1502 1535 4154
1503 25 -101
1504 5651 4345
1505 3347 1379
1506 2448 431
1507 3622 4721
1508 3918 4253
1509 3387 4512
1510 4726 4468
1511 1652 5484
1512 1894 2194
1513 227 1421
1514 4040 4832
1515 3330 2996
1516 1671 1886
1517 2547 3833
1518 4643 1235
1519 3994 2634
1520 4012 2141
1521 5572 4578
1522 5715 1537
1523 2282 3740
1524 1291 2948
1525 1264 3170
1526 1926 5248
1527 4772 5360
1528 2654 1340
1529 5851 145
1530 1894 1847
1531 5851 324
1532 2020 1240
1533 1003 2438
1534 -224 2582
1535 5461 1812
1536 2403 5932
1537 2464 2938
1538 4333 4259
1539 5121 5317
1540 4962 323
1541 5851 -56
1542 1373 974
1543 2361 1590
1544 3429 1186
1545 1793 1240
1546 984 2195
1547 4462 848
1548 160 3535
1549 4935 5505
1550 1044 1570
1551 4240 4259
1552 797 5579
1553 4893 3607
1554 3707 5041
1555 5535 4578
1556 3140 4610
1557 5794 1125
1558 4638 653
1559 4328 1049
1560 4215 1278
1561 3140 2600
1562 4772 5198
1563 3199 5722
1564 3487 4783
1565 5438 2475
1566 4397 1425
1567 4664 4665
1568 3641 3867
1569 3918 4410
1570 5432 3544
1571 5039 349
1572 222 1828
1573 3447 4909
1574 5621 1170
1575 1264 3250
1576 5143 2457
1577 1437 5286
1578 2685 5297
1579 1539 4109
1580 4113 2186
1581 5392 2344
1582 5651 3857
1583 1368 282
1584 3994 2498
1585 3719 4083
1586 2925 5438
1587 2858 2659
1588 3933 1381
1589 4804 4745
1590 1139 2396
1591 3797 1120
1592 953 1177
1593 2749 3169
1594 5311 2381
1595 2639 5287
1596 926 325
1597 930 325
1598 2751 1151
1599 4876 323
1600 3641 3799
1601 2393 4138
1602 -81 130
1603 1264 2788
1604 4030 4067
1605 2282 3686
1606 2560 3079
1607 1151 5361
1608 2647 4386
1609 3393 1960
1610 1633 564
1611 4439 4921
1612 2595 4088
1613 5765 5097
1614 4215 1375
1615 4853 4736
1616 1234 3170
1617 2926 4830
1618 90 2281
1619 3409 2996
1620 3724 324
1621 4638 767
1622 3918 4611
1623 3387 4610
1624 3924 4059
1625 1518 2620
1626 4183 2454
1627 797 5375
1628 2740 2867
1629 2838 1437
1630 2084 1560
1631 2547 3797
1632 4616 4665
1633 3006 5722
1634 823 5008
1635 3994 2734
1636 5549 2381
1637 610 4498
1638 2871 875
1639 3664 3144
1640 258 2977
1641 5476 2808
1642 5267 -105
1643 232 3205
1644 5765 4776
1645 5266 589
1646 172 26
1647 2942 3240
1648 630 5008
1649 4638 625
1650 5742 4578
1651 1351 1704
1652 3036 2105
1653 1926 5189
1654 3572 2896
1655 1327 5484
1656 4010 2533
1657 5765 4938
1658 2713 1151
1659 3447 1212
1660 1732 306
1661 3854 3161
1662 3707 5561
1663 5410 2475
1664 2540 2867
1665 5282 687
1666 85 1849
1667 3112 1261
1668 1619 282
1669 2943 5392
1670 1639 306
1671 4879 1217
1672 5245 2475
1673 2629 1012
1674 1894 2402
1675 2740 2767
1676 4281 2454
1677 797 5766
1678 2279 5236
1679 2539 4138
1680 5856 545
1681 3615 3144
1682 3348 1379
1683 5051 2094
1684 3994 2561
1685 2231 1693
1686 2740 2817
1687 4976 3740
1688 2830 1506
1689 1264 3117
1690 3329 2996
1691 2282 3810
1692 248 3849
1693 2464 2998
1694 3630 1212
1695 4418 2438
1696 4642 1235
1697 1902 4613
1698 4358 2438
1699 1079 1006
1700 4439 5045
1701 4481 1235
1702 2141 5444
1703 54 3541
1704 3515 3799
1705 3260 4063
1706 1135 589
1707 4010 3083
1708 3495 160
1709 5851 -75
1710 3439 2585
1711 5130 5456
1712 4545 848
1713 3641 3827
1714 2003 506
1715 3440 4510
1716 5001 3690
1717 256 5515
1718 4855 3317
1719 2287 3686
1720 745 528
1721 4027 3262
1722 154 702
1723 1079 1164
1724 4463 1235
1725 259 3995
1726 953 1500
1727 2539 4272
1728 4418 848
1729 2838 4386
1730 256 5690
1731 4702 928
1732 3276 160
1733 160 3892
1734 1264 3108
1735 2282 3821
1736 5051 2035
1737 3400 1960
1738 2806 5158
1739 1114 2476
1740 4317 -35
1741 1556 1343
1742 3262 3241
1743 227 1140
1744 284 3221
1745 1889 1192
1746 205 5244
1747 2531 3686
1748 5856 575
1749 1882 2122
1750 5039 178
1751 3063 1261
1752 256 5506
1753 3093 2223
1754 147 1917
1755 5676 2381
1756 712 5375
1757 2088 2867
1758 232 3410
1759 2083 2886
1760 205 5395
1761 2207 5236
1762 4542 1235
1763 260 2977
1764 2048 4578
1765 2107 2998
1766 710 4997
1767 5075 1812
1768 292 961
1769 5794 1170
1770 1063 1932
1771 2464 2867
1772 5450 2662
1773 1254 2176
1774 3707 5680
1775 3412 3626
1776 54 3593
1777 3091 1261
1778 1518 2787
1779 2871 1240
1780 3208 1018
1781 3123 1918
1782 2869 4313
1783 3566 4540
1784 -31 2956
1785 2966 5722
1786 260 3130
1787 3786 1120
1788 3487 4673
1789 333 3426
1790 3987 2141
1791 4215 1329
1792 4218 2438
1793 703 2947
1794 3163 1948
1795 2107 2876
1796 826 2649
1797 227 1122
1798 270 1983
1799 2742 4088
1800 2577 3079
1801 6057 2344
1802 5485 2788
1803 4643 4052
1804 3824 4040
1805 1147 2201
1806 1539 4148
1807 1903 1192
1808 3091 2253
1809 2773 4088
1810 4584 665
1811 4596 4374
1812 3994 2708
1813 4702 1518
1814 3426 3144
1815 3442 5722
1816 5039 107
1817 1694 1886
1818 3036 2253
1819 5632 2344
1820 780 796
1821 610 4411
1822 1896 1240
1823 2842 1012
1824 2547 3686
1825 4861 1812
1826 5051 2457
1827 5593 2808
1828 227 1598
1829 2099 3013
1830 -224 2668
1831 1063 1811
1832 4258 4067
1833 225 1405
1834 3597 2996
1835 1341 2543
1836 1414 2543
1837 2578 1012
1838 1233 2267
1839 2353 431
1840 1518 2908
1841 2083 2595
1842 260 3112
1843 2684 1340
1844 5877 1751
1845 1380 974
1846 826 2882
1847 2830 1473
1848 3754 2996
1849 260 3426
1850 3987 2155
1851 4215 1287
1852 -81 109
1853 4935 5324
1854 4660 1502
1855 4495 -35
1856 2704 1012
1857 5326 1812
1858 2231 1606
1859 2083 2651
1860 5356 687
1861 797 5500
1862 2842 878
1863 953 1424
1864 4266 2438
1865 2980 539
1866 1813 1150
1867 5051 1959
1868 5350 -105
1869 3360 3722
1870 2547 3926
1871 2160 5167
1872 3233 1437
1873 3439 2486
1874 580 4147
1875 780 786
1876 1633 307
1877 4935 5317
1878 1109 2438
1879 1220 2132
1880 1119 5375
1881 617 2561
1882 4616 1217
1883 4510 4259
1884 225 3312
1885 4010 2736
1886 953 1433
1887 5856 466
1888 4853 5188
1889 1291 2960
1890 5466 3544
1891 3271 160
1892 1483 1161
1893 2359 1192
1894 2763 393
1895 -18 -101
1896 5227 1537
1897 4607 1214
1898 3355 4610
1899 4264 122
1900 1371 861
1901 65 4034
1902 4062 4495
1903 2943 5416
1904 2547 3709
1905 2451 3079
1906 211 2956
1907 1868 2001
1908 5450 3127
1909 3068 5722
1910 4113 2394
1911 1771 1849
1912 2926 4994
1913 1935 506
1914 2830 1180
1915 480 5152
1916 4040 5005
1917 4928 1845
1918 2522 910
1919 5615 4409
1920 2308 431
1921 3321 3239
1922 3304 3241
1923 256 5286
1924 1483 1166
1925 5176 -105
1926 4064 3262
1927 5682 2344
1928 793 2947
1929 260 3220
1930 4726 4547
1931 486 4147
1932 2587 3169
1933 941 589
1934 1592 1127
1935 4650 465
1936 3387 4522
1937 1399 974
1938 54 3815
1939 5305 1217
1940 2618 5809
1941 3271 368
1942 1926 5228
1943 2231 1709
1944 4817 465
1945 5387 589
1946 4010 2722
1947 2060 5167
1948 4383 2438
1949 5884 1749
1950 1794 2349
1951 1254 2167
1952 259 4051
1953 4726 4124
1954 1926 5262
1955 3426 3175
1956 617 2861
1957 3063 4478
1958 2988 4565
1959 6054 2344
1960 1894 1853
1961 2547 4058
1962 2953 611
1963 2926 4786
1964 54 4016
1965 54 3557
1966 3281 2648
1967 5765 5167
1968 846 4410
1969 5253 2485
1970 2377 1343
1971 3051 4399
1972 587 4368
1973 1997 1240
1974 -224 2553
1975 2207 5808
1976 4426 4716
1977 3918 4440
1978 1771 1847
1979 1633 544
1980 4010 2454
1981 359 1917
1982 5051 1987
1983 2953 539
1984 3095 4784
1985 1223 589
1986 2460 2998
1987 5143 2583
1988 3734 4723
1989 260 3405
1990 5194 3425
1991 1535 4130
1992 5651 4353
1993 4010 2821
1994 3641 3857
1995 1291 2661
1996 3387 4536
1997 1472 974
1998 -224 2544
1999 5387 635
2000 2118 4561
2001 1525 3250
2002 3558 2896
2003 2459 1340
2004 5537 4578
2005 1375 5286
2006 2618 1012
2007 456 662
2008 1254 2145
2009 5446 1537
2010 4660 1247
2011 440 1734
2012 760 686
2013 3426 3193
2014 2926 4796
2015 1247 3250
2016 227 1069
2017 162 1832
2018 3469 5722
2019 2084 1262
2020 3918 4332
2021 4966 1812
2022 3698 2896
2023 3199 1261
2024 3036 2093
2025 1416 5286
2026 3036 1669
2027 3931 2871
2028 2832 5808
2029 402 3426
2030 1915 1240
2031 3426 3668
2032 833 4997
2033 3238 2617
2034 705 4531
2035 1291 3220
2036 4468 1235
2037 353 702
2038 2473 5932
2039 745 364
2040 677 2947
2041 4242 4067
2042 3036 1918
2043 2377 1345
2044 2925 5582
2045 2481 4138
2046 3038 4566
2047 4292 4259
2048 4010 2807
2049 2922 2659
2050 2539 4166
2051 341 4147
2052 227 1004
2053 1264 2789
2054 3050 2001
2055 5856 396
2056 3392 4784
2057 1372 5281
2058 1277 589
2059 745 452
2060 1264 2991
2061 172 -79
2062 520 5008
2063 2871 877
2064 3495 1911
2065 1868 1859
2066 390 4147
2067 3505 4083
2068 2926 4831
2069 3595 4510
2070 2212 4047
2071 5518 4409
2072 2988 4537
2073 846 4621
2074 2282 3865
2075 5266 595
2076 934 568
2077 3367 4784
2078 4185 226
2079 1414 2257
2080 256 5384
2081 1264 2701
2082 3260 3891
2083 1483 1072
2084 5765 4927
2085 4870 -35
2086 5689 1170
2087 3707 5170
2088 1062 5375
2089 256 5234
2090 5646 2808
2091 1351 1714
2092 227 1448
2093 2088 1192
2094 2939 4548
2095 4843 5563
2096 1220 5484
2097 3994 2517
2098 1868 1914
2099 222 2281
2100 2689 5808
2101 5801 2344
2102 2842 540
2103 4726 4211
2104 2946 4909
2105 5225 2660
2106 2988 4528
2107 2832 3224
2108 3734 4639
2109 4660 1518
2110 4059 3200
2111 1234 2947
2112 309 3221
2113 617 2947
2114 705 4452
2115 2207 5297
2116 1889 1156
2117 4960 8
2118 2083 3013
2119 4045 2454
2120 5559 4409
2121 3205 2046
2122 4845 3607
2123 4070 2141
2124 1813 5281
2125 4702 951
2126 3093 2052
2127 5688 1537
2128 1342 3250
2129 4376 5045
2130 1371 788
2131 5884 1662
2132 3093 2165
2133 2220 3079
2134 4398 3943
2135 5756 4585
2136 712 5727
2137 4186 226
2138 826 2626
2139 3707 5676
2140 435 4866
2141 3602 2490
2142 1544 3037
2143 3208 1170
2144 2087 2631
2145 2282 3994
2146 2740 2760
2147 500 121
2148 256 5557
2149 4158 4495
2150 3351 1212
2151 4784 -35
2152 934 446
2153 3304 1812
2154 2546 3686
2155 4457 1425
2156 85 1872
2157 1264 3028
2158 -22 311
2159 5381 1537
2160 3644 4083
2161 3432 3799
2162 2066 4697
2163 3602 2594
2164 1264 2851
2165 819 2586
2166 1732 472
2167 1847 1240
2168 -224 2491
2169 1063 1902
2170 2190 5808
2171 1511 5484
2172 5467 3544
2173 5585 1812
2174 5226 2485
2175 5143 2485
2176 2098 2867
2177 846 4506
2178 2848 5808
2179 3104 2046
2180 3473 2896
2181 3304 1488
2182 1414 282
2183 3336 2648
2184 3426 3699
2185 5794 757
2186 3900 2871
2187 5039 95
2188 3603 3867
2189 3353 5722
2190 3041 3240
2191 97 1832
2192 4797 3694
2193 667 5375
2194 5143 2630
2195 2619 1340
2196 3036 1881
2197 3734 4510
2198 204 3221
2199 3417 3626
2200 4042 1381
2201 4215 1235
2202 1639 291
2203 4596 4312
2204 1926 4683
2205 526 121
2206 5563 1170
2207 4716 4921
2208 5363 2660
2209 3824 4059
2210 2943 4909
2211 1220 2201
2212 4208 5045
2213 5651 3789
2214 3442 1960
2215 2390 1340
2216 3280 2648
2217 1926 5167
2218 192 1917
2219 232 3524
2220 4006 3262
2221 3585 4044
2222 3742 2996
2223 1612 3250
2224 413 961
2225 275 1718
2226 222 2245
2227 1047 2438
2228 4903 1812
2229 2819 4088
2230 4865 3607
2231 3342 3239
2232 2710 5808
2233 1989 1240
2234 4184 1454
2235 5025 1541
2236 5651 4409
2237 1592 1016
2238 2340 2998
2239 2645 5297
2240 3609 3144
2241 394 1917
2242 1220 2176
2243 576 961
2244 4935 5563
2245 3530 2896
2246 2740 2847
2247 2377 1590
2248 3665 2849
2249 3127 4578
2250 1891 1192
2251 3412 3239
2252 4375 4716
2253 3042 4399
2254 1139 2401
2255 270 1751
2256 617 2886
2257 205 5387
2258 5856 736
2259 2722 5158
2260 2048 4602
2261 569 5375
2262 -81 94
2263 1139 2267
2264 227 1707
2265 2274 1590
2266 260 3340
2267 1180 1932
2268 54 3519
2269 4141 5045
2270 1404 307
2271 5769 2381
2272 205 5229
2273 3978 356
2274 3724 238
2275 706 5375
2276 3900 4253
2277 2943 5193
2278 3271 295
2279 5001 3740
2280 4288 4716
2281 4010 2497
2282 5586 1170
2283 5450 2880
2284 3948 2871
2285 4410 4716
2286 538 121
2287 1868 2095
2288 5662 1537
2289 3994 2709
2290 2830 1637
2291 3346 1849
2292 2868 1379
2293 3484 1212
2294 2842 393
2295 797 5696
2296 2547 4088
2297 2484 4138
2298 2926 4748
2299 5609 3403
2300 1384 307
2301 3483 2800
2302 1894 2487
2303 5332 687
2304 1114 2438
2305 2565 930
2306 1045 589
2307 5218 5456
2308 4052 1434
2309 3038 4608
2310 222 1710
2311 1437 307
2312 2463 910
2313 3646 3144
2314 1351 3250
2315 3078 1918
2316 5450 2808
2317 2677 393
2318 4895 3714
2319 -224 2780
2320 3814 356
2321 2686 3169
2322 3093 2233
2323 5282 595
2324 4062 4448
2325 2539 4424
2326 54 2956
2327 1543 5286
2328 4418 949
2329 4853 4822
2330 85 1917
2331 4564 -35
2332 4614 514
2333 4225 2438
2334 3734 4701
2335 4641 928
2336 4185 284
2337 -81 108
2338 5687 5456
2339 2965 539
2340 1253 3250
2341 3918 4728
2342 1119 5361
2343 1573 282
2344 1372 2023
2345 5765 4983
2346 2207 5248
2347 40 687
2348 934 325
2349 2570 393
2350 1771 1866
2351 1264 2975
2352 2722 1151
2353 2985 1315
2354 3359 5722
2355 3492 5722
2356 2539 4417
2357 4461 -35
2358 780 713
2359 5856 757
2360 3987 2163
2361 1535 4105
2362 3709 3934
2363 256 5464
2364 5342 -105
2365 1797 2349
2366 4264 116
2367 4010 2862
2368 4420 4716
2369 2925 5512
2370 1419 2552
2371 3299 5722
2372 3707 5122
2373 4175 4495
2374 419 3003
2375 1518 2812
2376 5243 1812
2377 3573 160
2378 4643 4042
2379 556 121
2380 1771 1859
2381 459 1917
2382 3688 4083
2383 4797 3319
2384 5387 687
2385 2976 3240
2386 3811 1260
2387 4487 4495
2388 2272 5167
2389 2923 1637
2390 2925 5616
2391 5651 4044
2392 1652 5286
2393 1894 2392
2394 4881 5563
2395 2168 4469
2396 3036 1843
2397 4638 550
2398 3707 5147
2399 4457 1359
2400 4040 4927
2401 4010 2744
2402 3360 3626
2403 1539 4115
2404 1085 2947
2405 2956 1437
2406 2709 2867
2407 1371 695
2408 3831 1381
2409 4659 1235
2410 580 4243
2411 4584 758
2412 5651 3940
2413 4614 418
2414 615 3178
2415 3734 4710
2416 260 3221
2417 1883 4613
2418 1877 1240
2419 3709 3920
2420 1342 2267
2421 5350 2660
2422 4856 4617
2423 2869 4386
2424 3715 2996
2425 603 4621
2426 5651 3577
2427 780 912
2428 1432 5484
2429 1371 962
2430 4834 1518
2431 1079 1293
2432 3127 4519
2433 5507 4539
2434 3585 3970
2435 4113 2386
2436 2539 4330
2437 2090 1192
2438 5651 3836
2439 3854 2896
2440 4960 206
2441 4264 128
2442 4040 5045
2443 439 5000
2444 3516 1212
2445 705 4527
2446 4385 4495
2447 2084 1488
2448 2685 3169
2449 2842 574
2450 2718 1151
2451 5507 4552
2452 1944 506
2453 5039 422
2454 4826 465
2455 1868 2122
2456 4819 3607
2457 2988 4668
2458 4234 4259
2459 5143 2585
2460 2949 1637
2461 1639 282
2462 57 3519
2463 4935 5476
2464 1794 2051
2465 1709 1150
2466 4246 5045
2467 3036 2136
2468 4420 -35
2469 2740 2710
2470 5985 2381
2471 259 3914
2472 3585 3995
2473 600 4997
2474 5651 3845
2475 5510 1812
2476 270 2208
2477 846 4565
2478 1291 3225
2479 419 3077
2480 4726 4116
2481 5745 2344
2482 3426 3199
2483 4614 412
2484 2578 1039
2485 3407 992
2486 5851 326
2487 5096 1812
2488 1220 2039
2489 4904 -35
2490 4861 1880
2491 -113 2281
2492 4492 -35
2493 1004 2201
2494 1066 2476
2495 4040 4948
2496 1371 1866
2497 719 5766
2498 5467 2788
2499 577 5000
2500 1868 2047
2501 3707 5535
2502 1832 612
2503 160 3521
2504 3403 3239
2505 4614 585
2506 4772 5482
2507 4010 3051
2508 705 4537
2509 5450 2961
2510 596 3256
2511 4928 1819
2512 3210 2032
2513 3208 1070
2514 380 3221
2515 5860 1751
2516 -224 2346
2517 440 1718
2518 4215 1272
2519 4797 5563
2520 4861 1873
2521 3191 2896
2522 1622 307
2523 3323 3239
2524 2926 4603
2525 3516 2733
2526 5499 2344
2527 4010 2716
2528 3304 1849
2529 493 961
2530 3547 5722
2531 1175 1406
2532 3128 1437
2533 4708 -35
2534 2176 5167
2535 5064 2457
2536 4830 323
2537 3988 1375
2538 4618 1235
2539 2084 1659
2540 4215 1344
2541 4726 4198
2542 4198 4495
2543 4772 5344
2544 3487 4609
2545 4439 5011
2546 1709 1240
2547 2842 954
2548 2087 2651
2549 3090 539
2550 3147 1437
2551 3439 2567
2552 1151 5474
2553 1889 1161
2554 4853 5031
2555 4276 1425
2556 3387 4553
2557 1175 3282
2558 2267 3994
2559 2338 3686
2560 6024 2381
2561 3019 1637
2562 260 3154
2563 1608 1343
2564 1398 974
2565 3947 2871
2566 1649 1240
2567 1223 1406
2568 4960 234
2569 1794 2318
2570 2141 5756
2571 102 1917
2572 2905 1637
2573 2988 4538
2574 5794 916
2575 3304 1758
2576 4059 3210
2577 4726 4391
2578 5609 3249
2579 3636 3144
2580 3260 4044
2581 815 2607
2582 2740 2811
2583 480 5057
2584 3439 2572
2585 5851 23
2586 5856 533
2587 495 121
2588 3875 1120
2589 3286 4784
2590 4124 4803
2591 5775 1537
2592 5274 2344
2593 5450 3162
2594 2744 1151
2595 3811 1381
2596 1592 767
2597 2463 3686
2598 232 3021
2599 3238 2600
2600 4937 3714
2601 4018 1381
2602 2141 5599
2603 140 1917
2604 5039 48
2605 2882 1437
2606 5029 1541
2607 3487 4740
2608 4010 2790
2609 4426 4665
2610 3918 4795
2611 2141 5804
2612 4853 4811
2613 4197 5045
2614 2677 5158
2615 5274 2355
2616 419 3161
2617 4853 4847
2618 3979 3051
2619 2928 3240
2620 205 5297
2621 4215 1327
2622 3542 3144
2623 5457 -105
2624 4751 1518
2625 5051 2313
2626 5092 3425
2627 3106 4784
2628 5115 1812
2629 3132 4784
2630 1351 1554
2631 743 754
2632 160 3665
2633 2350 5167
2634 4928 1541
2635 5540 4409
2636 2976 2659
2637 4310 128
2638 3017 539
2639 1095 2476
2640 1196 1932
2641 2547 3950
2642 3159 1379
2643 1264 3029
2644 5222 3544
2645 5794 1071
2646 1889 1150
2647 2919 1379
2648 5196 1537
2649 5608 4578
2650 4596 4259
2651 1247 3337
2652 2482 431
2653 1139 2362
2654 -224 2381
2655 3093 2600
2656 5487 3425
2657 2943 5403
2658 3373 1212
2659 3918 4634
2660 3271 426
2661 1175 3201
2662 2639 5253
2663 1633 372
2664 1063 1897
2665 378 121
2666 2833 4166
2667 2970 539
2668 3854 3262
2669 232 3849
2670 4040 4990
2671 3000 1379
2672 4796 5563
2673 594 3231
2674 4775 -35
2675 -81 -81
2676 4596 4411
2677 2408 431
2678 2639 5228
2679 4470 4259
2680 2284 4047
2681 -22 319
2682 2869 4090
2683 2083 2883
2684 2871 880
2685 3784 2996
2686 1234 3034
2687 3283 4610
2688 3723 2996
2689 4059 3222
2690 2920 1315
2691 1894 2322
2692 222 1722
2693 2084 431
2694 480 5101
2695 259 3957
2696 1414 2552
2697 1351 1866
2698 1592 865
2699 4960 30
2700 270 2281
2701 5884 1702
2702 1079 1394
2703 6057 2381
2704 222 2956
2705 712 4621
2706 459 1832
2707 3372 3239
2708 5851 170
2709 797 5560
2710 4661 465
2711 3578 2733
2712 2830 1437
2713 521 4621
2714 232 3630
2715 3622 4647
2716 5450 2660
2717 4985 1541
2718 1753 1240
2719 3487 4909
2720 3724 240
2721 5508 3544
2722 2925 5353
2723 4426 4701
2724 2141 5808
2725 5762 5456
2726 5143 2506
2727 2871 1099
2728 1096 5375
2729 1649 1270
2730 493 4147
2731 1794 2235
2732 4746 259
2733 4418 2449
2734 5742 -105
2735 543 5375
2736 3707 5722
2737 4192 5045
2738 1612 3129
2739 5349 589
2740 1996 1240
2741 2943 5371
2742 2386 3686
2743 2118 4471
2744 2539 4219
2745 713 4997
2746 5051 2434
2747 1592 1077
2748 617 2490
2749 4062 4335
2750 59 687
2751 1894 2122
2752 256 5165
2753 5525 -105
2754 2830 1158
2755 3295 2648
2756 5485 2344
2757 4219 226
2758 4584 848
2759 4584 667
2760 4853 5144
2761 256 5633
2762 3332 3239
2763 4772 5289
2764 2084 1715
2765 248 3879
2766 2925 5742
2767 2977 4784
2768 4890 -35
2769 3662 1120
2770 2919 5297
2771 -96 2281
2772 4807 323
2773 419 2956
2774 3487 4883
2775 4995 3425
2776 2891 1379
2777 580 4368
2778 2889 1637
2779 5130 5317
2780 3824 3920
2781 953 1534
2782 3707 5461
2783 3466 2896
2784 85 1916
2785 2830 1479
2786 3988 1310
2787 3499 2486
2788 507 2195
2789 2575 4413
2790 1983 1240
2791 861 4997
2792 780 789
2793 3389 1212
2794 5406 1537
2795 2084 1801
2796 2483 1340
2797 4749 1518
2798 1794 1911
2799 256 5617
2800 439 4879
2801 3882 2871
2802 59 701
2803 1368 307
2804 3959 3262
2805 2439 5932
2806 5662 2804
2807 232 3062
2808 4952 1541
2809 99 1832
2810 4726 4105
2811 3707 5009
2812 4596 4454
2813 4032 3262
2814 1893 612
2815 3360 160
2816 2926 4767
2817 4185 356
2818 2808 5297
2819 3371 1212
2820 1151 5467
2821 648 2195
2822 2137 4366
2823 3387 4510
2824 4592 4495
2825 1894 2284
2826 1079 1342
2827 5851 -31
2828 3624 2849
2829 3622 4909
2830 3411 2996
2831 3397 1960
2832 2452 5932
2833 232 3810
2834 2740 2659
2835 1371 814
2836 3704 1212
2837 3156 1918
2838 2802 5297
2839 5609 3389
2840 2486 3079
2841 5369 3425
2842 1003 2452
2843 4607 1208
2844 4930 465
2845 2842 975
2846 2141 5297
2847 54 3810
2848 1926 4646
2849 3487 4878
2850 1292 5484
2851 2279 3079
2852 1427 974
2853 2118 4578
2854 -81 292
2855 4928 1847
2856 5512 -105
2857 2539 4229
2858 3955 356
2859 2168 4366
2860 984 1006
2861 617 2429
2862 861 5008
2863 3191 2046
2864 2705 2867
2865 4772 5511
2866 5438 2485
2867 1151 5449
2868 2943 5252
2869 5039 323
2870 3412 1048
2871 4023 2141
2872 4186 2454
2873 3622 4733
2874 3271 516
2875 5581 1170
2876 846 4512
2877 227 1628
2878 4716 4875
2879 802 2195
2880 1371 655
2881 5884 1751
2882 1154 1406
2883 1919 4602
2884 5339 589
2885 3210 1999
2886 2374 2998
2887 1264 2836
2888 248 3914
2889 2925 5601
2890 4726 4568
2891 4418 1033
2892 1070 1811
2893 3036 2218
2894 1351 1414
2895 54 3579
2896 975 5375
2897 2565 910
2898 2976 2634
2899 2118 4429
2900 712 5766
2901 3994 2380
2902 2830 1277
2903 3174 4784
2904 3439 2648
2905 4638 928
2906 1732 612
2907 1592 793
2908 1483 974
2909 4797 3527
2910 5765 5456
2911 5143 2577
2912 5674 2381
2913 5581 5456
2914 419 3221
2915 3483 2733
2916 1220 2032
2917 114 1405
2918 1351 1584
2919 5592 4578
2920 104 1917
2921 221 5165
2922 232 3686
2923 2871 1261
2924 3495 1960
2925 205 5546
2926 516 2281
2927 5424 2660
2928 3728 4510
2929 2925 5297
2930 1539 4105
2931 2118 4567
2932 2539 4315
2933 4584 786
2934 290 1718
2935 4113 2371
2936 5570 3544
2937 1003 2201
2938 4996 3425
2939 5525 1170
2940 846 4573
2941 3038 539
2942 5507 4409
2943 3824 3946
2944 5450 3249
2945 2471 431
2946 1414 2122
2947 1684 1886
2948 4787 5563
2949 3351 1379
2950 2282 3861
2951 205 5586
2952 5759 -105
2953 4252 1518
2954 2869 4166
2955 4052 1381
2956 3635 2849
2957 3837 2896
2958 1592 1150
2959 5606 2788
2960 1005 1570
2961 4716 4782
2962 2577 3132
2963 4239 4803
2964 2666 2867
2965 5378 1537
2966 3602 2535
2967 459 1920
2968 160 4005
2969 4215 1049
2970 3854 3147
2971 3602 2733
2972 5679 1783
2973 3988 1368
2974 3271 3769
2975 5098 1537
2976 2637 2867
2977 1791 1886
2978 1698 306
2979 4185 338
2980 1894 2428
2981 5651 4369
2982 4772 5563
2983 394 121
2984 4772 5232
2985 232 3113
2986 4660 1417
2987 5179 2475
2988 5113 1812
2989 2668 5808
2990 2869 4357
2991 5466 2381
2992 3602 2526
2993 1926 4613
2994 3899 1120
2995 205 5165
2996 1868 2030
2997 5450 2865
2998 4563 848
2999 594 3256
3000 4862 3412
3001 3841 2896
3002 4073 2454
3003 2959 3240
3004 2539 955
3005 3582 4083
3006 2629 3169
3007 5282 664
3008 641 5375
3009 5651 3976
3010 2939 4399
3011 2575 4469
3012 3578 1212
3013 2925 5573
3014 314 3426
3015 755 325
3016 1220 2064
3017 1234 2950
3018 2988 4784
3019 721 4621
3020 1633 352
3021 5914 2381
3022 2282 3990
3023 1378 2023
3024 3918 4785
3025 3483 2849
3026 1941 4602
3027 2125 4697
3028 1459 282
3029 740 4368
3030 1235 2543
3031 4861 1518
3032 3487 4540
3033 2307 1590
3034 5307 2485
3035 3505 4074
3036 4215 1361
3037 3326 1379
3038 4677 4665
3039 5794 940
3040 2943 5337
3041 2265 5167
3042 2547 3969
3043 4960 -35
3044 2141 5455
3045 1732 468
3046 5651 3659
3047 3208 1261
3048 2335 3079
3049 617 2516
3050 205 5635
3051 1612 3182
3052 2693 2867
3053 5286 -105
3054 4820 5190
3055 1592 845
3056 3208 1148
3057 765 686
3058 227 1491
3059 5426 1217
3060 4584 697
3061 5609 2381
3062 1182 1932
3063 1046 2476
3064 4614 481
3065 4977 3425
3066 2207 5932
3067 2943 5083
3068 2926 4847
3069 4346 1425
3070 3942 4059
3071 745 325
3072 709 2947
3073 130 1405
3074 5756 4587
3075 4861 1908
3076 846 4454
3077 4614 259
3078 568 419
3079 2565 431
3080 4759 1518
3081 1011 2476
3082 5523 4578
3083 204 3312
3084 1866 4602
3085 5337 2344
3086 3435 1849
3087 5143 2494
3088 3093 2202
3089 2084 1545
3090 5274 2363
3091 5709 1763
3092 259 3991
3093 3304 1515
3094 797 5428
3095 697 2195
3096 4418 852
3097 3243 539
3098 3436 4784
3099 1612 3037
3100 2084 1506
3101 1291 3250
3102 2141 5584
3103 1376 5281
3104 2781 5297
3105 4231 5045
3106 4811 465
3107 745 334
3108 1633 282
3109 3767 3144
3110 2165 1192
3111 5756 4578
3112 783 5766
3113 4960 -21
3114 2257 1590
3115 3038 4528
3116 5119 -105
3117 4716 4745
3118 480 5079
3119 1847 4613
3120 256 5518
3121 4978 1541
3122 5316 2660
3123 2940 2659
3124 2203 5808
3125 1186 5484
3126 5368 -105
3127 5316 3425
3128 3565 2849
3129 1794 2214
3130 5750 4578
3131 4086 4495
3132 3191 2964
3133 3988 1213
3134 610 4397
3135 2988 4613
3136 87 -101
3137 3533 2849
3138 780 961
3139 2099 3059
3140 3882 2896
3141 705 4429
3142 1846 4602
3143 5130 5446
3144 259 3956
3145 2926 5083
3146 3994 2436
3147 4728 1217
3148 459 2195
3149 4333 5045
3150 1844 1847
3151 5542 1170
3152 3602 2691
3153 -22 295
3154 3728 1212
3155 95 2956
3156 3585 3955
3157 4932 3641
3158 5815 757
3159 2819 4090
3160 780 873
3161 1139 2315
3162 5143 2649
3163 5765 4745
3164 4644 4921
3165 1868 1969
3166 -205 2956
3167 2084 1337
3168 4660 1395
3169 838 2195
3170 4010 2500
3171 568 295
3172 716 2195
3173 4310 5
3174 256 5643
3175 4238 4803
3176 568 662
3177 102 2956
3178 4197 226
3179 4538 4495
3180 4861 1959
3181 256 5493
3182 435 4851
3183 416 3221
3184 3293 1960
3185 5635 -105
3186 2565 935
3187 2748 393
3188 3396 2896
3189 3152 5722
3190 5051 2437
3191 617 2579
3192 3063 4519
3193 4960 3714
3194 3724 232
3195 5358 2475
3196 2720 3169
3197 4862 3354
3198 5278 2344
3199 5491 3544
3200 5450 3169
3201 4398 4014
3202 1372 5484
3203 1320 2543
3204 2885 1315
