2983
0 3450 4623
1 1435 2683
2 5121 3888
3 4215 3671
4 611 2810
5 5833 2393
6 6103 5234
7 4250 3410
8 1942 4963
9 3879 -12
10 2845 6183
11 838 235
12 3469 2490
13 4280 4996
14 4945 4245
15 1542 4706
16 3596 3601
17 3004 5920
18 4587 4717
19 5637 3710
20 112 4547
21 3296 3213
22 1899 3552
23 3108 3479
24 2423 411
25 1265 2363
26 5168 6224
27 5434 3195
28 6484 1315
29 713 4136
30 5615 181
31 4339 4996
32 1815 2825
33 4508 4980
34 4424 3101
35 2543 41
36 3637 582
37 6445 4565
38 5997 3733
39 1959 2825
40 6206 2651
41 2962 3862
42 4714 5022
43 2794 2009
44 5557 771
45 2930 1695
46 541 5093
47 4215 3216
48 927 206
49 4275 5115
50 5348 5264
51 2454 41
52 5765 181
53 6273 711
54 743 572
55 1211 3167
56 6061 3733
57 54 660
58 1123 1913
59 696 6237
60 2142 4009
61 1465 3654
62 2930 1799
63 1878 5298
64 1774 4192
65 333 2056
66 2617 5924
67 4739 4717
68 4308 1173
69 84 4991
70 887 6237
71 2031 5279
72 1246 2858
73 2543 531
74 4349 3204
75 2053 2884
76 1583 5485
77 5217 5306
78 1283 97
79 4693 893
80 4543 890
81 1105 1748
82 1239 3480
83 5340 2456
84 5609 4130
85 4018 4440
86 4726 6194
87 1542 5197
88 4690 4242
89 2950 3862
90 395 5967
91 2458 496
92 4726 5756
93 1583 5680
94 512 5087
95 5479 4924
96 5661 3195
97 1901 2998
98 4018 4766
99 740 3145
100 653 5197
101 4221 2376
102 2904 2065
103 5790 4841
104 1886 4649
105 222 4938
106 5112 -41
107 783 882
108 922 3303
109 757 882
110 6229 3092
111 4639 6313
112 759 1385
113 2031 5611
114 4817 5400
115 926 3667
116 1899 3532
117 611 2702
118 4308 1179
119 1542 5188
120 5811 5023
121 -47 1299
122 395 5387
123 292 282
124 4299 -12
125 1159 3167
126 561 282
127 6105 3733
128 5598 793
129 2819 2065
130 5052 3225
131 2880 6145
132 3446 -12
133 6194 1315
134 4654 4996
135 3192 3546
136 40 4991
137 5581 3644
138 5112 258
139 5671 3286
140 4092 4210
141 4871 751
142 5118 4245
143 5112 188
144 3403 4937
145 351 282
146 2327 1940
147 3666 582
148 2345 4702
149 4116 3987
150 3706 1361
151 2424 2250
152 599 4999
153 776 2458
154 4161 3039
155 1584 3654
156 4305 3688
157 3638 1268
158 4523 4996
159 2188 97
160 2533 31
161 4125 4275
162 1050 6237
163 5112 -27
164 5720 1797
165 4040 3039
166 4054 1605
167 642 2614
168 4102 2042
169 4988 5651
170 2172 4741
171 3599 470
172 2845 3527
173 4215 3729
174 1200 1828
175 2142 3860
176 5293 3792
177 1796 80
178 4236 4275
179 2112 5670
180 1823 2998
181 4094 2495
182 1899 3668
183 4957 5560
184 4797 4878
185 2255 3027
186 6106 5593
187 3530 3007
188 327 282
189 2045 3027
190 1023 2725
191 1200 1789
192 4503 5283
193 5105 3139
194 975 2725
195 1952 3528
196 3034 4755
197 2035 4213
198 5052 3358
199 4976 2980
200 1509 2285
201 4497 5460
202 4961 4388
203 1143 322
204 1648 5303
205 353 1605
206 -47 1539
207 2708 2345
208 1747 4195
209 445 1358
210 5994 1315
211 3403 5139
212 1553 2661
213 4357 6313
214 642 3046
215 4280 4958
216 5382 -142
217 6229 3286
218 1409 2285
219 1921 80
220 1961 3528
221 1878 5701
222 2195 206
223 4279 2345
224 1369 35
225 4435 4980
226 4177 2129
227 4871 564
228 1477 5471
229 3469 2498
230 644 947
231 3879 6042
232 4384 3060
233 1767 97
234 4925 5652
235 1762 4766
236 2429 2250
237 1601 4817
238 3999 818
239 4768 4396
240 5307 6224
241 5503 6224
242 445 1494
243 4248 2302
244 4102 1480
245 3033 2065
246 3253 4923
247 2463 5924
248 776 2336
249 340 3145
250 5531 3307
251 4102 1814
252 5880 3286
253 154 3629
254 5112 64
255 4765 1072
256 295 3145
257 1695 3553
258 2387 41
259 2345 4802
260 4224 5063
261 3585 424
262 4581 890
263 567 5007
264 2423 58
265 1243 6270
266 5259 2520
267 5411 5264
268 4248 2315
269 780 572
270 2875 1948
271 4604 5107
272 5552 6224
273 3390 5920
274 112 4036
275 3908 4100
276 4284 2345
277 3132 470
278 221 4938
279 5740 2393
280 6141 801
281 5981 1186
282 4094 2512
283 4356 4980
284 1542 4943
285 4215 3565
286 6000 5234
287 3223 3673
288 4299 80
289 1283 35
290 154 3636
291 3469 2403
292 3882 4496
293 5153 4388
294 2845 6008
295 5581 4276
296 922 3277
297 5248 2102
298 5805 300
299 5604 2031
300 4308 1697
301 3574 2643
302 2458 446
303 2327 1856
304 551 5087
305 4018 4457
306 2400 5924
307 5006 4130
308 5851 5234
309 5105 3010
310 5112 78
311 5024 3204
312 3652 4546
313 2875 2166
314 2112 5499
315 5967 4333
316 2844 2065
317 3717 3007
318 4215 3336
319 2283 1763
320 5896 543
321 890 2725
322 1480 3528
323 759 1368
324 2282 -36
325 1136 6270
326 642 2433
327 2375 5924
328 774 1524
329 3223 3695
330 2910 1779
331 1878 5729
332 5720 1856
333 4578 964
334 5293 4118
335 117 282
336 5767 801
337 3034 3862
338 1494 2298
339 4011 585
340 424 5375
341 4054 1651
342 4146 1970
343 1772 80
344 5479 4593
345 6229 3020
346 6106 5286
347 1695 5180
348 2844 2207
349 1532 4324
350 146 1571
351 3005 2345
352 4632 1072
353 5883 2393
354 579 1291
355 5805 192
356 3459 3160
357 5108 3386
358 792 4211
359 714 1323
360 2355 3027
361 765 882
362 333 2201
363 4008 -12
364 2131 4406
365 5630 2393
366 922 3366
367 4007 5431
368 3808 758
369 1799 4192
370 2195 282
371 2844 2345
372 2058 3027
373 4206 5063
374 5112 133
375 5736 4841
376 283 4656
377 5581 4400
378 1714 80
379 4215 3215
380 5756 5742
381 2180 2825
382 5811 4499
383 1607 97
384 4542 5460
385 1583 6142
386 3081 2403
387 2875 2092
388 3778 1268
389 2930 1476
390 5981 1079
391 1437 2285
392 4957 5400
393 2641 4881
394 5303 -142
395 6229 3181
396 932 6237
397 4102 1587
398 4680 5283
399 2172 4702
400 4957 5651
401 1553 2503
402 3999 772
403 2956 38
404 3400 -12
405 1405 2285
406 5297 716
407 662 865
408 518 1358
409 5259 2378
410 3223 3589
411 3908 4199
412 4371 316
413 646 5085
414 4248 2044
415 5811 4504
416 4726 6084
417 1377 3667
418 4248 1718
419 3398 4623
420 6024 5742
421 4622 4996
422 2923 2345
423 907 3145
424 1878 5294
425 2292 220
426 2038 3528
427 2142 3908
428 2134 97
429 1307 2298
430 5788 4708
431 611 2668
432 6071 543
433 2247 5036
434 6282 4333
435 4785 5652
436 4104 3039
437 5083 6224
438 1556 3879
439 5981 1176
440 3879 5771
441 642 2990
442 4583 232
443 2042 966
444 2409 58
445 1426 35
446 5112 -68
447 6079 2601
448 5581 4345
449 4105 1480
450 776 2624
451 492 282
452 2220 6
453 3137 4623
454 5414 771
455 5479 4484
456 5350 2393
457 6229 3199
458 1988 4213
459 2112 5353
460 -47 1128
461 3707 4545
462 2818 3785
463 1199 3167
464 2135 4468
465 4900 793
466 1246 3166
467 3530 2966
468 837 322
469 2423 220
470 5248 2318
471 2142 3689
472 1634 4043
473 2345 4406
474 242 4551
475 5638 5923
476 5479 4541
477 2142 4007
478 1265 2513
479 1583 6010
480 5805 512
481 5141 5652
482 3636 3039
483 5811 4890
484 5809 888
485 3558 4546
486 817 504
487 776 2725
488 611 2433
489 4361 316
490 4957 5579
491 6445 5158
492 1597 3928
493 2480 1945
494 4248 1856
495 5112 -54
496 3469 2475
497 5978 5742
498 4815 3060
499 544 206
500 2818 3989
501 744 1227
502 3748 5595
503 6079 2394
504 4785 6001
505 857 3145
506 4094 2432
507 6068 1315
508 3137 4923
509 4336 316
510 567 2292
511 1878 5608
512 724 4070
513 2042 979
514 4215 3538
515 2087 4468
516 5052 3204
517 869 2725
518 5720 1841
519 4726 5971
520 2345 2250
521 492 5087
522 6060 543
523 5509 181
524 4565 5291
525 1878 5377
526 3403 5420
527 4001 863
528 5811 4968
529 3207 3695
530 5805 365
531 4161 5453
532 922 3593
533 818 3988
534 1878 4213
535 437 282
536 3576 3601
537 2845 6154
538 5661 3307
539 2156 4024
540 6150 3710
541 2045 3000
542 642 2597
543 2844 1945
544 645 6237
545 4248 2345
546 1307 2453
547 351 3145
548 349 3145
549 5293 4388
550 1794 4213
551 6106 5278
552 4565 5413
553 5293 3805
554 2337 2250
555 3065 2403
556 2370 5924
557 3530 2954
558 5213 4388
559 4871 354
560 4543 253
561 3631 4546
562 5479 4513
563 1891 4192
564 3596 3194
565 4974 793
566 4714 5107
567 2930 1380
568 5052 3337
569 6524 1332
570 1542 5293
571 4270 2345
572 2171 41
573 3050 470
574 4275 5192
575 1908 1338
576 1899 3678
577 3325 3550
578 1542 5180
579 4957 5566
580 -47 1291
581 2056 2250
582 3391 5420
583 744 1289
584 5739 801
585 1836 80
586 1531 5471
587 748 3988
588 4094 2242
589 644 974
590 3179 3862
591 518 1524
592 2956 31
593 1505 3528
594 2064 2840
595 4514 4996
596 1956 4192
597 1092 1660
598 5689 3710
599 5811 5139
600 333 1815
601 4215 3295
602 5969 5278
603 6079 2511
604 4011 796
605 3469 2790
606 3560 424
607 5721 3286
608 4317 2513
609 2725 2345
610 922 3150
611 2172 4452
612 4280 5063
613 2320 4809
614 743 600
615 3706 1736
616 283 4776
617 1092 1748
618 4609 5283
619 4275 5161
620 2930 1827
621 3778 1446
622 3108 3410
623 5811 4334
624 3908 4119
625 3391 5581
626 5485 5278
627 5914 4333
628 5981 965
629 521 282
630 4250 3352
631 395 5799
632 6229 3285
633 3403 5347
634 922 3145
635 1531 5485
636 4773 890
637 1265 2583
638 5848 3286
639 1123 1922
640 806 1490
641 4543 232
642 1941 4192
643 2278 -36
644 4018 4952
645 5796 4708
646 2112 5329
647 5150 668
648 3202 3213
649 3623 3039
650 644 835
651 4926 6224
652 5805 330
653 4624 4396
654 4777 890
655 473 6237
656 5293 3777
657 3403 5131
658 295 3323
659 3289 2009
660 -47 1217
661 683 6237
662 6140 3733
663 3391 5910
664 4424 3740
665 333 2292
666 1695 3678
667 5022 793
668 2782 4664
669 -47 1423
670 558 235
671 4269 5453
672 4621 4717
673 2195 400
674 1283 74
675 5737 4841
676 642 2560
677 630 6237
678 3055 2345
679 4169 1970
680 5293 3753
681 4785 6224
682 3007 5920
683 54 318
684 662 835
685 5243 5306
686 3653 3039
687 4427 4996
688 5121 4056
689 124 4991
690 1747 4208
691 4248 2246
692 3194 2065
693 3391 5440
694 2960 2065
695 1195 324
696 5581 4130
697 4367 4184
698 4205 5453
699 3136 3213
700 1800 4213
701 1595 3879
702 4565 5353
703 3469 2600
704 4094 2302
705 653 5363
706 4479 4739
707 2794 2038
708 567 4999
709 5572 3307
710 1905 3654
711 5340 2378
712 3879 5912
713 295 3352
714 6268 3733
715 4215 3235
716 1542 3577
717 395 5591
718 1246 2725
719 4280 4980
720 5811 4543
721 3562 424
722 2247 4963
723 2407 58
724 3520 4623
725 1860 4943
726 714 1318
727 1529 2298
728 5397 2084
729 283 4938
730 738 835
731 2147 3027
732 2003 2998
733 2112 4125
734 5665 801
735 5581 3979
736 1429 2683
737 2709 4406
738 6249 3733
739 744 992
740 40 4938
741 6106 5340
742 5293 3739
743 4785 6210
744 3646 2065
745 4424 3688
746 4830 4831
747 4239 5063
748 5805 181
749 5259 2342
750 3208 3546
751 5112 668
752 867 1716
753 2053 2931
754 2910 2065
755 2875 2065
756 2313 5924
757 4479 3060
758 4628 4242
759 4578 965
760 561 296
761 5105 3175
762 1878 5274
763 4775 5400
764 5306 3644
765 3463 2009
766 3825 3007
767 1686 3654
768 5052 3386
769 3530 2749
770 6028 1315
771 3501 470
772 4221 2129
773 5985 3733
774 3777 5431
775 3908 4210
776 1738 80
777 6229 3004
778 4299 316
779 5638 6069
780 2355 2981
781 657 1090
782 3403 5175
783 5996 543
784 642 2457
785 1886 4702
786 642 3010
787 3945 3039
788 4332 316
789 4792 5652
790 5638 5956
791 5099 2980
792 5814 888
793 5397 2102
794 4957 5406
795 5183 4388
796 1292 2285
797 5630 777
798 1601 4943
799 817 322
800 6065 3733
801 5105 3096
802 2723 2345
803 5581 4029
804 3619 4546
805 3055 2381
806 1532 3856
807 54 282
808 4054 2042
809 4660 3101
810 4003 424
811 4018 4806
812 581 960
813 3571 3213
814 674 600
815 922 3667
816 3982 758
817 5696 181
818 2283 2046
819 2498 41
820 1549 3879
821 1811 97
822 2345 4435
823 2118 3027
824 1239 3667
825 674 6237
826 3396 147
827 642 2815
828 395 6111
829 4156 5431
830 5754 1763
831 3748 5431
832 1307 2347
833 1532 4347
834 922 3409
835 5947 543
836 4830 4878
837 6524 1648
838 4308 1250
839 2518 4881
840 295 3213
841 5534 771
842 4215 3124
843 561 600
844 1878 5180
845 818 4180
846 3879 6313
847 941 322
848 1815 2922
849 4102 1579
850 4424 5460
851 1381 3667
852 5781 3710
853 5805 264
854 3669 2065
855 2517 4468
856 642 2547
857 4669 4242
858 2880 6003
859 5555 4708
860 5895 2393
861 979 2725
862 4048 -12
863 2423 198
864 581 835
865 5166 668
866 4248 1907
867 653 5304
868 4308 1443
869 5479 5165
870 4250 3523
871 3351 2403
872 2123 2103
873 495 282
874 112 3975
875 180 1571
876 2910 1550
877 1787 4789
878 3396 16
879 5461 5278
880 4533 6313
881 1542 4409
882 289 5000
883 1246 3167
884 1631 52
885 2910 1945
886 4871 232
887 3359 5920
888 3403 5331
889 2782 4705
890 2461 2250
891 5638 5855
892 2880 6183
893 561 333
894 2567 4406
895 6229 3079
896 3736 758
897 5318 5264
898 3460 3550
899 5141 5651
900 5638 5742
901 6106 5449
902 1583 6269
903 2283 2068
904 5981 1315
905 541 5091
906 93 1571
907 2059 979
908 4726 5728
909 1908 1366
910 5082 5652
911 3520 -12
912 4153 4275
913 3041 2065
914 884 235
915 457 3145
916 1597 3927
917 2852 470
918 2851 531
919 1154 322
920 654 1524
921 2590 5924
922 4041 2643
923 4054 1599
924 2815 41
925 2930 1400
926 2732 531
927 5581 4475
928 295 3411
929 1444 4409
930 5424 2393
931 2875 2345
932 4968 793
933 1709 97
934 54 505
935 395 5765
936 4215 3644
937 6381 1763
938 1464 2683
939 112 4285
940 5638 6019
941 4099 6313
942 2498 4406
943 6312 5234
944 1736 80
945 6241 801
946 580 235
947 748 4008
948 5293 4033
949 4011 522
950 922 3226
951 2478 5924
952 5479 5095
953 3596 3039
954 5478 2393
955 2156 4049
956 1905 3577
957 611 2618
958 6228 4333
959 5812 2393
960 2716 4702
961 3391 5682
962 2978 3410
963 4299 3528
964 2112 5230
965 1617 3577
966 4020 4210
967 4011 498
968 714 1302
969 818 3989
970 4102 1772
971 611 2446
972 4317 2501
973 395 5643
974 4800 6224
975 3924 6313
976 2319 5924
977 4440 3101
978 4221 2472
979 3063 470
980 2218 3027
981 2880 5927
982 4714 4888
983 2112 5040
984 6079 2520
985 2112 5221
986 2093 3027
987 1919 4468
988 3034 4717
989 2284 4809
990 4726 6016
991 1997 4213
992 2327 1945
993 5814 3710
994 3663 1324
995 6273 703
996 395 5958
997 2940 2065
998 1123 1793
999 2220 83
1000 2387 -7
1001 2845 6146
1002 5531 3262
1003 4308 1553
1004 5581 4245
1005 818 4202
1006 5121 3637
1007 2142 3541
1008 646 6237
1009 542 1524
1010 335 1571
1011 5592 6224
1012 890 3145
1013 2738 4881
1014 2714 31
1015 112 4058
1016 6308 1763
1017 3908 4035
1018 1549 6270
1019 1583 5715
1020 5112 371
1021 2042 890
1022 1405 6270
1023 5319 2508
1024 4317 5453
1025 5201 6224
1026 4726 5631
1027 4172 5453
1028 6202 1763
1029 3165 470
1030 544 235
1031 3120 4923
1032 2112 5769
1033 1532 4300
1034 4809 1036
1035 4215 3731
1036 3421 3550
1037 3544 4550
1038 4317 3060
1039 1136 6237
1040 1532 4131
1041 2325 1763
1042 561 535
1043 4269 4275
1044 3208 2065
1045 727 4070
1046 2112 5719
1047 6087 1763
1048 3001 5924
1049 744 1152
1050 3568 424
1051 1949 4213
1052 4580 5460
1053 4572 5291
1054 283 4696
1055 3462 3550
1056 1486 4347
1057 6022 1315
1058 2046 4702
1059 4026 5063
1060 3469 3135
1061 4957 5519
1062 353 1793
1063 5479 4841
1064 4676 3101
1065 4986 4245
1066 3413 4623
1067 4328 5283
1068 3512 3601
1069 1123 1844
1070 3637 424
1071 6265 4333
1072 5479 5043
1073 3596 3550
1074 1597 3981
1075 5581 3668
1076 4170 3869
1077 5731 4708
1078 1437 2683
1079 3695 -12
1080 2875 1945
1081 2844 2229
1082 2277 2068
1083 4479 4717
1084 5614 771
1085 5915 543
1086 4299 275
1087 1878 5524
1088 1460 2298
1089 662 1090
1090 5121 3386
1091 6445 4751
1092 1710 5479
1093 112 4311
1094 3530 2680
1095 1878 5714
1096 4871 304
1097 3403 5275
1098 611 2918
1099 283 4991
1100 3890 1480
1101 2031 4997
1102 417 6237
1103 1920 97
1104 2908 3410
1105 4299 3204
1106 4958 5652
1107 5121 4014
1108 2586 4702
1109 1583 6212
1110 4367 3748
1111 283 4579
1112 333 1793
1113 3154 5920
1114 642 2736
1115 2107 4468
1116 3203 470
1117 241 4551
1118 4761 984
1119 2072 890
1120 611 2846
1121 3857 3007
1122 5811 4537
1123 112 3712
1124 867 1673
1125 5234 668
1126 2818 3640
1127 3391 5918
1128 3018 470
1129 4430 3060
1130 1695 3654
1131 4691 6313
1132 5293 4130
1133 5618 6220
1134 3286 3213
1135 6414 5234
1136 2345 4809
1137 5934 888
1138 2910 1686
1139 2113 3027
1140 4772 3961
1141 4545 3101
1142 6445 5087
1143 4963 3204
1144 6442 1763
1145 2283 1772
1146 3573 2643
1147 5112 -142
1148 2743 2345
1149 5738 3733
1150 2112 5215
1151 3396 94
1152 2053 2825
1153 1597 3879
1154 3530 2666
1155 5638 5963
1156 3238 3558
1157 5105 3008
1158 3530 3213
1159 6445 4935
1160 445 1422
1161 4104 2129
1162 4367 4080
1163 4054 1662
1164 5811 4841
1165 5047 6224
1166 1542 4552
1167 1609 52
1168 5479 4655
1169 571 2292
1170 1836 4192
1171 1815 2998
1172 4714 5062
1173 2875 1964
1174 1908 1278
1175 812 4211
1176 1948 97
1177 3230 3550
1178 2221 83
1179 4215 3660
1180 644 5375
1181 1520 4409
1182 579 1284
1183 4761 938
1184 4367 3803
1185 5671 3195
1186 4250 3453
1187 5638 5954
1188 1624 4043
1189 6106 5742
1190 2283 2981
1191 3422 2403
1192 2190 5924
1193 611 3050
1194 4670 6313
1195 3179 3740
1196 2327 1763
1197 1017 1793
1198 1280 324
1199 5291 2520
1200 812 4202
1201 2064 2931
1202 1899 3577
1203 646 5169
1204 3146 3862
1205 6079 2435
1206 1837 2998
1207 2283 1899
1208 5647 2393
1209 2198 5036
1210 2477 5924
1211 3831 758
1212 1628 4054
1213 1320 6270
1214 1942 4957
1215 1265 2285
1216 2220 -36
1217 6524 1746
1218 5604 2084
1219 4018 4654
1220 748 4070
1221 4799 4069
1222 5713 4245
1223 5297 771
1224 1307 2468
1225 2956 41
1226 2844 2009
1227 851 235
1228 4785 5970
1229 1572 3654
1230 1916 4702
1231 1877 2998
1232 4280 4763
1233 5509 -142
1234 2249 4118
1235 4215 3209
1236 3706 2053
1237 1246 2890
1238 4275 5251
1239 1787 4894
1240 3004 2009
1241 2826 41
1242 112 3756
1243 4520 5283
1244 546 6237
1245 2461 2345
1246 5112 -80
1247 2103 4213
1248 3956 6313
1249 73 4991
1250 5749 4237
1251 2350 4125
1252 1477 5411
1253 1399 3667
1254 2520 4702
1255 2794 2027
1256 2191 2068
1257 518 2292
1258 1307 2346
1259 922 3422
1260 3049 2065
1261 759 1313
1262 2031 5252
1263 2880 6013
1264 1238 6270
1265 5121 3757
1266 4093 3007
1267 5688 5742
1268 5218 4130
1269 3469 2494
1270 611 2992
1271 6162 3710
1272 -47 1508
1273 5248 2172
1274 2508 4468
1275 3974 424
1276 2280 4118
1277 5340 2487
1278 4945 4130
1279 2142 3914
1280 1532 3879
1281 3296 2403
1282 2760 5924
1283 776 2404
1284 5811 4466
1285 2458 411
1286 4863 232
1287 4029 2643
1288 3439 2009
1289 4624 4291
1290 5927 2393
1291 6229 3212
1292 3391 5920
1293 2072 979
1294 3463 1967
1295 4250 3520
1296 2911 2065
1297 5661 3254
1298 2930 1808
1299 5581 4007
1300 644 885
1301 1200 1805
1302 4102 1970
1303 2880 5963
1304 112 4224
1305 2875 2244
1306 4299 3509
1307 4791 4717
1308 5327 5306
1309 1553 2596
1310 112 3793
1311 2103 4307
1312 6273 792
1313 2515 41
1314 2387 -36
1315 2852 531
1316 5052 3312
1317 1613 3577
1318 5158 793
1319 5282 2102
1320 2123 2095
1321 6393 1315
1322 4774 4069
1323 2057 97
1324 3868 5771
1325 4656 4996
1326 353 1580
1327 1710 5316
1328 4285 3007
1329 2112 5036
1330 4367 3740
1331 4387 3688
1332 155 4938
1333 4793 4878
1334 2292 83
1335 4726 6076
1336 5549 3307
1337 1280 97
1338 2112 5083
1339 1798 3678
1340 1583 6044
1341 4372 316
1342 680 6237
1343 154 3690
1344 2355 4468
1345 4250 3538
1346 5805 481
1347 3186 1878
1348 2818 3548
1349 4785 6151
1350 4317 2345
1351 3702 2065
1352 307 282
1353 4543 1072
1354 1127 3437
1355 5270 5264
1356 433 5087
1357 -47 1112
1358 -47 1571
1359 5811 5177
1360 5350 2520
1361 4275 5239
1362 4002 4440
1363 3706 1488
1364 2112 5853
1365 4278 4222
1366 6445 4386
1367 6445 4333
1368 395 5406
1369 2423 362
1370 744 1302
1371 3530 2643
1372 3706 1347
1373 5562 4841
1374 2112 5511
1375 4308 1354
1376 5577 3307
1377 5293 4306
1378 1200 1748
1379 2387 0
1380 748 4009
1381 3803 5431
1382 4693 890
1383 922 3227
1384 2794 2065
1385 2427 4468
1386 2809 31
1387 3776 -12
1388 642 2600
1389 4920 368
1390 1815 2953
1391 5661 3201
1392 4455 5107
1393 5105 3125
1394 5604 2009
1395 196 4991
1396 642 2779
1397 4215 3314
1398 4248 1970
1399 4367 3810
1400 4129 5431
1401 1899 3528
1402 5347 5280
1403 427 5087
1404 3887 -12
1405 5046 6224
1406 1444 4347
1407 4504 4996
1408 2283 1850
1409 4871 779
1410 2414 41
1411 611 2481
1412 5695 3710
1413 3915 2643
1414 3396 413
1415 5811 4607
1416 1865 97
1417 913 3145
1418 579 1133
1419 5310 771
1420 4874 6224
1421 3817 1480
1422 395 6237
1423 2045 2998
1424 2162 3027
1425 1597 4057
1426 3396 -12
1427 4011 659
1428 1625 5303
1429 1878 5315
1430 2606 31
1431 5811 5127
1432 5532 3644
1433 1246 2781
1434 3530 2802
1435 4599 4980
1436 5720 1763
1437 2118 4406
1438 1930 2998
1439 6445 4778
1440 2488 2345
1441 1877 4943
1442 1532 3761
1443 3706 1806
1444 601 5375
1445 701 3145
1446 5599 6224
1447 3706 1905
1448 5308 3296
1449 5006 4245
1450 2461 2328
1451 1910 97
1452 3463 1928
1453 5804 1763
1454 6106 5665
1455 4102 1542
1456 2757 4881
1457 1127 3480
1458 6237 3733
1459 54 336
1460 1615 5180
1461 4809 894
1462 5259 2318
1463 6524 1445
1464 2396 4702
1465 -47 1244
1466 5805 238
1467 2875 2297
1468 1127 3251
1469 6524 1698
1470 5981 1228
1471 6445 5128
1472 2247 4881
1473 5811 4557
1474 4068 3039
1475 4690 4052
1476 2737 4623
1477 4565 5331
1478 3459 2009
1479 863 6237
1480 3065 2065
1481 5967 2393
1482 3637 470
1483 5869 2393
1484 1542 4586
1485 744 1065
1486 825 322
1487 5618 6069
1488 642 2939
1489 2031 5626
1490 6273 543
1491 5653 5742
1492 6104 3710
1493 5350 2500
1494 817 531
1495 4102 1928
1496 3668 758
1497 1878 5531
1498 4830 4745
1499 541 5087
1500 637 5375
1501 5293 4261
1502 3469 3077
1503 642 3050
1504 713 4202
1505 3392 5420
1506 3228 2403
1507 4424 3728
1508 1123 1806
1509 2153 97
1510 3595 3550
1511 4207 3007
1512 4830 3101
1513 3411 3213
1514 2777 2345
1515 6151 1763
1516 3136 3160
1517 4317 3020
1518 2112 5195
1519 611 2835
1520 4846 232
1521 2049 3541
1522 5811 4708
1523 4018 5063
1524 2892 3410
1525 4785 6051
1526 779 1524
1527 2123 2145
1528 4011 622
1529 3530 2868
1530 980 3667
1531 653 5375
1532 3571 -12
1533 3382 5920
1534 3179 3846
1535 506 2292
1536 6011 3733
1537 1973 2998
1538 4170 3949
1539 3879 5988
1540 1897 1278
1541 1958 2998
1542 5148 793
1543 5112 212
1544 5981 1190
1545 6524 1458
1546 3792 5771
1547 5751 5278
1548 1059 1793
1549 3902 758
1550 2172 4468
1551 2573 41
1552 4092 4275
1553 5052 3256
1554 4170 3806
1555 4308 1507
1556 1583 5948
1557 1616 4054
1558 3530 2702
1559 5604 793
1560 646 5197
1561 3783 758
1562 3930 3987
1563 5655 888
1564 289 5087
1565 6259 543
1566 4011 446
1567 5659 5742
1568 4367 3796
1569 3512 3558
1570 5783 3286
1571 4157 1928
1572 5624 4708
1573 3385 2403
1574 1915 2998
1575 2782 4641
1576 6002 1315
1577 4250 3483
1578 743 577
1579 2818 4008
1580 2688 531
1581 5105 3179
1582 2195 411
1583 2113 5924
1584 3396 185
1585 4410 4996
1586 395 6069
1587 6445 5086
1588 112 4525
1589 2845 3496
1590 6371 4333
1591 2430 4468
1592 2103 4406
1593 3160 4623
1594 2583 2345
1595 3666 657
1596 1787 4874
1597 1553 2298
1598 3469 3113
1599 5910 801
1600 6273 801
1601 646 4999
1602 2078 3541
1603 1645 3577
1604 67 4938
1605 295 3629
1606 4952 2980
1607 1506 5293
1608 2123 2068
1609 1239 3564
1610 1878 5249
1611 1162 322
1612 4670 4396
1613 4215 3806
1614 6445 5079
1615 5248 5306
1616 4317 3007
1617 5560 2084
1618 2302 -36
1619 3160 3160
1620 548 235
1621 4221 2247
1622 3396 70
1623 2621 4468
1624 3113 470
1625 1863 3678
1626 5787 5278
1627 333 1993
1628 3858 424
1629 5775 888
1630 681 1524
1631 4543 932
1632 4326 316
1633 644 914
1634 333 1882
1635 579 1202
1636 6168 1763
1637 4509 5283
1638 644 1090
1639 334 3145
1640 4646 4396
1641 4054 2017
1642 776 2693
1643 1542 5232
1644 2159 5036
1645 1047 3667
1646 3576 3550
1647 1000 1656
1648 3807 1480
1649 817 553
1650 2658 2345
1651 2365 4702
1652 3512 3579
1653 2841 531
1654 805 882
1655 3396 77
1656 6106 5514
1657 5829 801
1658 6137 3733
1659 4248 1888
1660 452 1524
1661 1569 35
1662 6051 3286
1663 2019 4192
1664 5638 5760
1665 2423 4468
1666 4726 6313
1667 3179 3732
1668 5726 3710
1669 5604 1927
1670 2845 3507
1671 5871 3710
1672 6445 4698
1673 395 5628
1674 4624 4310
1675 5267 4130
1676 2930 1734
1677 5638 6050
1678 1553 2285
1679 5196 668
1680 1542 4910
1681 4111 5431
1682 4317 2643
1683 52 725
1684 3469 2436
1685 488 5087
1686 2910 1651
1687 1436 3577
1688 1532 4230
1689 4957 5648
1690 1643 3654
1691 4543 1055
1692 6300 5234
1693 3173 2065
1694 1583 6240
1695 5347 5278
1696 3469 2779
1697 283 4551
1698 3882 4440
1699 5811 5049
1700 2338 4118
1701 4710 4717
1702 5865 888
1703 1974 97
1704 4952 4245
1705 3706 1324
1706 4424 3204
1707 4871 244
1708 4221 2258
1709 5548 4475
1710 395 5864
1711 2818 3604
1712 2461 2337
1713 5112 546
1714 4334 4739
1715 353 1696
1716 5248 2173
1717 5695 801
1718 5749 4245
1719 5630 6069
1720 4424 3170
1721 5121 3662
1722 4354 4980
1723 1390 2683
1724 4172 3806
1725 2495 4468
1726 5239 -142
1727 4372 5453
1728 3260 3550
1729 4011 863
1730 2172 4406
1731 2604 531
1732 5692 3733
1733 1607 80
1734 4889 3060
1735 3203 3546
1736 5638 5935
1737 2782 4623
1738 353 1721
1739 5479 5114
1740 1688 5180
1741 5139 6224
1742 5350 2396
1743 5701 888
1744 997 3667
1745 3583 3601
1746 3748 5690
1747 4424 3177
1748 62 4938
1749 1477 5396
1750 4726 5884
1751 3707 4546
1752 4215 3771
1753 1601 4766
1754 112 4551
1755 3722 424
1756 54 631
1757 5618 6127
1758 4660 3060
1759 771 2292
1760 2572 1945
1761 4102 1785
1762 2930 1779
1763 5488 2393
1764 3950 758
1765 581 1129
1766 5509 63
1767 2032 2825
1768 1858 52
1769 4957 5472
1770 4945 4226
1771 2845 5924
1772 3640 3039
1773 333 2059
1774 3486 3558
1775 353 1571
1776 333 1911
1777 5090 5651
1778 3055 2403
1779 4969 4245
1780 2875 2009
1781 1905 3595
1782 1908 1313
1783 2514 4881
1784 747 6237
1785 2032 4192
1786 -15 1571
1787 289 4999
1788 2031 5449
1789 2875 2268
1790 1280 98
1791 4275 5278
1792 2349 4118
1793 2652 5924
1794 3396 424
1795 4198 -12
1796 2930 1661
1797 2837 31
1798 4871 368
1799 1590 3879
1800 2971 5924
1801 3597 3039
1802 3042 4881
1803 3120 4881
1804 4785 6117
1805 3827 424
1806 2818 3984
1807 1532 4062
1808 5297 668
1809 1969 97
1810 6229 3071
1811 2123 2228
1812 2985 2065
1813 5347 5306
1814 5112 171
1815 5981 997
1816 2292 91
1817 5811 5013
1818 867 1656
1819 4210 5453
1820 2423 357
1821 2880 5978
1822 2045 3019
1823 283 4999
1824 5618 6205
1825 5719 4245
1826 4726 5927
1827 5208 4130
1828 4299 3673
1829 1651 97
1830 2930 1652
1831 1805 4213
1832 2470 531
1833 5112 574
1834 3879 6223
1835 3087 2009
1836 234 3629
1837 3544 4623
1838 2874 31
1839 4543 1015
1840 2863 3410
1841 2327 1837
1842 579 1358
1843 5933 5742
1844 4957 5545
1845 1542 5185
1846 1897 1366
1847 1200 1922
1848 3391 5435
1849 2049 3528
1850 1647 3528
1851 1554 5180
1852 5681 3286
1853 4830 4388
1854 1607 52
1855 1448 4409
1856 4714 5381
1857 1705 52
1858 2910 1795
1859 2494 4468
1860 2731 41
1861 6485 1315
1862 112 4500
1863 1280 158
1864 1307 2454
1865 2758 5924
1866 4171 5063
1867 4381 316
1868 567 5087
1869 6268 3710
1870 4169 1173
1871 4783 4878
1872 5749 4185
1873 4364 3060
1874 5196 3296
1875 2103 4150
1876 -47 1440
1877 1961 2998
1878 2424 411
1879 3385 3213
1880 4277 2345
1881 2292 146
1882 295 3563
1883 4543 291
1884 2803 2345
1885 2818 531
1886 3652 424
1887 3748 5701
1888 5340 2410
1889 3447 470
1890 5306 2102
1891 5479 4708
1892 1542 4483
1893 4785 5846
1894 3754 1268
1895 3300 2403
1896 2664 4881
1897 3748 5442
1898 6464 1315
1899 3841 3007
1900 5121 3938
1901 705 600
1902 5749 4130
1903 1593 3577
1904 4134 3039
1905 611 2494
1906 3999 758
1907 4337 4184
1908 5618 6182
1909 4027 1480
1910 2156 4009
1911 714 1385
1912 4774 4014
1913 3637 1268
1914 2845 3410
1915 2782 4821
1916 2064 2843
1917 5241 4130
1918 1924 4468
1919 2232 2068
1920 2875 2176
1921 4248 1928
1922 2877 6183
1923 3766 5431
1924 611 2720
1925 2204 2250
1926 2056 3541
1927 2103 4247
1928 6273 655
1929 2715 4881
1930 5215 668
1931 2387 31
1932 1607 35
1933 2442 2250
1934 3399 5420
1935 295 3482
1936 2528 5924
1937 3328 2403
1938 1527 3577
1939 2973 2065
1940 2845 3548
1941 1147 1748
1942 4215 3281
1943 6445 4611
1944 4248 2299
1945 579 1322
1946 5112 206
1947 5663 4130
1948 -47 1402
1949 3061 2065
1950 5984 1763
1951 5118 -142
1952 289 5053
1953 646 5011
1954 4367 3958
1955 4808 5400
1956 2112 5627
1957 1185 3480
1958 4751 3961
1959 295 3148
1960 2782 4660
1961 2950 3969
1962 2103 4125
1963 5811 4570
1964 4195 3806
1965 1237 6270
1966 3861 3039
1967 4170 3867
1968 2415 41
1969 3469 2611
1970 333 1973
1971 4102 2024
1972 2818 41
1973 2064 2825
1974 5981 938
1975 4215 3683
1976 1265 2422
1977 5394 -142
1978 4659 4717
1979 594 2292
1980 1899 3654
1981 4054 1845
1982 642 2480
1983 274 3629
1984 2103 4325
1985 4723 6313
1986 -47 1222
1987 1227 3167
1988 5105 3296
1989 1283 62
1990 5981 1238
1991 662 937
1992 776 2483
1993 6445 5234
1994 2016 4997
1995 2292 316
1996 5805 414
1997 2594 5924
1998 3176 3862
1999 5233 4245
2000 2910 1596
2001 3879 5916
2002 1312 6270
2003 2458 435
2004 1747 4213
2005 6079 2535
2006 2845 6045
2007 340 1571
2008 4550 3101
2009 1246 3100
2010 4310 6313
2011 5581 3902
2012 2345 4468
2013 2852 488
2014 4299 3688
2015 1436 3651
2016 776 2292
2017 4918 3022
2018 333 1959
2019 1542 4567
2020 5009 793
2021 4018 4498
2022 3223 3558
2023 4011 748
2024 1532 3846
2025 1187 2725
2026 3401 3213
2027 5280 5306
2028 698 2292
2029 5520 2084
2030 1574 4062
2031 1618 80
2032 54 521
2033 2220 -24
2034 5494 793
2035 623 1524
2036 4573 4980
2037 867 1793
2038 3561 424
2039 2923 470
2040 2283 1949
2041 6229 3166
2042 2128 4406
2043 6106 5733
2044 2013 2998
2045 2112 5924
2046 750 206
2047 333 2164
2048 3957 4210
2049 4325 3688
2050 3704 2643
2051 3666 758
2052 4248 2216
2053 2930 1858
2054 3706 1626
2055 2845 6142
2056 4528 4996
2057 4280 4751
2058 642 2903
2059 -47 725
2060 395 5569
2061 5912 888
2062 744 882
2063 2910 1380
2064 4299 3474
2065 4693 984
2066 3246 470
2067 2392 4702
2068 2103 4336
2069 4467 5107
2070 5716 181
2071 2345 4776
2072 5719 3286
2073 3706 1667
2074 806 835
2075 1454 2298
2076 2343 2250
2077 5805 543
2078 4931 4388
2079 3391 5791
2080 86 1571
2081 5409 771
2082 4331 3204
2083 5407 2084
2084 1541 2285
2085 5670 4245
2086 4259 1173
2087 579 1205
2088 6524 1550
2089 482 3145
2090 3034 4643
2091 2266 4809
2092 5248 2289
2093 5457 793
2094 4248 1889
2095 5581 3881
2096 5860 5278
2097 5241 5264
2098 2127 4468
2099 1249 324
2100 3965 758
2101 806 1524
2102 1011 322
2103 3999 795
2104 5479 5264
2105 3225 4923
2106 3391 5653
2107 1532 3859
2108 1559 6270
2109 806 1351
2110 6104 5234
2111 2327 1899
2112 4275 5253
2113 4367 4104
2114 5981 1154
2115 2644 531
2116 4178 3806
2117 4215 3128
2118 3644 3039
2119 3468 3213
2120 6229 2724
2121 2818 3574
2122 3706 1540
2123 3702 2059
2124 3637 1324
2125 1837 52
2126 814 6237
2127 4726 5460
2128 4317 2420
2129 3451 2009
2130 2172 4809
2131 642 2848
2132 395 5786
2133 2818 3682
2134 5564 2393
2135 132 3690
2136 3264 5920
2137 5259 4388
2138 2585 4881
2139 1897 1281
2140 3317 4923
2141 4809 911
2142 6036 1763
2143 4585 3101
2144 1542 4716
2145 5350 2394
2146 713 4070
2147 4886 3060
2148 1915 5729
2149 2844 2161
2150 3879 6203
2151 6057 1763
2152 4785 5954
2153 4624 4278
2154 3666 2643
2155 2112 5125
2156 4142 1173
2157 2112 5834
2158 5981 921
2159 3463 1878
2160 283 4610
2161 6445 4683
2162 6087 5742
2163 5174 4130
2164 3955 2643
2165 4367 3897
2166 4317 2558
2167 2301 3027
2168 3034 4668
2169 5450 793
2170 4535 5460
2171 561 598
2172 2123 2139
2173 5384 3644
2174 5472 5278
2175 598 5375
2176 4564 890
2177 5630 801
2178 2031 5229
2179 3887 4440
2180 1886 4492
2181 817 362
2182 4016 1480
2183 5340 2440
2184 4918 2980
2185 801 4211
2186 5225 4388
2187 4215 3770
2188 2168 3027
2189 6089 3733
2190 2423 406
2191 2880 5965
2192 5756 181
2193 3778 1303
2194 6307 5234
2195 6524 1665
2196 2597 4406
2197 -47 1008
2198 2458 531
2199 581 1128
2200 2345 4749
2201 3513 2065
2202 4654 4717
2203 6079 2393
2204 2499 5924
2205 3681 758
2206 1787 4943
2207 1583 6270
2208 3685 1324
2209 3403 5244
2210 5372 771
2211 3200 2065
2212 5502 3644
2213 3615 4546
2214 3223 3628
2215 2270 5924
2216 2925 41
2217 4308 1357
2218 1532 4210
2219 2950 4008
2220 6273 791
2221 1815 2845
2222 6079 2651
2223 5720 1838
2224 4572 5460
2225 3546 3550
2226 4920 363
2227 4302 3688
2228 5780 1763
2229 5811 4967
2230 2031 5600
2231 3530 2766
2232 5694 3710
2233 1553 2683
2234 4355 4996
2235 -47 1316
2236 3666 598
2237 5105 3273
2238 -47 994
2239 4534 6313
2240 3097 5920
2241 2187 97
2242 2889 3410
2243 4543 316
2244 1597 4062
2245 5604 2011
2246 1625 5479
2247 2171 31
2248 4624 4242
2249 3530 2761
2250 1152 322
2251 1908 1328
2252 4696 6313
2253 533 282
2254 4034 6313
2255 450 5087
2256 5821 543
2257 5132 6224
2258 4567 932
2259 1246 2977
2260 1280 224
2261 3822 2643
2262 2845 3423
2263 224 3629
2264 5672 5278
2265 5604 888
2266 3221 2065
2267 1239 3590
2268 5604 1986
2269 1878 5313
2270 1493 5293
2271 2709 4468
2272 3909 3039
2273 1946 5729
2274 3778 1480
2275 5677 2393
2276 3544 4603
2277 646 5375
2278 3108 3504
2279 6524 1448
2280 5293 4273
2281 4310 3204
2282 2718 31
2283 4215 3194
2284 2200 4118
2285 3469 2998
2286 4830 4396
2287 3294 4623
2288 2292 227
2289 1030 1656
2290 3232 3550
2291 4726 5793
2292 6445 5119
2293 3704 3039
2294 344 2292
2295 3392 1878
2296 3023 2009
2297 4083 5063
2298 6012 3733
2299 1246 2929
2300 4714 4878
2301 6513 1763
2302 3544 4546
2303 876 235
2304 4094 2643
2305 4142 1219
2306 3620 3007
2307 4690 4225
2308 5730 4841
2309 5375 -142
2310 4405 5283
2311 4676 1072
2312 3178 3160
2313 3001 5920
2314 4072 5063
2315 5509 27
2316 5105 3149
2317 5293 3881
2318 2845 5999
2319 4299 3663
2320 5561 4841
2321 4830 4717
2322 395 6027
2323 2142 3982
2324 4785 6177
2325 333 2087
2326 5121 3516
2327 5811 4333
2328 1092 1656
2329 1542 4475
2330 6068 5742
2331 4367 3835
2332 4278 4184
2333 4221 2643
2334 6004 543
2335 5586 2084
2336 3296 3558
2337 646 5017
2338 4367 3944
2339 5420 5264
2340 3403 5074
2341 1886 4530
2342 3706 1748
2343 4223 3538
2344 5720 1809
2345 3469 2617
2346 5528 4475
2347 3914 2643
2348 2292 350
2349 1948 3528
2350 3908 4013
2351 4726 5811
2352 3407 3558
2353 2283 1786
2354 5956 2393
2355 40 4946
2356 3796 2643
2357 6106 5681
2358 1263 324
2359 1942 4996
2360 2901 3410
2361 5624 4841
2362 6038 1315
2363 817 522
2364 5195 4130
2365 1027 1793
2366 6008 5742
2367 6079 2588
2368 4785 232
2369 4589 4717
2370 395 5375
2371 5479 4475
2372 4248 1785
2373 6023 3710
2374 142 282
2375 4572 5390
2376 5479 4669
2377 6048 3286
2378 4565 5460
2379 2930 1878
2380 3275 2065
2381 1878 5432
2382 3706 1614
2383 611 2624
2384 806 1313
2385 1894 97
2386 642 2740
2387 3391 4923
2388 4275 5283
2389 4299 3566
2390 1687 97
2391 1498 2503
2392 1625 4054
2393 2156 4118
2394 5293 4245
2395 -47 943
2396 1897 1338
2397 957 6237
2398 5618 6224
2399 5052 3258
2400 2351 2981
2401 5105 2980
2402 4918 3060
2403 4499 5107
2404 3908 3987
2405 1946 4192
2406 6106 5334
2407 5581 4359
2408 283 4580
2409 4598 232
2410 2818 3716
2411 1921 52
2412 3373 5920
2413 2485 1945
2414 4367 4151
2415 204 3629
2416 6445 4463
2417 1942 4943
2418 6445 4922
2419 5531 3303
2420 598 3145
2421 922 3239
2422 4563 1015
2423 4221 2425
2424 1710 52
2425 2220 41
2426 3207 3732
2427 2875 2164
2428 1280 218
2429 5121 3695
2430 2105 2228
2431 4785 5932
2432 2910 1491
2433 5251 5264
2434 5297 731
2435 3230 3546
2436 4945 4179
2437 4317 3029
2438 3090 4881
2439 4871 711
2440 3108 3546
2441 434 6237
2442 4678 3060
2443 395 5838
2444 5479 4938
2445 6236 5234
2446 5602 4841
2447 2292 259
2448 5630 771
2449 2387 58
2450 4690 4017
2451 5367 771
2452 4054 1480
2453 776 2300
2454 333 2163
2455 4448 4739
2456 5521 3195
2457 1444 4372
2458 112 4518
2459 4170 3972
2460 776 2379
2461 5321 5264
2462 579 1289
2463 744 883
2464 817 566
2465 1878 5564
2466 4334 3060
2467 150 3690
2468 2292 411
2469 5351 3296
2470 2996 1878
2471 5105 3210
2472 459 5087
2473 2283 2825
2474 1514 3654
2475 1477 5293
2476 5112 -91
2477 2220 31
2478 2103 4192
2479 581 1051
2480 3980 6313
2481 1532 3667
2482 2350 4118
2483 2844 2149
2484 1878 5278
2485 4221 2556
2486 1542 4550
2487 4162 3039
2488 2709 4411
2489 3079 2009
2490 4871 676
2491 4126 3039
2492 1690 5479
2493 2946 2065
2494 5608 2393
2495 927 235
2496 4171 2129
2497 6524 1662
2498 1418 2503
2499 4221 2270
2500 2960 1878
2501 5791 3286
2502 5479 5065
2503 -47 1519
2504 2533 41
2505 581 1028
2506 4010 1480
2507 5335 5264
2508 5297 768
2509 2350 4121
2510 1485 2683
2511 2327 1781
2512 1367 2683
2513 4778 3101
2514 776 2425
2515 2292 122
2516 3860 758
2517 3428 3558
2518 5506 -142
2519 3596 3213
2520 3778 1291
2521 4079 3039
2522 2355 2990
2523 4142 1275
2524 6524 1653
2525 5713 3733
2526 5933 5234
2527 2444 41
2528 806 882
2529 -4 1571
2530 1815 2921
2531 1787 4810
2532 4937 3204
2533 5018 6224
2534 2509 41
2535 6106 5496
2536 5638 3307
2537 3108 3439
2538 283 4569
2539 5929 3286
2540 5127 -142
2541 2791 1945
2542 2458 415
2543 2071 2228
2544 3706 2059
2545 818 4082
2546 662 981
2547 5217 5264
2548 5064 4245
2549 6524 1763
2550 922 3202
2551 1123 1864
2552 6445 5191
2553 5808 888
2554 933 6237
2555 3221 3213
2556 2723 4623
2557 283 4756
2558 4215 3039
2559 112 3972
2560 3391 5552
2561 4408 3204
2562 922 3646
2563 3403 5185
2564 6451 1315
2565 4237 3538
2566 5618 6130
2567 611 2707
2568 3482 3558
2569 1246 3160
2570 4437 4980
2571 5581 3906
2572 4275 5107
2573 2252 411
2574 2240 2068
2575 5981 1171
2576 1532 4221
2577 5048 6224
2578 3641 1324
2579 2056 2228
2580 2053 2899
2581 3196 4623
2582 2273 -36
2583 2910 1829
2584 653 5300
2585 4280 5002
2586 2031 5659
2587 5526 793
2588 112 4458
2589 4056 5063
2590 2930 1807
2591 5551 771
2592 4424 3179
2593 295 3417
2594 112 4148
2595 662 884
2596 5981 913
2597 3879 5934
2598 5911 543
2599 4871 793
2600 4094 2129
2601 3403 4923
2602 6445 4820
2603 1265 2683
2604 2267 2825
2605 4542 4717
2606 1886 4468
2607 3354 5920
2608 4576 4717
2609 779 835
2610 1597 4043
2611 2130 4125
2612 2930 1798
2613 4676 3060
2614 5855 543
2615 6106 5461
2616 1899 3551
2617 551 5093
2618 763 235
2619 112 4282
2620 3928 5431
2621 270 1571
2622 5112 21
2623 3034 4623
2624 5325 2102
2625 2548 1945
2626 4578 1015
2627 5013 4388
2628 1191 6270
2629 3131 3862
2630 -31 1571
2631 4424 5453
2632 2170 2068
2633 5168 4388
2634 733 3145
2635 1542 4508
2636 5779 5742
2637 2549 5924
2638 4278 5063
2639 3275 4923
2640 1571 3654
2641 1849 4943
2642 713 4211
2643 5482 3644
2644 3186 3213
2645 4367 3863
2646 2283 2891
2647 655 1090
2648 1542 4867
2649 4714 5400
2650 2142 3676
2651 1634 4054
2652 579 1129
2653 4463 3101
2654 5293 3901
2655 2461 2264
2656 4690 4070
2657 4871 363
2658 5384 5264
2659 653 5343
2660 3999 863
2661 4530 3060
2662 1415 3528
2663 1265 2502
2664 4690 3961
2665 5513 181
2666 3748 5583
2667 2325 -36
2668 6524 1315
2669 5121 4069
2670 2677 2345
2671 395 6132
2672 2880 5924
2673 516 5087
2674 644 1053
2675 1471 3654
2676 112 3690
2677 1280 114
2678 646 5045
2679 4054 1746
2680 3374 2403
2681 3145 5920
2682 5456 5278
2683 2142 3997
2684 1583 5857
2685 1597 4054
2686 277 4991
2687 1787 4836
2688 1538 3577
2689 5843 3286
2690 806 1338
2691 1444 4395
2692 4872 4388
2693 4809 890
2694 567 5081
2695 3908 4032
2696 4871 748
2697 3748 5445
2698 4142 1209
2699 5112 187
2700 1899 3676
2701 4531 4996
2702 3062 2065
2703 4626 890
2704 2935 41
2705 4250 3336
2706 3142 2009
2707 5288 -142
2708 1022 2725
2709 6260 4333
2710 4250 3515
2711 2387 19
2712 5165 793
2713 4544 5107
2714 3547 2643
2715 5105 3007
2716 741 4211
2717 4957 5442
2718 5963 5234
2719 6270 5234
2720 4170 3967
2721 909 1793
2722 3060 1878
2723 4579 4980
2724 343 1571
2725 3544 4547
2726 4248 1923
2727 2112 5669
2728 1127 3167
2729 2845 6071
2730 5121 3936
2731 4215 3186
2732 3157 3160
2733 581 900
2734 3385 3550
2735 611 2464
2736 5509 -40
2737 520 1524
2738 1607 36
2739 5971 3286
2740 2910 1726
2741 2701 4468
2742 5340 2508
2743 6023 3286
2744 3177 3546
2745 353 1749
2746 4726 5474
2747 4018 4588
2748 6229 2651
2749 3479 2065
2750 4651 232
2751 2064 2845
2752 2132 4702
2753 1239 3607
2754 644 858
2755 2782 4881
2756 4809 1072
2757 3396 215
2758 1747 4192
2759 6085 3286
2760 581 1020
2761 3760 2643
2762 5604 1856
2763 4896 5400
2764 4761 890
2765 1528 2285
2766 5637 3733
2767 5981 888
2768 1695 3577
2769 3882 4513
2770 4463 5107
2771 5726 2393
2772 4714 5283
2773 3132 2009
2774 581 1085
2775 6080 3733
2776 1673 52
2777 395 6213
2778 3637 1275
2779 -47 1057
2780 1942 4997
2781 2283 1789
2782 727 1524
2783 3339 5920
2784 2716 4623
2785 1681 52
2786 248 1571
2787 4248 2307
2788 6445 5104
2789 3530 2715
2790 295 3432
2791 353 1631
2792 2645 531
2793 5531 3195
2794 3175 4623
2795 3687 1324
2796 2239 5924
2797 2170 4125
2798 1993 3528
2799 1172 6270
2800 1532 4150
2801 1812 4192
2802 5264 2102
2803 1377 3528
2804 1323 2298
2805 5753 801
2806 5293 3977
2807 195 282
2808 54 725
2809 2292 311
2810 4910 4069
2811 5267 4388
2812 4846 5400
2813 5581 3664
2814 5581 3995
2815 5287 4388
2816 1307 2503
2817 542 5375
2818 395 6072
2819 2423 59
2820 775 235
2821 579 1243
2822 6229 2669
2823 5914 3733
2824 2172 4753
2825 1532 4318
2826 6524 1374
2827 6445 4730
2828 395 5596
2829 4215 3240
2830 1344 2285
2831 5293 3644
2832 1924 5729
2833 112 3725
2834 6445 4747
2835 2423 345
2836 3439 470
2837 1871 2998
2838 35 1571
2839 2930 1593
2840 1195 322
2841 4693 956
2842 776 2485
2843 2976 5924
2844 3333 470
2845 4770 5400
2846 4612 3060
2847 1436 3654
2848 4578 932
2849 1792 5180
2850 1974 4213
2851 5588 6224
2852 1750 52
2853 508 5375
2854 2142 3936
2855 2482 1945
2856 6229 3131
2857 3966 -12
2858 5826 3710
2859 4170 3987
2860 1917 4213
2861 1878 5349
2862 4278 4275
2863 5581 4358
2864 4280 4739
2865 4680 232
2866 5621 4841
2867 4797 4717
2868 289 5084
2869 4215 3233
2870 2401 4702
2871 2130 4468
2872 2478 4881
2873 879 1656
2874 4250 3447
2875 6445 4921
2876 4420 5453
2877 4774 3961
2878 1735 4766
2879 562 5375
2880 1542 4751
2881 5248 2205
2882 2086 3027
2883 4871 544
2884 1127 3361
2885 4895 4069
2886 2031 5729
2887 942 1793
2888 5509 143
2889 959 1656
2890 1787 4766
2891 4830 3204
2892 4878 5652
2893 3108 3444
2894 4458 3101
2895 4801 5652
2896 2341 4809
2897 5811 5234
2898 5351 3221
2899 5259 2340
2900 5805 183
2901 817 572
2902 4161 5431
2903 4011 424
2904 5069 793
2905 4010 4210
2906 1377 3539
2907 1845 80
2908 3748 5771
2909 5469 3195
2910 4054 1539
2911 642 2684
2912 5646 5278
2913 5351 3195
2914 5698 181
2915 1823 4943
2916 5293 3845
2917 5112 451
2918 773 2292
2919 818 4156
2920 6365 1763
2921 5259 2508
2922 781 235
2923 6079 2438
2924 4308 1718
2925 5307 2520
2926 5749 4197
2927 4726 6268
2928 395 5456
2929 3223 3685
2930 2283 1940
2931 906 1793
2932 4714 5050
2933 3173 1878
2934 930 1656
2935 6093 5278
2936 2195 97
2937 1532 3692
2938 4142 1480
2939 445 1524
2940 1524 3667
2941 4656 4980
2942 1687 3654
2943 4785 5659
2944 3706 2002
2945 5638 6062
2946 1887 97
2947 789 1524
2948 3469 3160
2949 276 4938
2950 6057 5278
2951 5581 4296
2952 3600 2643
2953 3207 3714
2954 581 1027
2955 3596 3573
2956 1815 2899
2957 4424 3191
2958 2320 4125
2959 1504 2285
2960 3396 366
2961 112 4096
2962 1583 6244
2963 5124 4130
2964 5891 888
2965 3707 4513
2966 4164 6313
2967 5278 3296
2968 3931 2643
2969 4726 6222
2970 5525 5278
2971 1886 4682
2972 2930 1620
2973 295 3541
2974 1695 3528
2975 2591 41
2976 3996 -12
2977 54 359
2978 1549 2503
2979 3034 4881
2980 2004 2825
2981 3835 3039
2982 1710 5303
