3363
0 779 2538
1 4763 449
2 2811 4321
3 2572 2336
4 -215 2728
5 6373 5959
6 855 5448
7 2813 6815
8 3400 -183
9 5972 199
10 280 5442
11 5792 1439
12 1079 -8
13 5234 3019
14 978 343
15 694 3193
16 3974 285
17 5757 339
18 2648 4955
19 6405 5959
20 5096 1088
21 607 111
22 4688 4215
23 3288 3737
24 2709 2411
25 894 1092
26 5575 4726
27 859 988
28 1992 4175
29 4841 684
30 2137 4202
31 1107 6141
32 33 2362
33 1693 4148
34 1904 648
35 763 5511
36 2958 4321
37 2581 4304
38 5148 5152
39 2402 4955
40 3279 1787
41 3431 1941
42 1285 394
43 3781 133
44 473 721
45 4015 1561
46 3254 1787
47 5703 5307
48 233 4322
49 2430 5282
50 4685 2556
51 729 1019
52 345 1147
53 5677 4296
54 4731 2556
55 1509 648
56 1639 5705
57 645 1704
58 4467 3679
59 1728 5467
60 1853 840
61 4440 2480
62 695 1704
63 646 3327
64 5179 1126
65 6500 5230
66 2175 5851
67 4834 2614
68 3586 4770
69 948 1893
70 5060 5250
71 5966 1419
72 3040 4827
73 393 1268
74 5883 498
75 2531 4321
76 551 -8
77 5864 2922
78 4752 6425
79 3413 6542
80 3020 341
81 535 1470
82 4149 6133
83 4400 3679
84 6510 1534
85 169 1045
86 1656 5498
87 1113 1497
88 290 6250
89 5578 4367
90 -47 5026
91 1410 470
92 5891 2140
93 4440 2487
94 5544 2556
95 4679 572
96 6469 544
97 4254 627
98 2999 4827
99 -215 2674
100 5471 511
101 5996 5589
102 6633 4973
103 3020 110
104 4454 2301
105 2581 4322
106 1970 -131
107 5010 2556
108 80 4436
109 2400 1864
110 169 1594
111 5327 5180
112 13 2813
113 5824 996
114 5220 5152
115 4547 1686
116 187 1045
117 5724 5276
118 473 699
119 607 376
120 1286 760
121 608 2815
122 896 2882
123 6116 1419
124 1872 2855
125 6355 498
126 5592 3014
127 55 2109
128 1107 5870
129 1855 5467
130 1761 648
131 2171 2801
132 2706 2204
133 5315 339
134 2667 4955
135 3413 6544
136 2281 6104
137 2175 5985
138 138 1343
139 6264 1628
140 3982 1561
141 4688 4322
142 684 376
143 2929 4322
144 3052 6815
145 1639 5829
146 4577 2812
147 3807 1561
148 784 302
149 5951 5276
150 6009 498
151 5636 4516
152 859 787
153 6536 5959
154 33 2813
155 36 5026
156 1769 4390
157 5575 4802
158 3553 255
159 1349 3934
160 1510 5107
161 3110 5001
162 2297 4202
163 5565 4850
164 5544 2370
165 5286 2600
166 4185 5788
167 6469 650
168 6857 5750
169 3729 5409
170 4143 5407
171 528 1250
172 1410 525
173 535 1679
174 1649 4858
175 3787 1167
176 1286 4081
177 2962 5118
178 1871 4175
179 5093 4227
180 4687 269
181 3436 5409
182 4454 5128
183 3033 4081
184 6380 5230
185 1231 1269
186 -215 2806
187 694 3236
188 6025 1808
189 1020 3380
190 694 2951
191 1588 5062
192 1343 -8
193 4603 2614
194 608 2940
195 -203 5070
196 1219 111
197 583 5166
198 2444 6210
199 2012 1508
200 1970 -263
201 2709 2336
202 2531 4202
203 3413 6562
204 170 3564
205 3277 5083
206 4294 1561
207 3092 -183
208 583 5311
209 657 5177
210 3729 5402
211 1349 3741
212 3535 4564
213 2696 4171
214 3616 977
215 3677 5409
216 1049 155
217 5246 63
218 5096 935
219 1322 3997
220 2789 2231
221 393 1305
222 580 190
223 1583 4785
224 5847 996
225 1588 5069
226 3365 2244
227 5792 1472
228 4709 3741
229 1570 2876
230 3374 816
231 296 3564
232 5965 996
233 954 5122
234 5151 3035
235 1630 3434
236 1497 5122
237 392 4849
238 607 190
239 318 6157
240 855 5209
241 5739 5168
242 2175 5916
243 524 111
244 6377 5230
245 585 111
246 2703 2073
247 2215 1703
248 5762 404
249 3217 1762
250 -215 2557
251 3093 -183
252 3217 1845
253 1023 5122
254 3616 1059
255 3687 1334
256 916 1166
257 2921 3385
258 2576 159
259 5600 404
260 1872 2819
261 1760 4088
262 2346 -109
263 5069 6374
264 2774 2473
265 1497 4347
266 342 6141
267 3356 4922
268 3439 48
269 415 715
270 2600 6616
271 475 1153
272 3663 4343
273 2055 3040
274 1525 3670
275 2369 240
276 2902 529
277 180 2109
278 6078 1419
279 3102 6815
280 3456 4223
281 5677 5438
282 -215 2648
283 2581 4263
284 2803 2473
285 4704 3759
286 1182 2882
287 2444 6437
288 2576 150
289 3321 4827
290 6376 1628
291 5387 79
292 1994 2717
293 3953 3995
294 5694 4441
295 3684 5409
296 3927 146
297 3270 3118
298 -203 5081
299 3321 4676
300 3886 1316
301 3064 4827
302 5178 5180
303 1738 5049
304 5294 6374
305 3183 4321
306 3413 6589
307 3178 3765
308 4294 1538
309 4653 5180
310 169 1937
311 6447 5230
312 4632 4074
313 2703 2159
314 280 5354
315 255 715
316 1234 1325
317 1275 4055
318 473 624
319 6416 996
320 5275 780
321 4387 1716
322 1656 5221
323 5190 5152
324 3616 1073
325 2159 2656
326 5167 1126
327 2461 4322
328 6125 498
329 3822 1271
330 6264 2922
331 2753 4322
332 6822 5959
333 2374 4202
334 198 5311
335 5643 1472
336 5589 5380
337 290 5750
338 6147 3581
339 5891 2055
340 1153 5122
341 1103 4854
342 4632 4081
343 535 1704
344 -203 5311
345 5972 338
346 4454 5018
347 415 1077
348 3205 -183
349 5700 6152
350 3413 6070
351 -34 4436
352 1020 3415
353 1107 5680
354 5209 6374
355 4797 1686
356 6287 498
357 5565 4648
358 883 2769
359 6025 1628
360 524 19
361 2581 3902
362 2159 2411
363 2143 5467
364 568 2990
365 2392 2541
366 2703 2173
367 -78 2813
368 3439 257
369 473 578
370 1107 394
371 323 4849
372 470 5311
373 5703 5192
374 769 3380
375 5584 805
376 4688 4074
377 859 725
378 3903 1316
379 1394 -8
380 1234 1019
381 6106 1628
382 5665 4516
383 3911 1316
384 1269 5535
385 1639 5505
386 894 1065
387 345 1491
388 3143 4519
389 3363 3112
390 2175 5346
391 4216 3895
392 5471 404
393 5968 79
394 2108 3360
395 5643 2189
396 695 1791
397 1250 2761
398 1113 1863
399 2460 1864
400 4960 684
401 5792 1419
402 695 1900
403 4582 684
404 551 5026
405 1107 5694
406 3117 3339
407 5496 339
408 3666 3757
409 3291 5083
410 3413 6624
411 380 1147
412 3116 -183
413 47 4271
414 3490 816
415 2198 5346
416 3809 1561
417 4978 89
418 2128 4202
419 5303 2600
420 4015 255
421 3307 2326
422 2353 5025
423 2874 6815
424 5927 339
425 5536 3019
426 1691 3595
427 2600 3867
428 6166 2922
429 5253 1500
430 5677 2922
431 2866 4321
432 3431 1897
433 5139 2600
434 3641 2269
435 5565 4892
436 3787 1060
437 4512 1850
438 550 3325
439 5078 1686
440 6857 5589
441 525 111
442 3146 5964
443 748 376
444 222 4790
445 3953 4024
446 5537 339
447 646 3533
448 169 1637
449 608 3267
450 5275 566
451 855 388
452 940 5122
453 3456 3701
454 3194 2326
455 4592 2812
456 3194 4322
457 4387 1736
458 3389 2326
459 1872 2811
460 2531 4476
461 618 376
462 1319 394
463 3566 4770
464 2581 4301
465 2381 2411
466 1872 2885
467 6172 1419
468 3734 2326
469 3020 218
470 246 3564
471 695 1890
472 3223 5001
473 5914 996
474 1970 -215
475 6264 3244
476 3270 5083
477 3553 285
478 3821 396
479 3356 4971
480 551 4762
481 5589 5409
482 4577 2669
483 2703 2080
484 3687 1176
485 6620 4611
486 331 6141
487 1182 2801
488 5211 2600
489 1102 5122
490 1693 4154
491 932 5441
492 2392 2505
493 415 988
494 1921 5688
495 763 5210
496 855 5366
497 1974 1487
498 1049 5049
499 6264 3577
500 345 1549
501 4454 5049
502 280 5443
503 3156 -183
504 5706 404
505 4930 684
506 -203 5095
507 932 5226
508 1656 5811
509 280 5618
510 1228 155
511 2263 2801
512 473 901
513 2400 1811
514 1760 4109
515 608 2866
516 1669 3983
517 2964 2473
518 2809 4321
519 4688 3759
520 3356 5134
521 213 2815
522 966 332
523 535 1645
524 4138 5246
525 4518 5138
526 1260 155
527 2581 3931
528 3186 4519
529 932 5122
530 3300 1889
531 5739 5099
532 608 3193
533 6048 5230
534 6264 2971
535 415 763
536 3217 2201
537 2789 256
538 2039 5688
539 3226 3737
540 5370 78
541 2346 240
542 173 1937
543 5201 1315
544 3586 4771
545 944 3380
546 5677 4126
547 4070 396
548 1770 3040
549 663 3533
550 5465 2556
551 1973 1594
552 142 2815
553 1970 -189
554 434 1122
555 5469 3019
556 4676 3895
557 2175 5688
558 2576 213
559 1107 5859
560 59 5026
561 2850 3867
562 3945 396
563 938 2882
564 5719 2140
565 3321 4613
566 4584 6518
567 415 826
568 787 111
569 2238 2801
570 5660 4367
571 3597 2269
572 3857 396
573 -215 2463
574 3413 6777
575 1230 394
576 2590 2336
577 1231 1305
578 2581 4321
579 3822 1223
580 3721 285
581 3251 4322
582 475 1342
583 408 3564
584 1231 1166
585 2744 136
586 5790 79
587 6503 5589
588 966 294
589 4034 255
590 3889 285
591 1721 5688
592 568 3235
593 568 3063
594 859 489
595 5677 4095
596 2001 1508
597 4149 6254
598 1676 5467
599 1336 155
600 5710 4402
601 2392 2469
602 4169 3753
603 1570 2977
604 5723 339
605 4210 5449
606 169 1343
607 534 5515
608 4957 89
609 5589 5356
610 5710 4445
611 456 323
612 456 1122
613 2092 3360
614 5025 5106
615 2818 256
616 5575 4804
617 5768 5438
618 3729 652
619 6092 3581
620 657 5198
621 475 1237
622 3217 2077
623 5273 6374
624 6452 1419
625 415 1122
626 3184 3737
627 3020 -9
628 473 643
629 4985 2556
630 555 3533
631 1107 5641
632 2509 5282
633 3439 439
634 4374 3895
635 894 1166
636 5589 5365
637 3146 5898
638 3365 2257
639 2706 2053
640 998 2730
641 5740 4516
642 6857 5604
643 1970 -257
644 4763 566
645 3146 2341
646 3675 3764
647 5352 4322
648 4559 2487
649 33 2192
650 3439 149
651 3827 1316
652 5114 5853
653 5185 3140
654 4763 269
655 2703 2058
656 2600 6515
657 923 4945
658 5557 3146
659 1187 5107
660 3217 1850
661 4081 1316
662 522 5311
663 3663 3963
664 4454 5129
665 79 4790
666 3953 3942
667 3953 3753
668 4222 631
669 2787 3339
670 3605 285
671 4096 1489
672 4469 5129
673 3020 235
674 684 5515
675 3663 4211
676 1760 4168
677 2175 6017
678 1107 5960
679 3005 4519
680 3687 1114
681 3231 5001
682 5694 4404
683 5325 4153
684 5891 2090
685 5130 4153
686 1639 5733
687 3146 5655
688 5739 79
689 3033 3912
690 2600 6522
691 3675 3959
692 1974 -263
693 1671 3983
694 1107 6054
695 932 5317
696 3365 2162
697 456 190
698 2962 5129
699 1875 3040
700 2967 4827
701 2587 4322
702 6029 2922
703 629 5166
704 5096 1027
705 3729 809
706 1760 4175
707 5544 2295
708 608 2932
709 5177 63
710 3115 2473
711 3367 754
712 6633 4631
713 1002 1166
714 3020 369
715 3729 631
716 922 2730
717 644 376
718 4376 3679
719 4592 2732
720 5114 5871
721 2634 136
722 1973 1524
723 966 200
724 2651 3931
725 1036 4992
726 3032 5147
727 876 5209
728 2447 4202
729 3356 5409
730 1461 3941
731 2214 6104
732 3687 1329
733 268 1981
734 5920 6152
735 3392 5409
736 1726 5467
737 2175 5757
738 6107 5589
739 4577 1850
740 779 2815
741 2600 6815
742 4638 1686
743 2215 1657
744 6469 723
745 4149 6500
746 5294 6253
747 4869 2614
748 4143 5444
749 5348 63
750 280 4436
751 4270 5618
752 2581 3874
753 5710 4326
754 3687 1241
755 473 622
756 3363 3027
757 2696 3931
758 5460 4367
759 4455 1686
760 4551 6518
761 3128 6815
762 290 5959
763 5144 5726
764 1234 783
765 -203 5047
766 731 3533
767 47 3837
768 859 894
769 2036 5467
770 4720 684
771 2380 5230
772 5677 4367
773 960 3533
774 4679 275
775 5072 5152
776 5592 3128
777 4637 4322
778 2581 3883
779 3464 485
780 5715 5192
781 3010 390
782 5208 5106
783 5151 3140
784 4985 5106
785 2220 6104
786 1272 760
787 4166 396
788 1113 1577
789 3513 2269
790 5388 79
791 1589 3823
792 1821 648
793 4149 6518
794 3242 4519
795 6179 2922
796 3336 3701
797 3586 4493
798 1349 3898
799 2600 6684
800 3393 2091
801 3321 4669
802 1656 5555
803 1973 1487
804 3356 5188
805 5710 4336
806 3413 6720
807 1394 111
808 2157 1678
809 3840 396
810 1676 5476
811 5182 63
812 5972 339
813 6365 5230
814 859 735
815 456 218
816 1234 1460
817 4149 6350
818 4454 1746
819 4707 2614
820 3198 2326
821 5565 4396
822 4752 6292
823 2673 3931
824 779 2419
825 966 165
826 1349 3816
827 6330 5230
828 47 4248
829 909 5166
830 2897 6815
831 4277 3679
832 6469 992
833 5346 5250
834 2311 2801
835 4080 1561
836 1006 1166
837 1450 3670
838 524 -4
839 1970 -86
840 3675 4343
841 2861 4321
842 6633 4909
843 345 1259
844 3050 3972
845 3953 3900
846 4164 5449
847 494 5311
848 6469 881
849 5565 4532
850 4582 682
851 233 4355
852 2846 488
853 488 5311
854 393 1341
855 1656 5347
856 616 1704
857 748 190
858 2703 2215
859 5096 1126
860 3074 5147
861 5592 3007
862 3178 3490
863 2274 2695
864 5085 6374
865 551 4917
866 5949 6152
867 2549 4955
868 2866 3867
869 318 6141
870 6092 3763
871 4022 1316
872 4222 682
873 1054 394
874 1103 4807
875 169 1931
876 4985 5250
877 779 2610
878 2096 5688
879 773 6141
880 2014 4175
881 2706 2040
882 5828 3793
883 345 1593
884 3356 5321
885 3595 285
886 5073 63
887 6117 498
888 473 768
889 5434 3019
890 4620 2001
891 6510 1589
892 1124 2882
893 586 1704
894 3663 2326
895 5076 1686
896 923 5166
897 318 6217
898 2785 4827
899 2444 6156
900 989 2730
901 3934 285
902 5114 5794
903 1349 3861
904 1410 505
905 3399 2326
906 978 394
907 -69 2813
908 1602 5203
909 4685 2360
910 946 2882
911 493 1092
912 1540 4347
913 4254 459
914 3178 3407
915 47 3940
916 3306 3490
917 3228 1765
918 1103 5090
919 4709 3755
920 854 1019
921 904 3380
922 763 5293
923 3671 1102
924 1048 5122
925 169 1636
926 2902 390
927 3607 844
928 5191 5180
929 1441 96
930 169 1087
931 694 2815
932 1240 5535
933 1349 3870
934 5346 5180
935 3218 1762
936 909 5209
937 -74 4524
938 1118 2882
939 6442 498
940 393 3325
941 763 5515
942 2407 4202
943 9 5311
944 5377 3146
945 47 4132
946 4659 4074
947 3535 4495
948 33 2463
949 2380 5282
950 4813 684
951 1602 5341
952 5849 1419
953 6027 1419
954 5694 4245
955 3431 1889
956 2670 4185
957 1234 997
958 5227 2556
959 3939 5246
960 1656 5368
961 1036 4970
962 4454 2097
963 5202 5726
964 2988 3848
965 1113 1476
966 5584 996
967 784 190
968 2835 4322
969 3067 6815
970 784 205
971 3456 4023
972 129 1343
973 4235 682
974 2400 2330
975 2696 4107
976 5225 1500
977 89 1292
978 5636 4571
979 350 4502
980 3431 1950
981 5694 3793
982 5504 3146
983 3228 1787
984 4568 2487
985 5536 2889
986 4454 1850
987 5933 1419
988 5694 4463
989 3413 6650
990 5232 3140
991 4149 6492
992 3303 3757
993 1853 760
994 5025 5180
995 966 333
996 923 4991
997 270 4790
998 19 5311
999 2783 3339
1000 2508 5282
1001 208 5311
1002 1540 648
1003 4265 1538
1004 6125 996
1005 475 1145
1006 3241 5001
1007 6469 973
1008 2988 3800
1009 2267 -109
1010 4149 6275
1011 5225 339
1012 5096 1082
1013 2654 4321
1014 1691 2977
1015 4415 5129
1016 5237 1500
1017 859 934
1018 2041 1594
1019 3300 5974
1020 5447 3146
1021 551 4747
1022 1992 1594
1023 6647 5959
1024 3586 4474
1025 5370 79
1026 2192 2801
1027 392 3171
1028 5685 404
1029 3096 4519
1030 4679 475
1031 -74 4529
1032 1330 155
1033 5001 5180
1034 822 2702
1035 2493 5346
1036 2600 6439
1037 3020 -53
1038 607 372
1039 480 1704
1040 470 5354
1041 5353 4153
1042 5034 5180
1043 1089 5122
1044 441 4849
1045 5096 981
1046 4752 6427
1047 393 1355
1048 5114 5726
1049 4270 5466
1050 5575 4892
1051 3464 469
1052 1394 36
1053 3020 -141
1054 4685 2025
1055 3365 2141
1056 415 970
1057 2531 4251
1058 5033 5152
1059 261 2815
1060 2503 4321
1061 1691 3823
1062 655 3327
1063 3460 816
1064 6329 5959
1065 5792 1446
1066 3274 4827
1067 5396 2600
1068 4042 285
1069 4245 5618
1070 5257 6374
1071 1760 4022
1072 -41 2463
1073 5867 6152
1074 5565 4862
1075 2988 3385
1076 5536 2765
1077 3321 4519
1078 3439 573
1079 6313 1419
1080 3146 5556
1081 5891 2119
1082 221 1028
1083 1630 5252
1084 3456 4254
1085 4042 255
1086 -74 4483
1087 1103 4790
1088 1639 5269
1089 1085 6141
1090 1974 845
1091 568 2919
1092 5225 1327
1093 727 6141
1094 3843 5246
1095 3149 4827
1096 1234 817
1097 763 5334
1098 5294 6230
1099 895 6141
1100 2092 3361
1101 188 1937
1102 1691 3579
1103 763 5447
1104 2368 2411
1105 535 1486
1106 3146 2363
1107 1184 1476
1108 2142 2680
1109 4814 157
1110 4353 3679
1111 5651 5438
1112 475 1236
1113 4508 682
1114 975 1886
1115 5275 656
1116 5498 2600
1117 47 4006
1118 5598 2922
1119 268 1937
1120 6055 2922
1121 4668 5152
1122 2416 6104
1123 5152 4311
1124 843 3533
1125 4096 1499
1126 2444 6213
1127 343 4355
1128 4957 684
1129 1156 2774
1130 6264 3287
1131 3146 5463
1132 1975 5688
1133 3984 396
1134 1612 4725
1135 -203 5167
1136 3356 4958
1137 6488 5959
1138 33 2199
1139 4270 5598
1140 345 1299
1141 3586 4446
1142 3413 6408
1143 2346 213
1144 1132 5535
1145 4149 6271
1146 256 715
1147 1113 1814
1148 2761 3385
1149 3359 5409
1150 5450 2600
1151 5706 2922
1152 1602 5441
1153 2818 352
1154 2611 4322
1155 3729 823
1156 5195 6374
1157 2744 158
1158 345 1515
1159 3456 3727
1160 1234 760
1161 221 937
1162 5093 4153
1163 2139 2823
1164 3717 1561
1165 3356 5217
1166 5710 4245
1167 1337 111
1168 718 1250
1169 1734 2832
1170 3535 4566
1171 -158 2813
1172 290 5769
1173 5791 339
1174 1176 1476
1175 4149 5950
1176 -215 2813
1177 1040 111
1178 537 5026
1179 3846 396
1180 2442 4322
1181 5185 5250
1182 4655 684
1183 1879 2757
1184 2023 1594
1185 -74 4790
1186 6195 3581
1187 3477 2326
1188 551 4518
1189 5114 5757
1190 473 1019
1191 3297 4519
1192 2962 4959
1193 2175 5918
1194 5634 4571
1195 5529 3019
1196 6057 5230
1197 3270 3339
1198 6835 5959
1199 3146 2471
1200 4518 5152
1201 4105 3753
1202 1639 5305
1203 1727 4858
1204 2761 3371
1205 2392 2434
1206 3127 4321
1207 4584 2812
1208 6419 1419
1209 5006 1686
1210 4709 3716
1211 2600 6784
1212 6501 5230
1213 3369 2091
1214 1639 5535
1215 4985 5236
1216 2380 5232
1217 1390 611
1218 3321 4673
1219 2392 2411
1220 5114 5764
1221 923 4790
1222 5294 6365
1223 5412 3019
1224 255 2109
1225 2175 5895
1226 3729 5386
1227 2341 2801
1228 587 2815
1229 1656 5542
1230 3020 51
1231 1410 394
1232 1234 1328
1233 3675 3908
1234 5972 334
1235 746 5515
1236 2444 6439
1237 2576 136
1238 4226 1547
1239 491 6141
1240 3261 3339
1241 4447 1686
1242 4149 6508
1243 5280 4322
1244 169 1241
1245 5418 511
1246 5151 3019
1247 4688 3792
1248 3033 3812
1249 3013 3339
1250 3274 4519
1251 278 4790
1252 4254 3753
1253 3835 1561
1254 5793 4516
1255 -74 4558
1256 33 2312
1257 5996 5521
1258 290 6124
1259 2412 240
1260 3586 4386
1261 5609 339
1262 5681 5307
1263 -192 2813
1264 3146 2473
1265 1646 2809
1266 415 901
1267 2957 4827
1268 -215 2768
1269 4210 5788
1270 5643 1397
1271 4226 1538
1272 3332 3490
1273 4096 1470
1274 3146 5974
1275 1559 760
1276 316 2815
1277 5721 4516
1278 1107 5991
1279 4518 3679
1280 1156 2737
1281 894 1085
1282 3146 5490
1283 1349 3897
1284 392 3155
1285 4149 6187
1286 1675 3823
1287 3317 3757
1288 748 111
1289 3273 4827
1290 5027 5250
1291 5994 1419
1292 5696 4245
1293 527 5311
1294 822 2377
1295 6507 4570
1296 345 1249
1297 5863 2922
1298 923 5026
1299 6536 5230
1300 1760 3983
1301 4383 5129
1302 2160 1508
1303 2631 3867
1304 139 2815
1305 923 4844
1306 4554 5036
1307 3605 255
1308 4752 6293
1309 2876 4955
1310 6507 5230
1311 6615 5959
1312 1287 2761
1313 6092 3765
1314 3444 3701
1315 1641 4725
1316 4149 6309
1317 2891 4827
1318 1616 4858
1319 4434 3679
1320 5719 2189
1321 5093 4311
1322 6264 3114
1323 47 3921
1324 415 907
1325 1308 5535
1326 811 2769
1327 3865 5246
1328 923 5051
1329 1497 4260
1330 828 2769
1331 3657 2326
1332 932 5232
1333 1113 1594
1334 290 5655
1335 2706 2131
1336 5033 5106
1337 607 116
1338 -101 2463
1339 3429 1889
1340 1691 3491
1341 1610 648
1342 1769 4347
1343 4247 682
1344 280 4615
1345 2392 2801
1346 3781 396
1347 6092 3756
1348 6633 5200
1349 4621 5180
1350 3586 4367
1351 280 4790
1352 3953 3822
1353 5460 4396
1354 -203 5263
1355 1107 5715
1356 290 5992
1357 2706 2107
1358 5590 339
1359 4632 4270
1360 1734 2809
1361 3787 1057
1362 4340 5129
1363 2846 464
1364 5194 5152
1365 5281 5152
1366 5198 2600
1367 3456 3777
1368 2988 3867
1369 1991 710
1370 4331 5018
1371 5312 3019
1372 6092 3755
1373 1768 2885
1374 -200 2463
1375 2581 3918
1376 5329 5180
1377 5346 5106
1378 5103 5250
1379 4649 6518
1380 6507 4545
1381 4764 6374
1382 1903 4175
1383 3356 3027
1384 769 3266
1385 4222 396
1386 169 1376
1387 551 4949
1388 6025 1838
1389 3217 2228
1390 493 1019
1391 2215 1508
1392 4149 6473
1393 2902 391
1394 5509 1397
1395 4134 396
1396 3586 4901
1397 2531 4369
1398 5858 4516
1399 1285 1476
1400 3146 2405
1401 2902 502
1402 583 5249
1403 1676 5562
1404 5416 780
1405 4764 1686
1406 5575 2291
1407 3345 3701
1408 6701 5959
1409 3020 -33
1410 4627 1686
1411 3439 -183
1412 769 3242
1413 4096 1506
1414 568 2815
1415 5584 780
1416 1583 4858
1417 1974 725
1418 2706 2093
1419 5309 5106
1420 5785 3793
1421 4998 6374
1422 6483 5959
1423 4222 439
1424 1209 155
1425 3953 4023
1426 6092 3658
1427 769 2945
1428 5224 5871
1429 6025 1952
1430 1270 -8
1431 674 1704
1432 3164 2326
1433 3178 3737
1434 4319 5018
1435 3675 3846
1436 2346 5025
1437 1974 870
1438 3905 285
1439 5677 4138
1440 465 4849
1441 4073 396
1442 6510 1628
1443 855 5445
1444 2785 4611
1445 729 2815
1446 6310 1628
1447 1974 785
1448 1153 155
1449 5813 2140
1450 -79 5026
1451 473 717
1452 5294 6203
1453 3729 419
1454 5565 4567
1455 2057 1508
1456 1103 5107
1457 4270 5449
1458 3081 3800
1459 2916 4321
1460 4944 684
1461 2706 2231
1462 473 907
1463 4749 578
1464 2902 401
1465 1639 5709
1466 2142 2717
1467 345 1325
1468 966 249
1469 859 388
1470 1085 1166
1471 5536 2600
1472 568 3199
1473 1795 2885
1474 5509 1416
1475 3146 5611
1476 415 967
1477 3464 439
1478 473 677
1479 1669 4152
1480 53 5311
1481 4684 2001
1482 3953 4048
1483 391 6141
1484 3228 1779
1485 4752 6437
1486 4577 2487
1487 415 741
1488 3456 3757
1489 2157 1594
1490 2392 2597
1491 4554 5106
1492 4628 5152
1493 3217 1987
1494 6519 5589
1495 657 5209
1496 6158 1419
1497 473 573
1498 932 5284
1499 3439 671
1500 4688 3895
1501 5769 2140
1502 4922 2600
1503 63 4790
1504 5997 498
1505 2200 2411
1506 2175 5717
1507 2351 240
1508 6170 498
1509 5917 3793
1510 2531 4322
1511 5065 5152
1512 2317 6104
1513 4638 1795
1514 4149 5953
1515 3270 3292
1516 6264 2980
1517 1738 5015
1518 5346 5230
1519 5592 2922
1520 395 4518
1521 1509 702
1522 2601 2336
1523 4709 3679
1524 5114 5838
1525 3407 3757
1526 2141 2717
1527 524 79
1528 2703 2105
1529 3413 6524
1530 5860 4516
1531 23 4790
1532 3299 5001
1533 1656 5175
1534 2020 5688
1535 537 4948
1536 2422 4202
1537 1005 394
1538 6073 1628
1539 1288 1476
1540 4825 2556
1541 2400 2336
1542 4592 2665
1543 47 3797
1544 2408 2336
1545 3420 2326
1546 5792 1447
1547 3020 248
1548 345 1241
1549 2464 2215
1550 4292 3895
1551 70 4790
1552 558 372
1553 268 2108
1554 5827 996
1555 1656 5397
1556 1390 701
1557 1589 5049
1558 1760 4116
1559 2274 2741
1560 1288 5535
1561 392 2878
1562 3413 6815
1563 1570 2809
1564 4234 439
1565 2696 4185
1566 5339 5152
1567 6857 5850
1568 3675 4225
1569 2761 3342
1570 2257 -109
1571 3456 3988
1572 5677 4110
1573 6469 498
1574 464 6141
1575 769 3215
1576 3896 1561
1577 3301 3737
1578 6025 1771
1579 6229 2922
1580 5972 230
1581 4554 5020
1582 6092 3606
1583 5530 4367
1584 2581 4185
1585 1691 3732
1586 1103 5079
1587 3628 1102
1588 2303 2791
1589 4685 2095
1590 2706 2203
1591 2386 2801
1592 3293 5974
1593 1660 3823
1594 4125 396
1595 5802 443
1596 2403 1811
1597 608 3327
1598 33 2410
1599 2744 256
1600 3586 4891
1601 6307 4516
1602 2346 235
1603 1781 5467
1604 4518 5180
1605 4454 2044
1606 6507 4611
1607 4762 578
1608 6804 5959
1609 4184 3895
1610 5788 339
1611 3080 3385
1612 290 5863
1613 5043 5106
1614 3146 5829
1615 6564 5959
1616 473 388
1617 3431 1978
1618 3802 285
1619 2444 6214
1620 3079 3385
1621 4978 189
1622 906 1166
1623 1349 3931
1624 535 1478
1625 537 4849
1626 2508 4955
1627 5996 6011
1628 1643 4168
1629 3953 3806
1630 221 1045
1631 769 2920
1632 4096 1316
1633 706 1250
1634 1974 860
1635 4 4436
1636 3050 4028
1637 6469 937
1638 5565 4508
1639 3521 2326
1640 169 1665
1641 478 6141
1642 4017 1561
1643 493 1250
1644 2390 6104
1645 4920 2556
1646 2802 4827
1647 886 111
1648 2948 4827
1649 1104 1166
1650 238 2109
1651 393 1165
1652 274 4790
1653 5996 6017
1654 987 1166
1655 5949 1419
1656 3229 4322
1657 6504 5959
1658 1656 5751
1659 2346 -105
1660 5708 5099
1661 392 3280
1662 1330 3934
1663 1760 4161
1664 4022 1561
1665 2380 4955
1666 290 5736
1667 779 2377
1668 3857 5246
1669 1349 3917
1670 473 1018
1671 6092 3730
1672 1125 111
1673 268 4849
1674 5802 404
1675 2761 6815
1676 123 2815
1677 5522 6152
1678 2139 2847
1679 2160 1703
1680 415 769
1681 5169 5152
1682 5512 1397
1683 2503 2215
1684 4415 5018
1685 5972 320
1686 3146 5176
1687 5623 5307
1688 1525 3436
1689 3425 2260
1690 6857 5959
1691 290 5872
1692 518 6141
1693 3321 4570
1694 4752 6518
1695 290 6188
1696 979 3533
1697 5025 5130
1698 3836 1561
1699 2902 532
1700 6279 5230
1701 4352 6518
1702 4592 2725
1703 3729 5385
1704 5944 5276
1705 47 4052
1706 6291 5959
1707 1036 5049
1708 535 1687
1709 1182 2870
1710 3178 3800
1711 4254 604
1712 318 6282
1713 3356 5083
1714 5471 450
1715 3388 3757
1716 5643 2291
1717 600 2815
1718 698 376
1719 1050 1166
1720 3535 4770
1721 4011 5246
1722 1518 5107
1723 5030 6374
1724 3701 439
1725 1390 760
1726 4277 3753
1727 1036 4946
1728 1177 155
1729 5669 1472
1730 3270 3117
1731 470 5515
1732 4600 2614
1733 6025 1945
1734 4763 378
1735 3033 3888
1736 1036 4897
1737 1630 5312
1738 859 570
1739 5346 5151
1740 3178 3760
1741 -215 2613
1742 4679 269
1743 2175 5903
1744 4592 2780
1745 2709 2473
1746 2989 4519
1747 4632 4077
1748 1002 1019
1749 2392 2530
1750 1630 5203
1751 2600 6481
1752 6486 1628
1753 775 372
1754 3350 3490
1755 3702 439
1756 6633 4846
1757 1036 4858
1758 1250 2730
1759 3071 5147
1760 1783 4175
1761 2434 5346
1762 3953 3985
1763 1537 5535
1764 3663 4177
1765 5096 814
1766 5316 5180
1767 3695 631
1768 1103 5049
1769 1639 5516
1770 6633 4616
1771 5480 3019
1772 345 1478
1773 966 160
1774 392 3156
1775 1275 3952
1776 3363 3135
1777 5217 2600
1778 3278 3490
1779 3356 5190
1780 5547 339
1781 5189 1315
1782 4685 2315
1783 5093 330
1784 4273 682
1785 1112 1019
1786 2926 3867
1787 3089 2231
1788 3927 204
1789 4638 1843
1790 3787 1074
1791 169 1292
1792 110 4790
1793 1532 760
1794 1919 2717
1795 1052 2730
1796 1158 394
1797 5536 2695
1798 3535 4641
1799 2380 4991
1800 255 4790
1801 6120 3581
1802 1107 5794
1803 4243 1561
1804 1669 4015
1805 966 155
1806 1853 814
1807 1105 1019
1808 6633 5230
1809 4096 1561
1810 5575 4571
1811 415 997
1812 535 1698
1813 4688 4278
1814 3787 910
1815 4619 5231
1816 5972 175
1817 635 1250
1818 2346 -29
1819 4415 5054
1820 3146 5763
1821 3675 4297
1822 3270 3027
1823 4454 2227
1824 5825 1419
1825 4638 1850
1826 4764 6289
1827 89 1334
1828 1185 1019
1829 3217 2029
1830 91 4790
1831 5626 1397
1832 4763 321
1833 837 1893
1834 3178 3757
1835 4254 439
1836 -16 5026
1837 1509 760
1838 1976 1508
1839 6857 5642
1840 4685 2001
1841 4985 5248
1842 524 5
1843 3146 5691
1844 4685 2365
1845 934 -8
1846 345 1678
1847 153 4271
1848 1020 3458
1849 1970 -48
1850 3363 3057
1851 2599 4322
1852 6344 996
1853 2159 2680
1854 764 190
1855 89 1343
1856 2816 3385
1857 1042 4858
1858 3822 1167
1859 3289 5974
1860 604 -8
1861 188 2815
1862 5988 498
1863 6264 3344
1864 2513 5282
1865 4543 3895
1866 5929 996
1867 1664 648
1868 4192 3895
1869 1650 5049
1870 4149 6326
1871 1042 -8
1872 2581 4476
1873 4304 3895
1874 1602 5312
1875 2346 -43
1876 1045 394
1877 2885 4827
1878 2325 2695
1879 3695 538
1880 4454 1806
1881 1086 4858
1882 1588 5049
1883 264 4790
1884 4272 3895
1885 2328 6104
1886 1669 3994
1887 548 3564
1888 999 394
1889 5025 5152
1890 3020 -183
1891 2600 6565
1892 809 1894
1893 1160 111
1894 6469 584
1895 1207 5107
1896 2696 3992
1897 3190 4322
1898 6540 5230
1899 4463 2487
1900 5706 4516
1901 166 5311
1902 2152 4202
1903 1159 1476
1904 4632 4110
1905 3531 4922
1906 1491 3823
1907 2378 5025
1908 3717 631
1909 1944 3040
1910 5225 1497
1911 1138 394
1912 2662 136
1913 6021 1419
1914 3134 5001
1915 5246 4311
1916 4461 1850
1917 5585 404
1918 915 5166
1919 3903 396
1920 2744 239
1921 2672 2336
1922 6460 5230
1923 5359 3140
1924 480 1470
1925 -109 2463
1926 859 532
1927 475 1269
1928 5731 2922
1929 3161 3800
1930 -55 4790
1931 3292 1889
1932 1814 648
1933 475 1122
1934 6469 962
1935 2444 6357
1936 -74 4436
1937 2175 5798
1938 1583 4738
1939 3356 5328
1940 5894 5276
1941 439 6141
1942 3729 863
1943 3535 4765
1944 4978 159
1945 1113 1557
1946 5096 1092
1947 5183 5180
1948 4879 2614
1949 4356 5129
1950 5875 339
1951 4330 682
1952 6276 498
1953 5215 5871
1954 779 2454
1955 2832 2231
1956 859 976
1957 6092 3793
1958 4440 2477
1959 1257 1476
1960 31 4436
1961 4454 2001
1962 4685 2037
1963 932 5451
1964 923 5102
1965 4291 682
1966 1078 1166
1967 6083 498
1968 3365 3701
1969 5096 1084
1970 501 4518
1971 456 337
1972 6531 5959
1973 3439 -49
1974 1669 4168
1975 2444 6307
1976 480 1538
1977 169 1159
1978 6025 1856
1979 345 1412
1980 280 5628
1981 186 2109
1982 6092 3705
1983 5359 3146
1984 3675 3757
1985 3917 285
1986 5910 6152
1987 1602 5122
1988 6061 5589
1989 306 6282
1990 4149 5806
1991 2158 4202
1992 648 376
1993 4677 3679
1994 551 4634
1995 5745 5276
1996 4096 1369
1997 5225 1315
1998 5643 2211
1999 1366 3941
2000 4995 5106
2001 3837 396
2002 379 2815
2003 4592 2675
2004 2696 4155
2005 1974 1500
2006 5189 1155
2007 784 332
2008 3927 255
2009 4638 1792
2010 4149 5952
2011 695 1866
2012 169 1160
2013 5290 339
2014 822 2478
2015 5304 4153
2016 5058 684
2017 3146 2359
2018 3197 3737
2019 3102 3385
2020 2179 2801
2021 3248 3757
2022 5592 3146
2023 5866 5276
2024 769 3166
2025 109 4790
2026 3050 3889
2027 859 405
2028 1394 34
2029 3217 2080
2030 4254 631
2031 2175 5836
2032 4086 3753
2033 4685 2023
2034 5093 4244
2035 890 2769
2036 729 1250
2037 1734 2885
2038 239 3564
2039 5521 2600
2040 1322 4005
2041 2380 5025
2042 6784 5589
2043 5667 1472
2044 1304 111
2045 3220 -183
2046 268 2109
2047 5972 79
2048 269 715
2049 3456 3772
2050 5347 4322
2051 5739 5192
2052 3229 5001
2053 3729 5344
2054 47 3626
2055 6130 5959
2056 1410 96
2057 3779 255
2058 3108 3385
2059 4807 1686
2060 2175 5877
2061 2139 2979
2062 1020 3507
2063 5261 5152
2064 2159 2476
2065 3586 4784
2066 5107 63
2067 5677 4109
2068 2962 5147
2069 1734 96
2070 3350 3428
2071 5347 63
2072 1351 3941
2073 5152 63
2074 3199 4322
2075 4554 5021
2076 2249 -109
2077 1107 5874
2078 5299 5180
2079 350 4355
2080 2706 2200
2081 4290 3895
2082 5877 996
2083 179 5017
2084 282 715
2085 2175 5997
2086 2371 2695
2087 2999 390
2088 475 1238
2089 4128 3990
2090 2470 2215
2091 3607 977
2092 5093 4230
2093 568 3100
2094 1693 4116
2095 6312 1419
2096 47 4000
2097 5972 308
2098 3108 4827
2099 2392 2479
2100 859 742
2101 493 1041
2102 470 5373
2103 6245 3581
2104 3146 5826
2105 1321 155
2106 4245 5788
2107 1375 3941
2108 5462 4367
2109 5114 5737
2110 3063 -183
2111 5315 2600
2112 3687 1509
2113 350 4362
2114 550 -8
2115 1275 3934
2116 3663 3997
2117 5207 4153
2118 5311 3019
2119 369 4518
2120 5159 5152
2121 535 1675
2122 1013 2882
2123 6084 5230
2124 1196 5535
2125 4974 1728
2126 4764 1728
2127 47 4009
2128 2042 4202
2129 3323 6815
2130 6234 498
2131 3178 3711
2132 4179 3753
2133 1322 3998
2134 778 388
2135 143 5026
2136 551 4570
2137 3686 2269
2138 1130 5107
2139 456 372
2140 474 1704
2141 5544 2291
2142 586 5166
2143 275 3564
2144 169 1553
2145 2445 1811
2146 2610 6815
2147 33 2109
2148 2005 -148
2149 779 2387
2150 894 1019
2151 1627 2977
2152 1760 4154
2153 6026 4516
2154 5353 4322
2155 1676 5612
2156 3729 5406
2157 3455 816
2158 1853 865
2159 521 6141
2160 2157 1703
2161 1630 5247
2162 4255 3895
2163 922 2769
2164 4617 5106
2165 3178 3799
2166 4388 682
2167 1873 870
2168 3270 3069
2169 -203 5026
2170 2785 4657
2171 1710 5467
2172 1970 -227
2173 2157 1662
2174 3729 814
2175 4345 3895
2176 2274 2791
2177 5536 2940
2178 551 4814
2179 3356 4927
2180 4985 5233
2181 814 1893
2182 47 3673
2183 1113 1604
2184 966 188
2185 2706 2181
2186 3710 285
2187 5575 339
2188 4452 3895
2189 2175 5912
2190 4978 63
2191 5996 5994
2192 345 1704
2193 3579 2269
2194 1234 1335
2195 1647 4347
2196 4677 4074
2197 1322 4081
2198 568 3121
2199 694 3066
2200 1974 762
2201 1089 2730
2202 1691 3778
2203 2897 4827
2204 1872 2823
2205 5996 6152
2206 2706 2157
2207 3924 396
2208 1391 525
2209 5939 498
2210 6224 4516
2211 2410 4202
2212 5276 2600
2213 1156 2765
2214 6228 2922
2215 1611 4725
2216 3402 4922
2217 4254 562
2218 1984 2717
2219 5802 412
2220 6573 5589
2221 4192 5788
2222 1502 4347
2223 3217 1937
2224 592 5515
2225 5229 4311
2226 3776 1561
2227 1588 5122
2228 3020 -121
2229 3271 3757
2230 5536 2641
2231 3439 359
2232 5275 779
2233 2159 2505
2234 1698 5688
2235 784 270
2236 5294 6152
2237 1234 778
2238 6510 1564
2239 3439 -106
2240 2932 2231
2241 1656 5766
2242 5341 5152
2243 4632 4291
2244 199 2815
2245 1691 3550
2246 3695 617
2247 708 1250
2248 3722 2269
2249 345 1532
2250 6510 1459
2251 1792 760
2252 3413 6399
2253 2094 3360
2254 47 4100
2255 4149 6225
2256 5460 4369
2257 3733 1561
2258 1057 5049
2259 2923 3339
2260 3456 3919
2261 194 5311
2262 5219 4311
2263 3255 5974
2264 3029 6815
2265 3367 773
2266 5125 5250
2267 3955 5246
2268 179 4946
2269 608 3131
2270 1639 5685
2271 454 6141
2272 5575 4763
2273 345 1477
2274 3217 2143
2275 915 2882
2276 6025 1631
2277 729 1193
2278 1698 4858
2279 5427 511
2280 6469 996
2281 923 4919
2282 777 3533
2283 4143 5246
2284 6507 4572
2285 2159 2527
2286 345 1255
2287 3033 4058
2288 3304 -183
2289 4810 157
2290 290 5658
2291 1979 2717
2292 5904 1419
2293 1743 760
2294 763 5275
2295 695 1931
2296 1676 5688
2297 5901 3793
2298 1392 3670
2299 3675 4138
2300 264 2109
2301 4721 2614
2302 633 5166
2303 2513 5303
2304 3110 5083
2305 2409 6104
2306 5444 3019
2307 2139 3361
2308 3089 4519
2309 493 1103
2310 4328 682
2311 4680 3679
2312 6610 5959
2313 1974 710
2314 3260 3757
2315 5710 4457
2316 1549 5535
2317 5979 1952
2318 686 5515
2319 3304 3490
2320 3146 5292
2321 5608 404
2322 1594 5535
2323 3409 671
2324 3413 6627
2325 4638 1777
2326 3020 312
2327 5592 2946
2328 1733 96
2329 1481 5535
2330 1509 662
2331 164 5026
2332 1691 3493
2333 5313 3019
2334 290 6020
2335 5457 2600
2336 608 2969
2337 583 5261
2338 3356 5001
2339 5474 404
2340 183 4436
2341 3687 1278
2342 3130 3339
2343 950 2730
2344 169 1516
2345 2986 4322
2346 2139 3040
2347 5151 3132
2348 6178 5959
2349 4334 682
2350 1602 5318
2351 415 1063
2352 5505 4396
2353 5694 4334
2354 3413 6267
2355 5719 2180
2356 1734 2815
2357 4709 3759
2358 3367 816
2359 3980 5246
2360 3032 2231
2361 4904 2556
2362 4763 578
2363 39 2109
2364 3663 4143
2365 4411 6518
2366 1879 2809
2367 5521 79
2368 3607 816
2369 568 3325
2370 6082 1628
2371 2791 4955
2372 3020 390
2373 392 3146
2374 2444 6104
2375 5346 5152
2376 4113 396
2377 6176 4516
2378 3474 2260
2379 923 4890
2380 4688 4261
2381 47 4120
2382 2400 2228
2383 393 1219
2384 4082 1316
2385 6264 3567
2386 784 353
2387 3663 3900
2388 288 715
2389 -84 5311
2390 3007 5147
2391 3314 5001
2392 3729 439
2393 619 -8
2394 169 1752
2395 2576 237
2396 6169 1628
2397 3367 809
2398 2380 5173
2399 3146 5960
2400 290 5671
2401 748 372
2402 3456 4367
2403 2631 4321
2404 1014 4790
2405 5291 5250
2406 680 3327
2407 3607 841
2408 4104 3753
2409 6230 4516
2410 4985 5152
2411 2531 4371
2412 809 1893
2413 3547 4770
2414 393 1147
2415 5704 2189
2416 6040 5276
2417 784 201
2418 763 5209
2419 475 1132
2420 5987 5438
2421 1691 3434
2422 921 1166
2423 2380 5054
2424 796 1019
2425 1970 -174
2426 4774 1686
2427 -50 4436
2428 2363 4991
2429 820 388
2430 1288 1465
2431 1525 3823
2432 3822 1182
2433 3413 5974
2434 1583 4725
2435 608 2879
2436 6510 1518
2437 6633 5100
2438 3586 4922
2439 5469 511
2440 5646 2189
2441 2159 2443
2442 428 6141
2443 555 3564
2444 1107 5535
2445 1461 3823
2446 6264 3581
2447 5644 2189
2448 4392 6518
2449 5737 5192
2450 1234 987
2451 5996 5438
2452 2744 247
2453 2815 3385
2454 5093 189
2455 5483 339
2456 568 3218
2457 6111 5230
2458 6460 5589
2459 5093 270
2460 4149 6175
2461 975 1863
2462 4770 684
2463 1113 1846
2464 3781 255
2465 4690 6518
2466 2187 2411
2467 5764 339
2468 -215 2708
2469 3807 133
2470 3439 415
2471 3687 1561
2472 290 6282
2473 5225 1482
2474 6580 5959
2475 5636 4557
2476 3953 4054
2477 3729 410
2478 3695 560
2479 4454 1840
2480 5643 1414
2481 6025 1863
2482 2346 4991
2483 1656 5385
2484 655 376
2485 1069 1166
2486 1230 1476
2487 1879 2717
2488 2967 2231
2489 3678 285
2490 2541 4955
2491 1075 -8
2492 2644 2336
2493 1639 5700
2494 4902 89
2495 568 3053
2496 47 3623
2497 3734 2269
2498 3586 4876
2499 3464 465
2500 1548 5535
2501 3456 4227
2502 77 2815
2503 5565 4698
2504 3269 3490
2505 4679 578
2506 4482 5018
2507 6194 1419
2508 4149 6168
2509 4518 5129
2510 810 1893
2511 3146 5703
2512 1106 -8
2513 4685 2265
2514 4922 2614
2515 5033 5180
2516 5321 1500
2517 5747 79
2518 855 5461
2519 17 4790
2520 4523 5231
2521 3251 4321
2522 3028 4827
2523 1656 5829
2524 3038 2231
2525 2194 1703
2526 1738 5013
2527 5565 4440
2528 179 5002
2529 384 6141
2530 4985 5180
2531 4577 2676
2532 1853 860
2533 1877 3040
2534 5013 5152
2535 3675 3794
2536 2962 5006
2537 1969 96
2538 1662 648
2539 2696 4180
2540 1769 4637
2541 3439 235
2542 2761 3339
2543 3146 5147
2544 5914 3793
2545 5677 4115
2546 5321 339
2547 994 1019
2548 6507 4516
2549 1656 5725
2550 3365 2091
2551 3254 4827
2552 345 1247
2553 6024 5589
2554 2175 5467
2555 169 1355
2556 1107 5868
2557 2608 2336
2558 1556 648
2559 748 138
2560 3113 3800
2561 5694 4359
2562 2642 4322
2563 1769 4725
2564 2599 3931
2565 2709 2433
2566 3325 -183
2567 3439 131
2568 -184 2463
2569 3050 3897
2570 6043 5959
2571 1234 1360
2572 4128 3984
2573 3217 1785
2574 393 1176
2575 4531 682
2576 3350 3135
2577 1769 4614
2578 932 5473
2579 3018 3385
2580 1760 4049
2581 3365 2260
2582 4554 5018
2583 2785 4766
2584 5078 1728
2585 33 2815
2586 1769 4384
2587 2291 -109
2588 1718 4347
2589 3363 3095
2590 493 388
2591 5747 3793
2592 4461 5018
2593 2902 435
2594 2139 2801
2595 2709 2442
2596 1689 2977
2597 680 6141
2598 859 584
2599 152 4790
2600 1458 4190
2601 6306 996
2602 1525 3566
2603 1970 96
2604 5010 684
2605 4387 1686
2606 786 2882
2607 2813 2473
2608 3033 4083
2609 5844 5438
2610 2677 136
2611 2149 2680
2612 3178 3701
2613 -130 5311
2614 2175 5698
2615 4396 6518
2616 3146 5276
2617 1410 154
2618 3729 744
2619 3927 133
2620 2215 1614
2621 521 372
2622 2175 5449
2623 4087 4054
2624 5246 4322
2625 822 2480
2626 3700 2269
2627 4464 5018
2628 3146 2337
2629 5346 5241
2630 1525 3654
2631 5245 3140
2632 1991 648
2633 1639 5175
2634 2964 3867
2635 4316 3679
2636 2346 208
2637 6469 5230
2638 6240 2922
2639 784 282
2640 4763 446
2641 4272 1561
2642 5883 6152
2643 5033 5144
2644 3787 1043
2645 1669 4099
2646 1322 3999
2647 2587 4321
2648 3405 3757
2649 3146 5937
2650 4522 2001
2651 5189 1126
2652 1570 2878
2653 480 1574
2654 2768 4955
2655 2744 161
2656 4668 5106
2657 695 2014
2658 1639 5729
2659 5210 4311
2660 3607 881
2661 5129 2556
2662 2513 5346
2663 392 3081
2664 1410 439
2665 2046 -109
2666 3431 2091
2667 5509 1500
2668 1768 5467
2669 2460 1811
2670 1461 3864
2671 47 3564
2672 3035 5147
2673 5291 5726
2674 4764 6320
2675 1602 5463
2676 632 5166
2677 2346 -107
2678 6328 5230
2679 392 3282
2680 2442 4321
2681 3413 6597
2682 825 111
2683 5291 5871
2684 6469 801
2685 4290 1561
2686 51 4436
2687 1090 2882
2688 774 6141
2689 3456 3737
2690 6092 3724
2691 5346 5131
2692 5275 715
2693 2387 4202
2694 1458 4171
2695 5868 6152
2696 855 5317
2697 5055 684
2698 1525 3434
2699 2785 4519
2700 5734 5192
2701 3141 3339
2702 2444 6253
2703 3822 1316
2704 1349 3892
2705 922 2737
2706 221 952
2707 657 5166
2708 5068 1686
2709 725 376
2710 1804 4175
2711 3663 3757
2712 2392 2695
2713 731 -8
2714 4149 5788
2715 242 1937
2716 3787 925
2717 4592 2614
2718 2452 4202
2719 5504 2600
2720 3729 910
2721 3694 285
2722 169 1786
2723 3699 2269
2724 345 1618
2725 3687 1467
2726 221 715
2727 695 1972
2728 3247 3339
2729 5096 809
2730 2838 4519
2731 169 1246
2732 4143 5449
2733 4577 2557
2734 6264 3318
2735 2175 5362
2736 4045 1561
2737 1656 5552
2738 1602 5195
2739 1816 2885
2740 1903 96
2741 3279 1889
2742 2564 240
2743 3050 3800
2744 4668 5231
2745 1234 1318
2746 2513 5333
2747 5718 5099
2748 5703 5099
2749 2818 464
2750 3112 4322
2751 1234 1465
2752 3781 176
2753 695 1820
2754 5628 2922
2755 3270 3211
2756 90 4790
2757 1129 2882
2758 187 4849
2759 4458 3895
2760 4149 6023
2761 4752 6289
2762 11 2463
2763 1093 1166
2764 2175 5371
2765 6644 5959
2766 2175 5942
2767 5165 339
2768 3146 5687
2769 6354 1419
2770 5924 2922
2771 2691 4185
2772 1403 155
2773 1602 5384
2774 3146 5203
2775 5710 4455
2776 2756 2231
2777 6510 1583
2778 3825 396
2779 3695 521
2780 4830 89
2781 3439 485
2782 694 2943
2783 6207 1419
2784 3431 1998
2785 641 -8
2786 6092 3617
2787 233 4271
2788 855 5515
2789 6116 996
2790 2350 5025
2791 1349 3887
2792 3663 4297
2793 5935 4516
2794 5565 4643
2795 2131 3360
2796 975 1893
2797 5912 1952
2798 1181 111
2799 1103 4858
2800 1277 155
2801 2139 3360
2802 1204 1019
2803 6284 5589
2804 4309 5018
2805 1758 3040
2806 5575 4640
2807 1497 5107
2808 2400 2215
2809 524 -8
2810 5293 6374
2811 1974 1508
2812 2449 5282
2813 1113 1857
2814 779 2702
2815 784 372
2816 6208 996
2817 2167 5467
2818 753 1019
2819 5835 339
2820 1978 -263
2821 3675 4061
2822 2576 240
2823 3250 2326
2824 2785 4547
2825 2744 220
2826 4277 3714
2827 3828 5246
2828 4149 6468
2829 608 3274
2830 822 2620
2831 3456 4257
2832 5353 4303
2833 392 2815
2834 779 2557
2835 5438 3019
2836 3456 4006
2837 956 5122
2838 1275 4081
2839 4149 6315
2840 2962 5064
2841 694 3327
2842 945 1166
2843 6633 4890
2844 968 1166
2845 6059 2922
2846 3456 3925
2847 456 204
2848 3180 3757
2849 473 767
2850 2785 4718
2851 4414 3895
2852 5132 4153
2853 748 177
2854 2368 4202
2855 5677 4318
2856 923 4863
2857 5033 5112
2858 3146 2326
2859 2563 4955
2860 169 1082
2861 579 -8
2862 551 4910
2863 2703 2040
2864 5589 5402
2865 1127 1476
2866 4810 110
2867 1584 4725
2868 1872 2809
2869 4309 5036
2870 3407 816
2871 4128 4054
2872 -215 2720
2873 3695 439
2874 -74 4440
2875 3413 6107
2876 240 2815
2877 1970 -168
2878 169 1492
2879 3362 2326
2880 608 2890
2881 3321 4739
2882 6430 5959
2883 268 2076
2884 165 1343
2885 3953 4019
2886 4516 5129
2887 5096 695
2888 2013 -109
2889 1107 5819
2890 6453 4516
2891 966 343
2892 6416 5589
2893 2346 0
2894 5544 2310
2895 568 3188
2896 1639 5236
2897 4387 1743
2898 5228 5871
2899 3020 64
2900 809 2037
2901 3152 4322
2902 473 790
2903 4638 1837
2904 2875 3867
2905 1639 5466
2906 5589 5307
2907 1602 5535
2908 765 2037
2909 5375 780
2910 2597 4185
2911 4180 3753
2912 5802 475
2913 2902 413
2914 -183 2463
2915 2005 -212
2916 3234 5083
2917 4454 2436
2918 2600 6574
2919 6269 1628
2920 4577 6518
2921 2727 4955
2922 819 2769
2923 537 4934
2924 2392 2510
2925 5274 6374
2926 4518 5231
2927 2141 -109
2928 6610 5230
2929 5703 5304
2930 4245 5757
2931 1207 5122
2932 918 1893
2933 3127 -183
2934 4978 157
2935 2357 240
2936 3572 4922
2937 2412 5282
2938 290 5628
2939 47 3609
2940 658 376
2941 3033 3800
2942 626 388
2943 2205 2411
2944 644 3533
2945 3083 4827
2946 3408 3737
2947 2783 256
2948 2043 2717
2949 3050 4322
2950 3535 4505
2951 3413 6174
2952 3953 4053
2953 5291 5780
2954 4222 420
2955 -69 4790
2956 1390 694
2957 4638 1749
2958 5096 684
2959 2409 5282
2960 5286 3019
2961 6572 5959
2962 3395 2260
2963 138 1292
2964 -75 2813
2965 33 2191
2966 5589 5438
2967 2709 2430
2968 3284 -183
2969 4206 5449
2970 1518 5122
2971 2400 2274
2972 6048 5276
2973 4080 396
2974 5276 3140
2975 4867 684
2976 5502 4367
2977 6328 5959
2978 2741 3867
2979 1234 827
2980 901 3533
2981 6857 5822
2982 392 3036
2983 784 334
2984 5252 5250
2985 3598 285
2986 6264 2983
2987 3413 5984
2988 4685 2106
2989 695 2037
2990 6428 5230
2991 1691 3486
2992 4332 682
2993 5510 79
2994 3586 4868
2995 280 5311
2996 3888 396
2997 1390 552
2998 2173 2801
2999 6469 554
3000 5544 2530
3001 5788 5438
3002 670 1250
3003 3729 5246
3004 393 1174
3005 4685 2021
3006 3883 285
3007 3356 5256
3008 1751 3040
3009 809 2001
3010 5271 6374
3011 5414 79
3012 1769 4525
3013 779 2769
3014 4454 5031
3015 3833 1316
3016 1836 96
3017 3496 5409
3018 3786 1561
3019 3510 2269
3020 5180 5152
3021 5565 4432
3022 608 3036
3023 6510 1419
3024 6111 2922
3025 5244 5106
3026 3033 3960
3027 877 111
3028 1410 427
3029 1458 4260
3030 6150 5589
3031 4440 2436
3032 1182 2774
3033 1020 3533
3034 6264 3499
3035 1340 760
3036 3953 3951
3037 4454 2355
3038 4764 6308
3039 4622 3679
3040 2715 3867
3041 4096 1496
3042 5636 4539
3043 5677 3793
3044 2189 2801
3045 4632 4322
3046 3729 396
3047 5703 5276
3048 3535 4723
3049 3695 590
3050 268 2102
3051 932 5515
3052 602 111
3053 3510 2260
3054 4685 2092
3055 5090 189
3056 2022 2717
3057 354 715
3058 1639 5177
3059 932 5402
3060 2709 2441
3061 5646 79
3062 5351 511
3063 576 5311
3064 603 388
3065 5077 684
3066 2833 4827
3067 5166 4311
3068 1270 394
3069 628 388
3070 2250 2411
3071 3365 2123
3072 4668 5180
3073 551 4575
3074 1656 5303
3075 4570 2001
3076 1410 155
3077 3050 4035
3078 673 -8
3079 6266 5230
3080 1817 2885
3081 5301 6152
3082 1397 394
3083 4294 1560
3084 6491 1419
3085 5541 1397
3086 5029 2600
3087 1853 870
3088 280 4681
3089 5913 339
3090 3221 1762
3091 4829 1686
3092 1753 3983
3093 1322 3996
3094 1020 4790
3095 3406 2091
3096 2005 -263
3097 1390 746
3098 3146 5835
3099 3663 4087
3100 2818 380
3101 1570 2879
3102 169 1258
3103 4128 3895
3104 1322 3941
3105 2139 2843
3106 2581 3867
3107 3350 3158
3108 1119 1166
3109 3383 2326
3110 1224 5535
3111 5093 339
3112 47 4203
3113 2014 4202
3114 5412 780
3115 1583 4814
3116 4603 5180
3117 3675 4091
3118 -215 2785
3119 2846 532
3120 1670 3434
3121 5731 5438
3122 1390 749
3123 3775 396
3124 4309 5129
3125 4589 2812
3126 475 1297
3127 2957 4519
3128 2047 5688
3129 169 1560
3130 2968 3339
3131 2022 1594
3132 1620 4347
3133 3687 1102
3134 1349 3914
3135 1106 111
3136 6420 5589
3137 2962 4955
3138 2750 2231
3139 4810 89
3140 3729 5397
3141 4676 6518
3142 5710 4320
3143 1458 4168
3144 2600 6502
3145 6243 4516
3146 -215 2649
3147 3217 1839
3148 -203 5294
3149 5471 454
3150 415 915
3151 456 277
3152 6469 920
3153 2846 497
3154 2444 6436
3155 2576 149
3156 6557 5230
3157 5225 1432
3158 2693 136
3159 2612 3931
3160 3439 -8
3161 2785 4793
3162 5337 5106
3163 3248 5001
3164 822 2641
3165 6633 4611
3166 2386 4955
3167 876 5515
3168 5380 511
3169 5169 3140
3170 4632 4135
3171 3363 3030
3172 2581 4444
3173 6633 5129
3174 4523 5152
3175 2348 4991
3176 233 715
3177 605 -8
3178 456 284
3179 3980 285
3180 3035 -183
3181 2103 5688
3182 4529 2001
3183 3822 1270
3184 1212 5535
3185 1760 4085
3186 1268 -8
3187 1595 5049
3188 5592 2991
3189 5802 498
3190 5733 79
3191 4212 3753
3192 3367 671
3193 5088 63
3194 1769 4356
3195 262 3564
3196 1349 3809
3197 2600 6597
3198 5891 2052
3199 4897 1686
3200 5976 3793
3201 1234 1319
3202 1182 2876
3203 1231 1318
3204 1835 5467
3205 1127 394
3206 1107 5696
3207 5887 5438
3208 859 733
3209 4632 4189
3210 6510 1573
3211 1160 2774
3212 5597 404
3213 1107 5681
3214 5772 339
3215 5309 3019
3216 1036 4932
3217 5291 5845
3218 310 715
3219 318 6233
3220 551 4855
3221 859 1019
3222 2392 2791
3223 4553 5231
3224 2517 4321
3225 4844 684
3226 2860 3385
3227 608 3244
3228 5734 404
3229 4387 1746
3230 3916 1316
3231 3687 1226
3232 4536 5152
3233 1912 96
3234 2793 3385
3235 6040 2922
3236 5888 2140
3237 769 2882
3238 4289 3679
3239 4518 5193
3240 3616 1102
3241 1672 96
3242 4431 682
3243 2175 6104
3244 2753 2473
3245 4226 1561
3246 5748 6152
3247 716 6141
3248 5275 511
3249 1639 5425
3250 345 1443
3251 932 5237
3252 4738 578
3253 2444 6171
3254 5884 2922
3255 5663 79
3256 2173 2411
3257 3309 4827
3258 1656 760
3259 47 4263
3260 128 2815
3261 2581 4358
3262 583 5270
3263 2625 4321
3264 3944 1561
3265 3146 5576
3266 2703 2171
3267 623 -8
3268 5346 5116
3269 1394 99
3270 1531 4347
3271 310 3564
3272 2696 2336
3273 -203 5250
3274 5719 2185
3275 5406 3019
3276 2706 2042
3277 3687 1360
3278 5710 4463
3279 1738 4858
3280 1751 2977
3281 6368 4516
3282 3270 3322
3283 -161 2463
3284 3190 3737
3285 5026 6374
3286 1471 3823
3287 179 5026
3288 2073 3040
3289 3192 3490
3290 1630 5304
3291 4254 442
3292 830 111
3293 3265 3737
3294 5996 5959
3295 670 5515
3296 2062 5467
3297 6469 980
3298 3270 3737
3299 2962 5065
3300 2696 3964
3301 2175 5812
3302 2696 4123
3303 2690 3931
3304 350 4518
3305 4149 5984
3306 4523 3679
3307 179 4849
3308 303 2815
3309 1769 4439
3310 1602 5514
3311 3146 5400
3312 859 849
3313 392 3325
3314 475 1355
3315 1287 2730
3316 3217 2231
3317 4554 5082
3318 763 5291
3319 1156 2730
3320 1068 1863
3321 3232 3757
3322 3178 3385
3323 2400 2247
3324 2460 1838
3325 5225 1348
3326 1349 3670
3327 268 2045
3328 1751 3014
3329 135 4790
3330 4520 2001
3331 3535 4493
3332 4739 684
3333 2771 2473
3334 272 5311
3335 4415 5033
3336 3050 4083
3337 2756 3867
3338 3781 147
3339 3228 1762
3340 1013 394
3341 6479 5959
3342 932 5218
3343 535 4518
3344 608 2874
3345 1813 5467
3346 5891 1952
3347 2587 4185
3348 2005 -222
3349 1602 5172
3350 1390 525
3351 5262 6374
3352 5370 63
3353 3456 4272
3354 6294 5959
3355 4244 5788
3356 5544 2311
3357 4149 6155
3358 4242 5449
3359 4688 4111
3360 1592 5122
3361 4754 2556
3362 2005 -109
