1301
0 391 1177
1 380 192
2 1107 1194
3 319 1030
4 129 804
5 591 86
6 1237 1199
7 424 237
8 663 730
9 51 200
10 185 804
11 461 1177
12 188 311
13 44 903
14 66 1204
15 464 354
16 858 904
17 468 1350
18 1268 595
19 148 466
20 6 101
21 299 237
22 559 891
23 814 1265
24 954 835
25 205 869
26 976 791
27 1380 1008
28 226 791
29 581 21
30 598 925
31 524 878
32 800 1263
33 912 515
34 1126 791
35 66 1167
36 341 237
37 1143 496
38 404 504
39 569 256
40 800 1143
41 -4 101
42 837 250
43 748 459
44 549 891
45 913 794
46 469 678
47 134 466
48 -57 641
49 1237 1225
50 483 390
51 250 237
52 983 109
53 1381 735
54 1130 1284
55 161 15
56 1104 411
57 706 494
58 1268 569
59 208 957
60 669 64
61 596 891
62 672 256
63 642 21
64 54 346
65 425 221
66 939 794
67 102 45
68 51 183
69 658 958
70 1350 860
71 604 86
72 380 227
73 1342 860
74 464 249
75 486 720
76 626 86
77 596 1237
78 250 255
79 32 934
80 1381 705
81 519 875
82 95 501
83 784 293
84 508 1169
85 756 97
86 996 77
87 1099 379
88 554 521
89 774 718
90 668 1268
91 483 445
92 95 498
93 153 466
94 193 59
95 469 713
96 14 620
97 1325 958
98 577 256
99 -21 269
100 64 364
101 265 624
102 1288 1158
103 954 902
104 954 563
105 1237 1261
106 556 86
107 867 261
108 435 433
109 563 502
110 211 150
111 719 310
112 319 1006
113 840 10
114 220 308
115 500 1169
116 365 237
117 336 611
118 250 264
119 554 960
120 790 380
121 1019 791
122 784 266
123 1000 125
124 30 787
125 89 501
126 253 -32
127 698 34
128 129 869
129 1381 660
130 969 812
131 1304 958
132 790 375
133 295 1
134 828 784
135 1000 213
136 51 152
137 -57 707
138 954 1281
139 239 611
140 549 923
141 1005 563
142 178 15
143 1100 1132
144 35 804
145 823 498
146 181 804
147 596 1160
148 850 904
149 208 910
150 796 204
151 1143 433
152 663 696
153 1380 958
154 155 1204
155 380 189
156 536 1350
157 1152 522
158 272 237
159 45 419
160 269 69
161 1366 860
162 804 234
163 272 848
164 706 446
165 872 501
166 68 45
167 756 82
168 30 783
169 290 543
170 1099 411
171 1108 411
172 541 562
173 823 424
174 589 1286
175 756 42
176 135 113
177 49 301
178 -21 146
179 188 299
180 761 479
181 51 101
182 290 534
183 718 416
184 745 518
185 796 217
186 1336 958
187 828 234
188 296 43
189 -5 301
190 102 20
191 30 607
192 707 34
193 229 415
194 157 466
195 371 1253
196 464 373
197 852 454
198 -57 668
199 254 909
200 480 21
201 191 371
202 1000 470
203 32 909
204 51 292
205 54 356
206 588 658
207 205 882
208 663 160
209 833 234
210 268 611
211 729 832
212 1268 550
213 899 784
214 51 301
215 560 1350
216 250 320
217 823 439
218 231 413
219 378 1177
220 469 659
221 1107 1202
222 796 183
223 66 43
224 871 935
225 989 77
226 58 804
227 76 395
228 479 21
229 906 515
230 524 86
231 1005 77
232 954 832
233 1237 1207
234 939 822
235 136 20
236 486 791
237 250 331
238 872 515
239 391 1166
240 181 311
241 1107 1284
242 158 466
243 129 821
244 1196 866
245 979 413
246 504 1169
247 728 155
248 1381 725
249 170 1204
250 800 1160
251 412 504
252 987 791
253 1268 652
254 1011 775
255 231 403
256 837 784
257 254 937
258 58 822
259 1237 1224
260 170 15
261 778 718
262 549 407
263 1174 1284
264 226 620
265 872 454
266 485 477
267 213 568
268 66 1182
269 154 150
270 327 624
271 933 939
272 954 861
273 56 1115
274 118 371
275 381 121
276 226 615
277 1004 135
278 191 308
279 718 74
280 1237 1242
281 716 1268
282 951 21
283 577 960
284 598 958
285 469 719
286 253 56
287 718 34
288 281 106
289 46 607
290 45 477
291 279 234
292 784 285
293 823 515
294 1209 860
295 658 960
296 264 1204
297 322 1069
298 90 395
299 1032 1190
300 1381 828
301 462 221
302 221 415
303 519 856
304 954 886
305 157 45
306 272 909
307 226 624
308 723 361
309 66 1139
310 707 742
311 469 504
312 934 850
313 718 95
314 100 466
315 469 617
316 95 483
317 1380 1041
318 781 849
319 381 142
320 227 793
321 87 395
322 784 243
323 381 1350
324 432 221
325 1380 1048
326 1099 358
327 32 1110
328 785 293
329 1100 1167
330 1143 522
331 187 15
332 391 1127
333 456 1350
334 1143 443
335 439 237
336 404 433
337 784 234
338 968 812
339 217 466
340 146 101
341 596 1120
342 1015 213
343 157 56
344 1099 213
345 469 748
346 761 459
347 464 394
348 713 310
349 298 1
350 45 425
351 854 10
352 404 440
353 32 977
354 485 1177
355 89 45
356 159 909
357 1207 958
358 307 19
359 592 1124
360 258 1204
361 1000 552
362 69 501
363 254 921
364 1375 958
365 -48 781
366 1362 958
367 284 43
368 618 960
369 269 1204
370 861 454
371 1333 860
372 66 1198
373 745 627
374 745 540
375 225 308
376 767 1268
377 181 466
378 248 188
379 1000 534
380 1099 258
381 596 1190
382 479 57
383 1000 1265
384 600 256
385 1005 97
386 54 354
387 1143 415
388 975 419
389 191 15
390 756 50
391 785 361
392 823 465
393 1107 1191
394 791 183
395 745 637
396 459 752
397 596 1197
398 1000 1272
399 1000 471
400 -21 101
401 1378 660
402 339 1069
403 939 840
404 796 10
405 872 491
406 253 1
407 950 775
408 871 937
409 340 237
410 786 1184
411 792 784
412 404 500
413 657 118
414 510 658
415 1381 674
416 1296 1158
417 620 960
418 380 106
419 85 395
420 66 40
421 485 562
422 1251 860
423 785 389
424 282 611
425 193 68
426 485 345
427 51 162
428 586 891
429 1289 1158
430 741 770
431 39 1113
432 486 700
433 1237 1284
434 756 777
435 800 1161
436 600 960
437 303 1
438 1268 572
439 698 139
440 39 1110
441 958 125
442 486 695
443 663 199
444 756 784
445 939 807
446 1268 660
447 -21 280
448 712 518
449 563 960
450 37 804
451 1000 1281
452 300 845
453 999 77
454 216 869
455 490 658
456 1012 563
457 549 521
458 902 10
459 598 932
460 213 607
461 124 20
462 380 142
463 54 902
464 226 612
465 464 433
466 66 1127
467 837 234
468 1004 128
469 464 251
470 745 468
471 549 562
472 660 64
473 713 272
474 698 164
475 456 1169
476 266 -32
477 951 109
478 663 665
479 978 77
480 486 811
481 1055 717
482 995 563
483 796 234
484 253 -20
485 486 802
486 698 199
487 589 1279
488 718 130
489 416 217
490 698 182
491 801 234
492 568 256
493 852 515
494 45 462
495 230 1
496 1100 1144
497 592 891
498 866 419
499 778 637
500 154 909
501 51 149
502 704 1268
503 464 413
504 1350 958
505 1020 559
506 912 784
507 486 754
508 847 10
509 596 1259
510 486 845
511 982 413
512 843 515
513 589 1265
514 756 71
515 371 1282
516 243 611
517 903 10
518 905 818
519 596 1155
520 45 431
521 802 234
522 475 1169
523 1362 860
524 1237 1158
525 930 563
526 180 150
527 272 868
528 441 504
529 1381 748
530 1220 1284
531 524 856
532 144 20
533 781 834
534 819 784
535 638 1268
536 290 523
537 290 433
538 878 784
539 1015 791
540 1133 411
541 -57 691
542 567 960
543 1268 627
544 172 804
545 563 428
546 825 515
547 250 413
548 584 960
549 1145 750
550 761 468
551 30 781
552 1020 563
553 698 85
554 745 515
555 139 150
556 479 64
557 528 256
558 1105 717
559 464 368
560 51 103
561 221 150
562 223 150
563 391 1098
564 1000 465
565 1381 703
566 1381 842
567 250 316
568 823 419
569 496 1177
570 939 850
571 526 221
572 520 86
573 66 1185
574 51 108
575 433 86
576 254 947
577 256 611
578 458 86
579 322 1042
580 566 86
581 975 1281
582 161 96
583 647 256
584 157 20
585 32 1042
586 922 10
587 641 21
588 101 45
589 896 939
590 567 256
591 783 904
592 572 256
593 800 1148
594 380 107
595 843 904
596 589 1327
597 391 1171
598 800 1259
599 250 433
600 312 106
601 700 742
602 254 957
603 762 10
604 380 1177
605 94 378
606 721 518
607 589 1320
608 520 1350
609 207 101
610 246 543
611 319 1184
612 -21 301
613 51 210
614 951 209
615 905 842
616 248 217
617 549 960
618 587 21
619 1196 860
620 479 28
621 568 891
622 877 10
623 1099 329
624 1099 294
625 269 1
626 57 804
627 918 524
628 428 504
629 913 419
630 226 804
631 563 521
632 485 330
633 729 817
634 969 916
635 945 563
636 625 960
637 723 335
638 245 543
639 319 1015
640 786 904
641 371 1224
642 833 419
643 250 243
644 1316 958
645 791 10
646 199 607
647 845 904
648 201 15
649 1342 660
650 1145 791
651 1374 660
652 975 413
653 253 69
654 307 43
655 756 108
656 1332 660
657 416 204
658 1268 522
659 58 862
660 1334 660
661 986 213
662 1038 717
663 193 56
664 229 324
665 1029 775
666 30 804
667 40 804
668 456 1177
669 55 804
670 549 312
671 790 393
672 230 15
673 272 880
674 1097 791
675 1380 1044
676 249 957
677 713 257
678 461 752
679 1004 125
680 365 234
681 278 793
682 501 21
683 464 1177
684 448 504
685 1020 552
686 985 135
687 24 620
688 125 348
689 1237 1276
690 596 1268
691 469 624
692 217 463
693 553 658
694 107 607
695 269 -32
696 772 832
697 371 1202
698 129 883
699 874 515
700 951 112
701 1271 860
702 596 1122
703 969 939
704 718 148
705 290 520
706 404 459
707 191 344
708 598 891
709 947 775
710 289 433
711 135 124
712 928 419
713 157 15
714 250 403
715 273 101
716 1057 791
717 905 803
718 248 176
719 -21 112
720 269 66
721 217 433
722 1005 109
723 193 101
724 722 1268
725 824 234
726 1268 635
727 1380 1158
728 786 1220
729 427 1350
730 784 209
731 293 624
732 213 543
733 1216 958
734 1013 563
735 905 813
736 64 1115
737 1099 260
738 1007 213
739 391 1093
740 233 882
741 778 689
742 790 297
743 319 1204
744 250 428
745 951 197
746 44 909
747 391 1069
748 319 1029
749 459 754
750 45 395
751 785 393
752 229 308
753 164 607
754 954 812
755 785 352
756 986 125
757 718 518
758 1176 1284
759 483 221
760 871 939
761 718 106
762 784 183
763 969 791
764 219 433
765 800 1149
766 663 726
767 32 1066
768 181 299
769 1047 1190
770 1380 1067
771 373 106
772 46 501
773 233 869
774 290 484
775 601 658
776 213 578
777 1002 563
778 381 107
779 155 607
780 39 1115
781 680 199
782 1000 462
783 562 428
784 723 310
785 730 742
786 366 234
787 210 101
788 745 488
789 486 693
790 583 658
791 549 404
792 1380 994
793 734 832
794 226 619
795 800 1265
796 -21 282
797 319 1062
798 128 45
799 1143 450
800 888 515
801 869 250
802 290 497
803 951 25
804 54 350
805 221 433
806 519 878
807 1029 746
808 811 904
809 10 620
810 472 845
811 1365 958
812 951 135
813 66 1148
814 487 1350
815 30 802
816 630 658
817 459 820
818 523 21
819 786 1268
820 951 563
821 262 543
822 454 504
823 129 903
824 512 64
825 1107 1264
826 589 1220
827 976 125
828 741 813
829 66 1143
830 319 1117
831 1114 411
832 1286 958
833 1237 1257
834 280 237
835 231 150
836 784 248
837 734 742
838 99 45
839 -21 188
840 756 115
841 713 256
842 319 1114
843 1143 422
844 951 125
845 230 150
846 307 1
847 -57 781
848 270 237
849 954 916
850 1294 1158
851 161 72
852 663 678
853 596 1124
854 784 261
855 51 156
856 469 736
857 59 364
858 581 1177
859 781 839
860 75 364
861 416 88
862 452 433
863 698 41
864 1381 852
865 1347 860
866 483 477
867 95 466
868 1327 660
869 800 1203
870 592 1120
871 93 45
872 113 364
873 632 86
874 66 1115
875 781 832
876 1000 548
877 -3 641
878 738 817
879 482 1350
880 784 228
881 549 428
882 272 861
883 790 261
884 1090 791
885 -21 152
886 51 234
887 823 455
888 1107 1173
889 663 126
890 698 72
891 912 775
892 416 86
893 563 430
894 545 562
895 32 1003
896 951 65
897 790 284
898 1006 563
899 936 1281
900 1107 1178
901 248 184
902 526 64
903 322 1007
904 -17 101
905 221 869
906 1032 1252
907 464 266
908 45 408
909 284 624
910 322 1054
911 290 449
912 951 41
913 1380 985
914 1285 958
915 1308 958
916 210 869
917 823 469
918 1107 1187
919 1042 791
920 1041 213
921 58 902
922 573 1350
923 931 10
924 865 1265
925 1099 242
926 693 199
927 51 193
928 32 1053
929 1100 1189
930 416 123
931 1005 87
932 823 442
933 1075 213
934 800 1238
935 300 1204
936 200 150
937 1107 1201
938 850 1265
939 907 1281
940 650 958
941 785 385
942 1207 871
943 371 1350
944 1099 349
945 140 101
946 1268 553
947 207 869
948 905 839
949 1000 526
950 -57 654
951 322 1011
952 678 742
953 844 250
954 1196 871
955 32 927
956 756 155
957 756 10
958 558 256
959 698 143
960 296 237
961 810 1265
962 464 350
963 58 811
964 45 501
965 319 234
966 951 10
967 1237 1281
968 222 308
969 486 770
970 756 718
971 319 1195
972 62 364
973 1099 331
974 213 571
975 380 234
976 273 43
977 473 1177
978 45 494
979 1380 995
980 229 343
981 543 256
982 1323 958
983 741 817
984 483 363
985 537 21
986 269 56
987 1032 1205
988 296 106
989 918 517
990 448 1350
991 483 434
992 337 611
993 252 237
994 144 371
995 226 611
996 785 324
997 469 691
998 281 101
999 66 1173
1000 718 78
1001 760 832
1002 1107 1149
1003 129 909
1004 519 870
1005 563 495
1006 486 823
1007 608 958
1008 0 781
1009 698 163
1010 58 860
1011 1381 831
1012 483 416
1013 605 960
1014 750 155
1015 519 863
1016 222 869
1017 1029 773
1018 1380 1135
1019 319 1004
1020 468 86
1021 1046 717
1022 253 -23
1023 745 459
1024 463 221
1025 1132 411
1026 464 409
1027 248 150
1028 1099 364
1029 785 303
1030 549 350
1031 300 812
1032 797 234
1033 66 20
1034 156 150
1035 397 1350
1036 1246 522
1037 790 390
1038 242 543
1039 369 237
1040 580 64
1041 563 450
1042 1207 943
1043 469 742
1044 289 234
1045 592 1139
1046 459 845
1047 723 370
1048 -57 705
1049 1029 717
1050 58 873
1051 147 101
1052 1261 958
1053 125 346
1054 592 1169
1055 404 438
1056 464 504
1057 891 419
1058 161 56
1059 969 928
1060 1107 1158
1061 1001 125
1062 713 305
1063 918 563
1064 250 295
1065 1100 1129
1066 860 454
1067 1001 213
1068 731 518
1069 792 1143
1070 871 904
1071 804 10
1072 300 793
1073 125 364
1074 592 1167
1075 1381 860
1076 77 20
1077 1034 717
1078 723 408
1079 706 416
1080 526 256
1081 250 401
1082 785 378
1083 863 10
1084 1380 1034
1085 464 389
1086 786 1208
1087 74 607
1088 922 794
1089 485 312
1090 1107 1181
1091 589 1177
1092 663 118
1093 781 881
1094 322 1004
1095 1302 860
1096 773 1268
1097 781 904
1098 32 995
1099 -51 641
1100 854 250
1101 32 1031
1102 761 482
1103 1099 262
1104 1032 1260
1105 459 767
1106 596 1186
1107 404 482
1108 669 21
1109 1143 411
1110 225 15
1111 135 101
1112 1099 245
1113 535 658
1114 869 261
1115 745 609
1116 -57 667
1117 1100 1190
1118 718 97
1119 371 1177
1120 744 518
1121 322 1041
1122 441 433
1123 485 339
1124 161 101
1125 663 731
1126 761 515
1127 1277 1158
1128 805 1265
1129 44 902
1130 135 804
1131 66 45
1132 483 409
1133 302 611
1134 863 454
1135 391 1164
1136 837 242
1137 308 106
1138 273 56
1139 951 213
1140 181 607
1141 222 101
1142 424 1350
1143 464 344
1144 852 465
1145 905 838
1146 698 116
1147 250 340
1148 391 1157
1149 58 808
1150 337 624
1151 469 590
1152 786 183
1153 1107 1129
1154 118 378
1155 193 81
1156 663 742
1157 232 793
1158 512 21
1159 589 1199
1160 745 605
1161 918 515
1162 907 1265
1163 589 1350
1164 800 1156
1165 10 301
1166 229 882
1167 292 611
1168 573 1177
1169 248 234
1170 1044 717
1171 745 471
1172 834 10
1173 657 86
1174 469 592
1175 549 411
1176 496 658
1177 858 250
1178 789 1143
1179 319 1017
1180 -21 277
1181 586 86
1182 547 1169
1183 898 784
1184 589 1185
1185 1350 1158
1186 464 324
1187 135 150
1188 486 677
1189 32 956
1190 563 494
1191 66 1146
1192 905 794
1193 356 234
1194 459 822
1195 210 957
1196 1000 413
1197 191 312
1198 253 -17
1199 483 419
1200 741 742
1201 -57 722
1202 1263 1158
1203 827 261
1204 888 939
1205 189 804
1206 464 237
1207 241 413
1208 -27 781
1209 1131 791
1210 -3 620
1211 469 619
1212 663 658
1213 706 518
1214 485 363
1215 1145 717
1216 -4 781
1217 416 221
1218 785 302
1219 227 791
1220 799 261
1221 642 64
1222 596 1256
1223 975 563
1224 230 5
1225 786 1143
1226 954 890
1227 242 56
1228 259 234
1229 193 15
1230 459 844
1231 1360 958
1232 320 624
1233 745 555
1234 391 1125
1235 269 543
1236 290 443
1237 1237 1273
1238 1166 1284
1239 32 984
1240 217 460
1241 524 861
1242 1032 1265
1243 208 909
1244 690 1268
1245 416 90
1246 1209 1284
1247 951 77
1248 95 476
1249 706 422
1250 718 155
1251 1268 624
1252 571 256
1253 698 79
1254 796 202
1255 227 778
1256 322 1034
1257 30 620
1258 596 1140
1259 469 752
1260 391 1104
1261 191 322
1262 592 1159
1263 698 57
1264 32 1005
1265 723 416
1266 85 45
1267 30 301
1268 785 370
1269 464 381
1270 905 809
1271 745 630
1272 66 1195
1273 -57 676
1274 964 109
1275 290 537
1276 1380 1153
1277 208 882
1278 980 791
1279 486 658
1280 90 378
1281 54 364
1282 951 43
1283 1381 690
1284 226 778
1285 784 212
1286 272 845
1287 560 1169
1288 594 256
1289 355 1069
1290 1030 213
1291 860 904
1292 371 1250
1293 1145 763
1294 1091 1190
1295 905 850
1296 293 234
1297 922 1281
1298 276 611
1299 416 102
1300 951 32
