754
0 507 788
1 654 112
2 154 -64
3 407 169
4 90 616
5 189 460
6 217 239
7 665 725
8 186 460
9 407 135
10 729 668
11 287 385
12 480 334
13 616 661
14 302 397
15 554 690
16 407 244
17 140 165
18 23 494
19 527 360
20 678 24
21 294 332
22 507 739
23 504 585
24 16 497
25 114 374
26 294 294
27 505 690
28 141 176
29 729 628
30 38 527
31 663 313
32 594 868
33 237 -5
34 86 41
35 409 571
36 786 508
37 116 614
38 461 574
39 786 373
40 141 245
41 107 614
42 678 19
43 818 374
44 482 40
45 287 293
46 153 563
47 83 525
48 255 84
49 154 551
50 715 112
51 613 388
52 384 32
53 157 551
54 601 688
55 729 708
56 287 361
57 628 373
58 32 270
59 483 554
60 461 707
61 776 373
62 661 155
63 172 499
64 616 628
65 583 388
66 707 264
67 327 13
68 742 614
69 548 690
70 775 155
71 119 509
72 257 13
73 86 26
74 220 162
75 266 451
76 601 663
77 432 383
78 172 460
79 364 89
80 99 149
81 592 731
82 478 554
83 776 520
84 153 576
85 236 616
86 141 269
87 142 165
88 300 640
89 86 59
90 100 690
91 408 571
92 800 344
93 482 75
94 114 411
95 699 358
96 678 13
97 811 373
98 116 165
99 800 318
100 729 643
101 507 835
102 546 388
103 800 155
104 579 313
105 114 355
106 815 119
107 707 323
108 16 548
109 432 393
110 616 694
111 670 9
112 760 112
113 442 571
114 295 647
115 401 244
116 153 551
117 345 474
118 482 173
119 407 110
120 141 338
121 786 444
122 164 504
123 260 162
124 99 154
125 188 154
126 237 10
127 433 731
128 161 504
129 800 224
130 690 217
131 560 868
132 507 334
133 291 10
134 786 112
135 464 704
136 40 527
137 707 290
138 573 253
139 327 474
140 514 40
141 151 616
142 23 488
143 395 288
144 432 384
145 294 322
146 566 40
147 260 131
148 554 730
149 567 614
150 266 479
151 536 690
152 676 518
153 400 419
154 219 690
155 368 731
156 339 13
157 454 334
158 186 469
159 132 616
160 50 527
161 673 112
162 579 257
163 86 47
164 654 155
165 461 572
166 586 731
167 494 585
168 786 404
169 240 690
170 232 154
171 554 709
172 516 868
173 99 136
174 536 697
175 129 690
176 786 518
177 173 616
178 395 249
179 86 -64
180 90 632
181 406 281
182 494 211
183 86 76
184 506 253
185 87 509
186 186 476
187 237 48
188 461 731
189 114 388
190 618 628
191 176 154
192 707 227
193 654 132
194 236 551
195 671 112
196 507 844
197 654 739
198 560 615
199 141 186
200 464 693
201 725 614
202 114 447
203 491 211
204 391 32
205 628 118
206 674 9
207 83 509
208 538 739
209 191 239
210 654 807
211 579 277
212 650 725
213 97 614
214 200 690
215 301 479
216 809 404
217 16 572
218 287 345
219 189 494
220 432 334
221 116 154
222 121 509
223 147 154
224 618 614
225 707 286
226 601 731
227 507 868
228 527 334
229 662 373
230 265 640
231 482 51
232 654 184
233 675 73
234 141 210
235 191 216
236 173 595
237 559 868
238 465 334
239 770 155
240 467 542
241 713 224
242 189 487
243 609 739
244 418 393
245 800 249
246 172 474
247 690 283
248 628 94
249 375 407
250 24 527
251 265 10
252 575 731
253 309 451
254 186 489
255 163 572
256 237 27
257 633 313
258 304 762
259 649 184
260 727 614
261 482 91
262 482 208
263 20 249
264 86 45
265 748 155
266 406 731
267 536 614
268 163 616
269 707 307
270 255 151
271 240 692
272 654 131
273 318 452
274 540 615
275 236 554
276 628 145
277 658 373
278 552 614
279 507 764
280 566 739
281 757 155
282 260 146
283 99 138
284 191 175
285 141 165
286 39 249
287 173 614
288 525 615
289 462 704
290 613 384
291 506 560
292 -1 249
293 251 162
294 114 424
295 406 287
296 50 461
297 24 572
298 153 613
299 252 10
300 117 616
301 237 -16
302 242 48
303 99 92
304 83 579
305 377 354
306 512 40
307 578 388
308 529 690
309 739 344
310 393 288
311 24 445
312 762 155
313 569 615
314 564 253
315 384 5
316 554 724
317 534 700
318 690 192
319 690 269
320 237 13
321 616 706
322 146 460
323 692 373
324 163 554
325 649 170
326 481 690
327 10 270
328 784 224
329 774 155
330 220 551
331 585 313
332 411 317
333 114 407
334 384 -13
335 655 373
336 482 54
337 613 373
338 516 739
339 151 690
340 690 298
341 713 155
342 432 362
343 580 40
344 375 354
345 239 10
346 37 249
347 377 288
348 217 -18
349 527 388
350 488 230
351 294 315
352 177 -18
353 725 621
354 484 554
355 695 529
356 484 560
357 273 89
358 287 405
359 127 -64
360 818 404
361 255 97
362 527 374
363 318 451
364 616 673
365 554 710
366 507 761
367 742 576
368 287 314
369 266 762
370 695 358
371 255 85
372 575 614
373 800 251
374 154 -43
375 278 13
376 482 127
377 506 567
378 406 282
379 592 40
380 648 725
381 251 10
382 458 571
383 240 762
384 99 115
385 50 523
386 447 543
387 531 614
388 569 868
389 682 518
390 128 690
391 260 13
392 50 445
393 475 542
394 654 835
395 16 494
396 668 184
397 690 237
398 114 460
399 83 531
400 287 329
401 406 315
402 461 582
403 475 554
404 237 18
405 36 249
406 621 9
407 163 551
408 302 354
409 464 690
410 149 504
411 786 471
412 237 -18
413 152 614
414 300 647
415 327 452
416 660 73
417 305 13
418 707 314
419 654 765
420 90 690
421 306 10
422 407 113
423 106 614
424 813 155
425 579 40
426 681 112
427 534 690
428 800 112
429 407 178
430 225 162
431 670 155
432 301 13
433 121 504
434 101 690
435 274 762
436 432 571
437 90 659
438 742 531
439 702 155
440 299 451
441 818 380
442 407 237
443 653 725
444 266 478
445 786 438
446 141 175
447 23 445
448 406 303
449 776 224
450 629 739
451 302 364
452 725 619
453 236 605
454 739 112
455 339 10
456 143 165
457 432 344
458 621 21
459 163 571
460 542 690
461 388 32
462 633 725
463 99 76
464 293 10
465 800 341
466 638 9
467 50 526
468 141 282
469 294 354
470 302 405
471 527 368
472 642 868
473 786 407
474 407 234
475 -1 270
476 550 739
477 95 76
478 498 253
479 536 696
480 111 690
481 153 596
482 407 91
483 323 731
484 690 202
485 725 628
486 189 477
487 432 351
488 168 460
489 503 253
490 432 372
491 621 40
492 527 339
493 695 518
494 610 388
495 770 529
496 601 714
497 482 198
498 336 479
499 707 224
500 326 479
501 685 518
502 389 89
503 300 479
504 760 344
505 601 662
506 86 -32
507 705 725
508 211 690
509 639 868
510 574 739
511 690 197
512 676 529
513 114 420
514 237 16
515 575 716
516 507 784
517 742 546
518 260 89
519 480 554
520 616 636
521 220 237
522 628 79
523 90 620
524 815 155
525 654 828
526 154 -18
527 626 739
528 560 253
529 818 388
530 742 542
531 141 230
532 230 154
533 131 504
534 707 322
535 601 671
536 139 616
537 731 344
538 538 253
539 163 577
540 601 614
541 220 208
542 294 290
543 395 244
544 220 206
545 506 583
546 729 725
547 114 340
548 588 739
549 302 363
550 172 482
551 678 73
552 83 614
553 642 73
554 114 441
555 133 460
556 255 48
557 621 26
558 707 287
559 649 176
560 742 529
561 815 142
562 681 518
563 255 129
564 158 154
565 407 241
566 163 582
567 287 313
568 16 500
569 173 596
570 401 91
571 266 476
572 467 543
573 189 488
574 302 370
575 414 317
576 241 162
577 114 432
578 323 762
579 391 -3
580 707 260
581 771 155
582 201 154
583 482 211
584 397 419
585 408 560
586 240 733
587 461 571
588 429 731
589 118 509
590 31 249
591 707 304
592 818 373
593 688 184
594 745 358
595 50 446
596 397 407
597 768 224
598 595 731
599 506 585
600 742 606
601 527 253
602 461 585
603 86 -63
604 186 499
605 461 704
606 183 690
607 691 373
608 607 388
609 758 155
610 778 518
611 153 614
612 461 730
613 141 273
614 677 155
615 729 661
616 304 13
617 678 9
618 135 -64
619 274 451
620 482 62
621 173 154
622 527 353
623 547 40
624 690 233
625 407 177
626 224 690
627 800 236
628 391 -13
629 220 239
630 616 638
631 628 73
632 362 731
633 184 504
634 812 112
635 776 529
636 624 373
637 424 731
638 784 344
639 520 868
640 482 70
641 729 670
642 575 690
643 699 725
644 742 540
645 622 313
646 255 154
647 507 836
648 302 399
649 613 374
650 815 112
651 209 239
652 345 479
653 400 393
654 669 9
655 159 -18
656 233 616
657 377 319
658 294 288
659 628 170
660 793 155
661 676 313
662 507 811
663 776 358
664 583 40
665 408 543
666 613 40
667 742 573
668 592 868
669 786 484
670 636 373
671 147 504
672 173 551
673 742 535
674 707 295
675 265 647
676 255 102
677 625 9
678 86 -16
679 507 742
680 260 142
681 690 292
682 153 557
683 401 89
684 414 281
685 554 739
686 375 376
687 283 640
688 39 270
689 172 175
690 575 615
691 690 207
692 185 504
693 628 95
694 616 725
695 407 393
696 163 575
697 458 334
698 86 72
699 464 698
700 739 358
701 240 761
702 800 373
703 564 868
704 215 551
705 491 230
706 550 690
707 628 99
708 690 184
709 448 334
710 507 850
711 613 376
712 159 154
713 302 762
714 43 527
715 287 288
716 143 154
717 707 344
718 563 690
719 504 690
720 690 313
721 536 700
722 654 868
723 414 393
724 255 83
725 525 614
726 488 211
727 498 211
728 326 13
729 776 518
730 532 388
731 114 350
732 114 387
733 659 112
734 174 499
735 154 -29
736 482 77
737 616 648
738 90 651
739 377 353
740 579 253
741 591 388
742 616 686
743 153 575
744 427 393
745 690 304
746 498 240
747 695 373
748 406 317
749 189 504
750 141 616
751 141 340
752 266 470
753 417 543
