904
0 202 799
1 555 48
2 541 668
3 516 220
4 192 120
5 631 355
6 532 489
7 212 531
8 395 175
9 516 468
10 193 31
11 446 763
12 351 796
13 433 520
14 671 648
15 541 627
16 621 355
17 555 125
18 514 374
19 582 119
20 395 155
21 10 468
22 555 152
23 221 -7
24 515 743
25 293 253
26 719 186
27 380 422
28 161 2
29 404 759
30 41 686
31 45 78
32 476 567
33 74 595
34 395 99
35 62 680
36 791 398
37 334 463
38 451 422
39 448 606
40 492 520
41 755 178
42 334 497
43 559 468
44 464 489
45 415 144
46 433 513
47 355 639
48 209 204
49 728 385
50 665 355
51 161 -1
52 423 439
53 403 648
54 94 641
55 321 428
56 682 689
57 293 230
58 411 472
59 723 68
60 486 608
61 501 520
62 33 676
63 405 521
64 332 607
65 483 489
66 503 174
67 201 799
68 267 204
69 41 697
70 33 633
71 70 678
72 579 513
73 321 648
74 33 595
75 456 520
76 423 479
77 375 218
78 526 608
79 719 68
80 355 612
81 453 44
82 396 422
83 515 725
84 411 465
85 405 464
86 108 432
87 233 434
88 68 66
89 515 763
90 192 87
91 721 68
92 719 182
93 363 836
94 202 740
95 419 547
96 662 56
97 405 442
98 293 428
99 535 502
100 792 581
101 -14 551
102 524 178
103 791 227
104 229 -7
105 421 218
106 36 355
107 582 172
108 509 345
109 694 640
110 438 45
111 355 621
112 478 489
113 94 617
114 419 629
115 674 589
116 615 350
117 275 428
118 791 449
119 132 799
120 192 136
121 673 372
122 -7 380
123 433 178
124 110 575
125 212 611
126 524 218
127 516 388
128 481 763
129 202 751
130 360 211
131 319 -7
132 682 604
133 286 204
134 108 468
135 792 626
136 554 369
137 45 109
138 708 581
139 423 461
140 419 532
141 -14 530
142 386 175
143 682 640
144 375 198
145 322 751
146 403 576
147 509 422
148 319 29
149 582 200
150 390 477
151 392 802
152 192 143
153 34 788
154 562 346
155 555 154
156 661 496
157 -7 367
158 223 607
159 389 836
160 156 574
161 321 633
162 791 241
163 597 578
164 554 376
165 34 758
166 441 174
167 766 496
168 62 688
169 565 197
170 678 539
171 39 575
172 416 168
173 739 539
174 582 176
175 205 171
176 355 485
177 463 218
178 791 197
179 312 198
180 514 341
181 394 38
182 506 220
183 512 178
184 426 178
185 101 313
186 16 468
187 334 599
188 392 783
189 575 220
190 775 398
191 428 763
192 223 580
193 391 230
194 671 602
195 74 600
196 417 422
197 308 198
198 669 56
199 575 468
200 209 271
201 62 699
202 616 56
203 76 699
204 633 294
205 285 204
206 212 521
207 755 163
208 355 614
209 127 418
210 205 190
211 248 428
212 227 548
213 101 290
214 661 536
215 405 500
216 438 66
217 212 428
218 163 -7
219 101 389
220 355 588
221 312 753
222 582 220
223 524 199
224 35 468
225 755 100
226 514 352
227 555 174
228 72 678
229 -7 355
230 491 44
231 355 568
232 530 608
233 205 204
234 334 479
235 766 482
236 293 269
237 652 536
238 579 520
239 -14 575
240 424 422
241 592 56
242 193 555
243 199 87
244 293 279
245 414 38
246 609 578
247 500 763
248 355 505
249 403 573
250 344 410
251 306 753
252 450 608
253 564 220
254 360 477
255 0 389
256 755 109
257 328 230
258 405 487
259 355 603
260 360 207
261 464 178
262 563 200
263 515 738
264 516 390
265 661 501
266 321 751
267 558 390
268 403 751
269 175 555
270 520 489
271 395 110
272 664 524
273 766 485
274 680 496
275 367 410
276 739 197
277 305 198
278 791 482
279 456 255
280 212 434
281 680 539
282 555 134
283 392 804
284 363 198
285 729 350
286 161 -7
287 710 648
288 424 66
289 509 414
290 497 489
291 773 524
292 84 355
293 185 31
294 191 649
295 682 690
296 321 431
297 746 626
298 347 228
299 368 410
300 773 534
301 607 355
302 526 489
303 202 770
304 117 271
305 33 665
306 516 433
307 478 439
308 343 648
309 693 648
310 293 281
311 509 218
312 -14 468
313 325 648
314 215 434
315 667 640
316 652 578
317 334 554
318 276 -7
319 538 468
320 779 197
321 94 611
322 708 626
323 -7 389
324 206 740
325 472 422
326 263 428
327 411 422
328 392 811
329 735 347
330 723 98
331 648 648
332 582 98
333 715 56
334 524 202
335 393 422
336 74 636
337 161 31
338 584 355
339 521 608
340 525 174
341 516 402
342 289 753
343 12 389
344 648 350
345 293 431
346 515 668
347 293 258
348 286 198
349 -14 514
350 57 389
351 791 343
352 535 514
353 438 46
354 582 67
355 355 498
356 99 649
357 319 13
358 -14 540
359 109 575
360 671 640
361 554 387
362 419 763
363 288 253
364 749 385
365 34 701
366 661 512
367 596 56
368 563 197
369 661 355
370 132 826
371 403 514
372 671 589
373 719 178
374 41 575
375 766 581
376 404 751
377 245 204
378 41 678
379 374 410
380 377 422
381 509 341
382 579 491
383 425 439
384 476 597
385 124 468
386 438 168
387 85 48
388 632 578
389 739 496
390 695 385
391 402 245
392 205 181
393 527 44
394 415 168
395 274 -7
396 -7 575
397 395 130
398 791 477
399 392 831
400 682 687
401 791 288
402 735 343
403 404 648
404 62 595
405 784 398
406 791 443
407 360 485
408 524 214
409 661 56
410 765 581
411 355 547
412 405 513
413 719 350
414 47 799
415 676 539
416 419 562
417 582 155
418 192 649
419 633 310
420 398 485
421 4 389
422 476 608
423 533 44
424 411 521
425 446 178
426 403 554
427 45 55
428 411 473
429 347 230
430 360 222
431 433 492
432 603 350
433 457 178
434 671 601
435 469 422
436 76 809
437 514 388
438 223 609
439 179 31
440 556 340
441 -14 504
442 356 207
443 127 464
444 385 836
445 377 410
446 177 -7
447 485 439
448 501 178
449 445 763
450 507 218
451 448 608
452 116 468
453 127 399
454 541 608
455 624 310
456 780 626
457 101 271
458 227 521
459 755 99
460 749 178
461 729 99
462 792 606
463 516 412
464 351 836
465 485 460
466 656 355
467 283 428
468 582 149
469 207 555
470 -14 550
471 345 648
472 377 419
473 381 218
474 515 676
475 504 489
476 92 447
477 682 638
478 760 626
479 719 66
480 390 38
481 791 337
482 438 44
483 127 430
484 107 575
485 334 484
486 499 763
487 -14 538
488 394 751
489 68 57
490 579 563
491 791 335
492 245 753
493 62 580
494 34 699
495 390 485
496 766 397
497 -7 381
498 58 468
499 36 595
500 563 199
501 277 258
502 214 271
503 50 7
504 441 218
505 344 419
506 161 8
507 199 31
508 791 410
509 319 -2
510 45 84
511 476 569
512 555 51
513 392 751
514 101 355
515 62 678
516 766 486
517 485 479
518 334 453
519 579 493
520 48 355
521 318 631
522 101 333
523 438 174
524 555 64
525 559 363
526 205 179
527 450 578
528 -14 533
529 791 205
530 419 635
531 380 38
532 264 281
533 156 799
534 210 -7
535 448 532
536 582 203
537 419 577
538 405 483
539 541 620
540 626 294
541 333 434
542 791 437
543 132 803
544 524 208
545 227 541
546 433 489
547 192 90
548 202 775
549 516 438
550 375 410
551 295 753
552 392 764
553 333 448
554 336 428
555 395 167
556 395 94
557 682 650
558 351 772
559 535 520
560 355 638
561 514 608
562 403 556
563 351 761
564 223 564
565 735 350
566 691 385
567 210 555
568 562 340
569 791 434
570 206 651
571 766 385
572 214 281
573 80 389
574 411 475
575 55 799
576 79 692
577 68 68
578 432 168
579 223 581
580 405 520
581 166 611
582 554 344
583 664 535
584 355 560
585 360 230
586 223 611
587 700 524
588 455 520
589 45 96
590 480 220
591 791 229
592 541 647
593 731 626
594 491 489
595 526 390
596 101 345
597 76 799
598 48 468
599 402 255
600 619 56
601 412 218
602 94 615
603 673 385
604 582 197
605 682 671
606 554 388
607 203 555
608 443 763
609 395 136
610 739 343
611 94 649
612 791 459
613 315 198
614 199 -7
615 -7 378
616 50 48
617 403 495
618 755 101
619 455 178
620 156 801
621 773 539
622 498 520
623 415 99
624 486 218
625 480 253
626 723 350
627 719 56
628 695 496
629 155 271
630 731 178
631 183 649
632 536 388
633 701 385
634 367 198
635 579 486
636 418 66
637 532 520
638 476 602
639 311 198
640 719 197
641 68 595
642 94 622
643 45 132
644 351 751
645 627 355
646 99 659
647 448 543
648 419 602
649 85 7
650 351 757
651 721 626
652 232 -7
653 448 565
654 38 678
655 623 350
656 310 431
657 202 748
658 355 574
659 450 567
660 474 255
661 62 575
662 554 340
663 480 234
664 -14 488
665 783 581
666 720 581
667 386 178
668 124 464
669 92 432
670 752 99
671 74 678
672 333 453
673 334 568
674 582 190
675 355 511
676 318 607
677 791 207
678 579 570
679 483 218
680 509 421
681 624 294
682 392 803
683 192 128
684 575 200
685 448 534
686 411 430
687 518 390
688 574 355
689 347 207
690 661 533
691 648 640
692 127 389
693 218 611
694 227 543
695 201 817
696 344 428
697 156 813
698 222 153
699 404 635
700 543 220
701 156 575
702 40 355
703 766 495
704 202 753
705 257 204
706 33 666
707 579 468
708 383 218
709 161 271
710 541 652
711 190 817
712 582 56
713 231 753
714 212 549
715 334 648
716 33 607
717 682 648
718 480 763
719 415 157
720 206 743
721 403 558
722 113 575
723 68 55
724 723 99
725 415 94
726 206 649
727 766 391
728 223 171
729 771 482
730 666 56
731 545 174
732 365 198
733 485 463
734 554 352
735 316 -7
736 541 645
737 41 576
738 76 692
739 14 575
740 60 48
741 791 340
742 334 556
743 336 751
744 458 218
745 439 44
746 331 751
747 146 575
748 375 205
749 415 160
750 483 174
751 541 636
752 334 607
753 448 538
754 766 398
755 -7 376
756 499 218
757 732 99
758 404 640
759 480 255
760 328 198
761 496 178
762 754 343
763 755 159
764 694 56
765 156 555
766 516 422
767 791 252
768 76 826
769 183 651
770 428 218
771 292 434
772 277 253
773 212 555
774 535 489
775 355 648
776 286 200
777 412 635
778 555 79
779 41 595
780 701 496
781 459 422
782 568 350
783 206 753
784 512 608
785 85 27
786 223 548
787 559 340
788 62 55
789 515 735
790 711 350
791 -4 468
792 514 44
793 74 609
794 223 153
795 216 204
796 514 376
797 562 350
798 286 434
799 38 389
800 351 198
801 673 355
802 671 690
803 751 99
804 792 591
805 671 593
806 559 390
807 76 817
808 33 647
809 13 575
810 492 489
811 45 106
812 516 459
813 33 610
814 598 578
815 555 68
816 334 574
817 528 489
818 99 692
819 473 44
820 737 626
821 483 220
822 640 355
823 47 389
824 192 130
825 579 578
826 156 817
827 127 391
828 403 529
829 524 204
830 735 496
831 403 485
832 33 678
833 392 422
834 192 94
835 555 44
836 395 102
837 41 699
838 438 763
839 68 132
840 714 524
841 559 380
842 579 543
843 402 230
844 740 524
845 582 183
846 450 601
847 764 524
848 415 159
849 418 38
850 151 799
851 392 812
852 192 153
853 101 294
854 710 640
855 671 666
856 644 578
857 779 626
858 673 381
859 404 763
860 684 648
861 479 422
862 321 631
863 682 589
864 664 539
865 405 444
866 619 578
867 424 255
868 17 575
869 733 385
870 665 640
871 403 621
872 405 422
873 116 389
874 712 539
875 286 199
876 392 836
877 192 97
878 319 38
879 101 325
880 298 753
881 559 355
882 327 38
883 551 390
884 368 477
885 92 468
886 582 90
887 355 625
888 308 753
889 277 281
890 390 484
891 411 468
892 34 799
893 321 753
894 448 562
895 101 275
896 561 468
897 535 174
898 355 573
899 223 596
900 511 341
901 792 586
902 671 618
903 516 416
