1604
0 2269 903
1 589 163
2 832 2201
3 351 304
4 480 370
5 24 1103
6 95 1935
7 1739 666
8 1017 1339
9 1759 1913
10 24 1289
11 337 40
12 212 1017
13 942 2047
14 -66 508
15 919 1902
16 139 2004
17 1844 1401
18 1162 1028
19 1695 1972
20 120 1098
21 548 711
22 1909 602
23 1085 1363
24 151 1464
25 1220 427
26 115 1519
27 1477 1204
28 890 1041
29 472 1505
30 126 804
31 70 81
32 1457 1477
33 404 1804
34 221 2130
35 1162 1182
36 1144 942
37 843 1092
38 1562 1346
39 714 149
40 918 2087
41 1477 1213
42 1373 18
43 62 1546
44 1118 1299
45 427 2056
46 88 81
47 1463 1820
48 689 2218
49 1289 976
50 102 1464
51 67 752
52 2140 903
53 1842 534
54 427 1993
55 1617 1972
56 126 854
57 468 1728
58 24 1195
59 227 1083
60 529 178
61 163 -71
62 509 1480
63 1419 1983
64 1863 210
65 427 1824
66 859 1041
67 1445 896
68 609 875
69 2157 397
70 2289 903
71 764 891
72 427 1998
73 1446 977
74 340 1540
75 2040 1205
76 843 1360
77 152 136
78 351 232
79 1043 1339
80 1407 746
81 439 636
82 24 1435
83 72 349
84 114 661
85 1024 150
86 1455 874
87 404 1771
88 80 993
89 1058 653
90 227 1065
91 619 1530
92 1397 941
93 1916 146
94 729 1862
95 1419 1850
96 1989 890
97 528 686
98 946 149
99 1427 235
100 1759 1962
101 114 857
102 2176 903
103 843 1358
104 404 1778
105 1145 376
106 24 1402
107 445 640
108 1251 721
109 1308 1509
110 1755 666
111 598 856
112 1795 1815
113 1663 598
114 62 1630
115 232 113
116 101 1435
117 634 1789
118 1088 1041
119 1673 1227
120 1085 1410
121 337 112
122 427 1804
123 304 306
124 1511 1448
125 780 1497
126 1042 1339
127 67 725
128 832 2217
129 2059 294
130 221 2064
131 671 445
132 693 149
133 459 854
134 149 136
135 95 1996
136 850 918
137 579 163
138 337 105
139 843 1047
140 -66 447
141 231 136
142 2289 932
143 1403 1518
144 126 892
145 1457 1182
146 960 1069
147 72 273
148 571 1833
149 461 886
150 1377 721
151 1673 1052
152 684 159
153 67 797
154 1467 29
155 1477 1286
156 734 1866
157 1896 146
158 1680 1972
159 1557 1298
160 641 163
161 1437 1833
162 461 879
163 1989 839
164 619 1635
165 70 120
166 970 1152
167 671 424
168 673 2170
169 265 113
170 583 561
171 1140 942
172 1104 2001
173 944 1069
174 750 267
175 899 1497
176 843 1163
177 1035 670
178 2005 704
179 480 366
180 299 636
181 142 2043
182 126 657
183 1023 1497
184 1647 236
185 155 1527
186 233 590
187 806 267
188 342 2130
189 1544 1426
190 1280 170
191 623 1647
192 1145 407
193 1220 522
194 670 1647
195 1088 1197
196 71 455
197 1457 1496
198 62 1636
199 1538 1496
200 568 639
201 476 639
202 560 196
203 1701 236
204 107 273
205 1372 1521
206 534 1432
207 493 323
208 756 383
209 1844 1396
210 1491 1339
211 322 1657
212 2005 722
213 221 2118
214 1167 1467
215 1685 1302
216 459 864
217 1457 1314
218 2130 397
219 115 1596
220 337 71
221 108 1465
222 1929 208
223 524 1494
224 1251 630
225 816 1367
226 1266 774
227 269 1527
228 2289 1033
229 2090 903
230 114 945
231 115 1541
232 1851 606
233 126 979
234 1233 241
235 860 2136
236 1587 1705
237 1293 1550
238 1083 150
239 970 1086
240 201 2043
241 1643 1224
242 169 -74
243 1389 1521
244 204 1527
245 522 317
246 660 163
247 1261 721
248 468 1715
249 1045 1339
250 1145 346
251 630 1833
252 225 136
253 24 1304
254 1220 403
255 1670 1695
256 1544 1461
257 1275 1509
258 48 237
259 634 1817
260 485 323
261 1851 647
262 1519 1675
263 126 703
264 509 1486
265 115 1643
266 1643 1293
267 1641 1224
268 2254 903
269 1903 647
270 1277 1528
271 747 149
272 67 755
273 1711 666
274 115 1532
275 1120 1299
276 2005 767
277 1327 18
278 1135 528
279 1673 1198
280 1969 839
281 764 918
282 792 875
283 188 1017
284 1759 1959
285 1328 98
286 619 1568
287 1406 721
288 101 2004
289 1744 666
290 472 1527
291 1356 29
292 1875 276
293 484 1833
294 1496 29
295 634 1761
296 696 891
297 1759 1861
298 1999 703
299 71 1465
300 115 1657
301 502 1576
302 95 1842
303 601 486
304 74 661
305 229 1527
306 908 2132
307 195 1657
308 -66 532
309 1844 1570
310 798 267
311 1519 1702
312 1100 580
313 859 875
314 900 2136
315 1144 971
316 664 875
317 337 -17
318 608 1447
319 151 1492
320 445 759
321 1918 703
322 62 1477
323 126 1017
324 718 267
325 167 405
326 1162 1067
327 1647 1250
328 942 2087
329 1457 1305
330 404 1779
331 839 1367
332 832 2170
333 1852 1666
334 1328 184
335 442 1747
336 1220 510
337 425 1747
338 126 992
339 782 149
340 1334 29
341 163 1083
342 1862 146
343 820 383
344 35 1098
345 628 1950
346 1474 972
347 502 1597
348 512 317
349 2289 977
350 859 918
351 1852 1689
352 832 2218
353 970 1172
354 480 323
355 1439 896
356 -43 237
357 673 2134
358 1844 1599
359 1162 1299
360 480 306
361 246 590
362 1088 1129
363 1491 1448
364 62 1534
365 335 1540
366 505 1833
367 1100 537
368 -37 556
369 640 2002
370 1714 585
371 174 136
372 87 1465
373 1397 896
374 1673 1268
375 1844 1425
376 22 447
377 67 706
378 1100 528
379 1085 1339
380 199 306
381 935 1497
382 734 1867
383 1622 1224
384 1647 1065
385 1590 1972
386 142 2033
387 70 136
388 1457 1342
389 1338 1521
390 241 113
391 114 906
392 1506 1972
393 1655 1346
394 571 1517
395 1842 583
396 2116 1141
397 601 469
398 2036 1348
399 2233 903
400 2094 1141
401 1126 1467
402 647 886
403 1628 236
404 1704 666
405 598 661
406 1338 1528
407 126 737
408 2107 1141
409 82 273
410 -5 237
411 1117 1410
412 1348 29
413 1114 184
414 970 1203
415 617 875
416 851 345
417 2192 1141
418 524 1456
419 126 665
420 -66 556
421 1844 1562
422 1474 947
423 210 1017
424 1979 806
425 102 1435
426 107 272
427 163 2
428 258 306
429 1145 415
430 502 1690
431 71 447
432 24 1098
433 851 350
434 221 2117
435 640 2064
436 2289 1047
437 2110 294
438 335 1657
439 1626 1224
440 573 492
441 757 383
442 67 848
443 1780 763
444 114 716
445 351 306
446 683 875
447 1556 1695
448 67 993
449 1537 1339
450 1854 703
451 756 424
452 1643 1234
453 1995 806
454 1848 1396
455 513 1474
456 1463 1790
457 874 149
458 167 450
459 1677 1302
460 2036 1368
461 1088 1203
462 2040 1179
463 1145 231
464 351 246
465 1544 1361
466 142 2004
467 1391 976
468 1291 2001
469 82 354
470 427 1855
471 183 590
472 1416 29
473 114 937
474 501 492
475 794 1367
476 918 1041
477 104 1098
478 67 661
479 472 1507
480 1446 930
481 62 1537
482 1085 670
483 1506 1800
484 624 1647
485 1407 761
486 1407 820
487 231 636
488 163 81
489 606 1432
490 843 1094
491 2004 397
492 863 1041
493 1529 1339
494 114 819
495 1328 117
496 62 1465
497 67 666
498 1145 241
499 548 759
500 908 2111
501 1485 18
502 2164 294
503 1397 976
504 1673 1297
505 509 1485
506 2289 1075
507 24 1423
508 67 754
509 232 136
510 480 417
511 61 273
512 126 852
513 1327 29
514 580 323
515 1759 1887
516 1140 880
517 598 730
518 1463 1815
519 1559 1705
520 1321 2001
521 1145 468
522 346 1540
523 1896 210
524 126 972
525 2058 903
526 1261 774
527 1455 879
528 404 1774
529 227 1058
530 820 355
531 843 1315
532 177 2043
533 1140 1006
534 -48 273
535 1844 1463
536 67 736
537 127 81
538 1909 483
539 95 2003
540 1280 76
541 1100 581
542 1140 838
543 635 886
544 1776 236
545 1340 29
546 1233 189
547 1095 1950
548 2005 1396
549 67 803
550 851 278
551 1277 1550
552 1540 1675
553 521 686
554 1512 236
555 24 1404
556 544 1517
557 1156 1467
558 1117 1451
559 1419 1845
560 1457 1274
561 62 1485
562 2013 294
563 556 886
564 404 1787
565 1095 1902
566 1083 1467
567 82 307
568 1114 2001
569 347 189
570 1590 598
571 559 1950
572 1377 18
573 280 1527
574 1126 1436
575 1477 1298
576 851 292
577 640 2087
578 601 620
579 340 189
580 1280 81
581 560 178
582 1958 839
583 167 306
584 480 492
585 558 1517
586 2199 903
587 703 2218
588 843 1254
589 484 1894
590 1451 977
591 114 921
592 921 149
593 484 1950
594 1501 18
595 72 354
596 257 1527
597 167 550
598 1085 1338
599 942 2015
600 1622 1225
601 942 149
602 447 601
603 466 639
604 427 2130
605 167 590
606 1330 1509
607 335 1557
608 515 1833
609 843 1172
610 1035 667
611 114 681
612 167 433
613 1167 1454
614 942 1911
615 348 1540
616 1912 210
617 1844 703
618 942 2022
619 1083 1479
620 589 1950
621 1474 977
622 249 1527
623 598 770
624 427 2043
625 10 273
626 548 686
627 310 228
628 2005 703
629 168 136
630 24 1260
631 601 584
632 1407 874
633 1673 1262
634 1586 236
635 1604 585
636 114 898
637 1622 1243
638 1183 976
639 598 773
640 1435 1833
641 944 1062
642 1100 574
643 437 306
644 1220 441
645 1095 2001
646 335 1651
647 1852 1612
648 286 306
649 517 196
650 -51 556
651 1419 1860
652 1261 740
653 1661 585
654 598 676
655 513 1480
656 969 1355
657 185 136
658 1766 666
659 337 69
660 1670 1704
661 1427 189
662 200 -74
663 619 1601
664 1261 733
665 2036 1362
666 70 90
667 1145 528
668 1453 236
669 1167 1410
670 227 1024
671 1100 556
672 2176 397
673 469 1527
674 1023 1526
675 380 306
676 1161 1467
677 502 1658
678 1419 1906
679 1373 29
680 283 113
681 583 639
682 1601 1972
683 149 1657
684 1083 1528
685 1852 1815
686 1544 1675
687 1300 2001
688 126 984
689 163 56
690 843 1233
691 92 1435
692 62 1542
693 1140 728
694 82 160
695 1647 1224
696 2033 397
697 1946 703
698 551 1456
699 115 1645
700 908 1911
701 706 261
702 1544 1470
703 1647 1233
704 580 317
705 -19 237
706 1780 728
707 348 1527
708 643 1761
709 745 267
710 484 1836
711 163 -70
712 908 1902
713 557 317
714 999 1355
715 102 81
716 1326 976
717 114 665
718 167 527
719 634 1833
720 654 1761
721 1233 364
722 630 875
723 114 744
724 -66 531
725 351 213
726 24 1205
727 851 267
728 484 1835
729 1938 1396
730 1593 585
731 858 1016
732 1319 1550
733 673 2105
734 1759 1863
735 1673 1237
736 1419 1961
737 100 237
738 1145 476
739 1844 1456
740 1369 976
741 601 484
742 335 1570
743 770 875
744 1913 428
745 62 1619
746 2128 294
747 1162 1201
748 619 1535
749 227 1066
750 486 639
751 820 363
752 1140 839
753 1087 653
754 780 1367
755 729 1867
756 1599 1705
757 1844 1471
758 705 891
759 1427 236
760 109 2004
761 1643 236
762 1477 1182
763 780 1461
764 484 1866
765 54 556
766 1506 1790
767 1455 892
768 24 1155
769 1537 1385
770 1519 1705
771 183 1017
772 2170 1141
773 608 1456
774 1419 1844
775 439 591
776 1095 1942
777 1062 1203
778 596 1432
779 443 306
780 780 1452
781 2040 1229
782 1844 1586
783 480 317
784 813 149
785 1989 898
786 619 1517
787 598 628
788 513 1432
789 190 -74
790 1647 1052
791 1909 647
792 1100 653
793 2289 928
794 72 160
795 1647 1266
796 484 1912
797 142 2018
798 536 1833
799 1023 150
800 1140 860
801 1647 1061
802 1162 1139
803 843 1016
804 114 692
805 684 163
806 114 833
807 480 348
808 412 2130
809 1926 703
810 601 628
811 67 934
812 1848 1815
813 1338 1543
814 395 306
815 734 1862
816 970 1151
817 445 680
818 963 1069
819 427 1919
820 1162 1146
821 619 1647
822 780 1482
823 1422 1833
824 335 1551
825 126 795
826 1780 666
827 468 1527
828 1532 1448
829 1085 1337
830 1338 1550
831 1892 210
832 832 2136
833 534 879
834 1673 1251
835 608 1517
836 95 1777
837 502 1540
838 1457 1253
839 1647 1176
840 1261 760
841 1377 751
842 735 891
843 1403 1521
844 1663 631
845 1167 1449
846 299 632
847 1166 1410
848 1506 1872
849 607 445
850 1474 959
851 647 891
852 1477 1292
853 1463 1833
854 1407 721
855 1377 774
856 2005 806
857 1970 703
858 -9 237
859 1117 1415
860 126 773
861 1140 1028
862 1233 283
863 1480 1496
864 1846 1815
865 835 918
866 673 2160
867 1534 1705
868 1085 1355
869 -66 555
870 721 149
871 1844 1565
872 1537 1351
873 644 445
874 664 2087
875 447 590
876 341 189
877 1377 761
878 1673 1076
879 851 347
880 843 1298
881 459 876
882 517 178
883 1457 1215
884 1969 703
885 1667 1052
886 692 424
887 1852 1613
888 846 267
889 1261 739
890 126 823
891 1663 610
892 787 383
893 1145 324
894 1403 18
895 991 1902
896 2176 294
897 151 2043
898 82 180
899 601 445
900 1670 1705
901 1663 666
902 427 2017
903 468 1704
904 673 2218
905 1446 950
906 1909 428
907 457 1747
908 1140 1041
909 258 113
910 1851 495
911 471 759
912 1419 1943
913 1012 150
914 -66 480
915 1036 1902
916 134 636
917 163 50
918 226 1657
919 1145 431
920 1551 1298
921 775 875
922 1550 1972
923 2155 294
924 343 1540
925 1469 947
926 1006 1203
927 128 2004
928 1673 1071
929 583 638
930 677 1647
931 1759 1890
932 1506 1807
933 310 193
934 813 267
935 891 2136
936 1270 2001
937 843 1091
938 502 1650
939 997 1339
940 1851 616
941 293 -74
942 1220 617
943 67 663
944 1251 617
945 1487 29
946 404 1747
947 223 1657
948 841 1497
949 1481 236
950 1140 729
951 558 1950
952 1643 1289
953 240 -74
954 1009 1497
955 1254 721
956 439 621
957 560 1432
958 1220 414
959 598 825
960 1851 609
961 1427 211
962 678 875
963 843 1225
964 915 1041
965 221 2102
966 895 1497
967 1594 1972
968 1463 29
969 870 1041
970 1463 1816
971 369 2130
972 484 1540
973 1333 29
974 1674 1972
975 780 1417
976 72 237
977 1162 1164
978 2289 1113
979 673 2087
980 843 1324
981 227 1017
982 1851 526
983 1958 806
984 1220 567
985 1851 639
986 1280 158
987 126 1010
988 1233 210
989 780 1408
990 908 2136
991 296 306
992 95 2004
993 1095 1917
994 1204 2001
995 673 2104
996 780 1369
997 2289 1059
998 1653 1695
999 1929 146
1000 427 1962
1001 62 1473
1002 599 261
1003 2036 1302
1004 1759 1961
1005 1284 2001
1006 77 1777
1007 1494 18
1008 912 1902
1009 351 262
1010 1685 1346
1011 1673 1245
1012 2243 903
1013 523 879
1014 1852 1670
1015 1407 810
1016 1220 498
1017 174 1657
1018 1765 666
1019 390 2130
1020 1267 976
1021 902 149
1022 970 1091
1023 756 411
1024 82 237
1025 2289 989
1026 439 590
1027 1622 1298
1028 151 1518
1029 502 1704
1030 62 1523
1031 2036 1380
1032 126 999
1033 1468 1496
1034 3 556
1035 671 432
1036 2143 397
1037 351 195
1038 320 189
1039 894 2136
1040 1371 29
1041 513 1439
1042 459 802
1043 1474 971
1044 598 740
1045 68 1465
1046 427 1937
1047 601 510
1048 1646 1695
1049 572 886
1050 1952 428
1051 114 698
1052 24 1123
1053 273 113
1054 556 879
1055 24 1170
1056 1128 1410
1057 1079 150
1058 859 883
1059 1088 1132
1060 1909 542
1061 509 1505
1062 668 1761
1063 445 686
1064 107 237
1065 1117 1467
1066 1983 839
1067 958 1902
1068 114 1464
1069 1220 495
1070 95 1811
1071 484 1937
1072 785 918
1073 832 2212
1074 167 445
1075 212 2043
1076 1846 1396
1077 123 1083
1078 673 2156
1079 1727 585
1080 1032 150
1081 1699 1972
1082 1457 1281
1083 1464 236
1084 734 1863
1085 1436 18
1086 115 1631
1087 1140 971
1088 1800 703
1089 1145 384
1090 704 261
1091 1759 1819
1092 533 1456
1093 229 -74
1094 540 492
1095 1444 874
1096 1051 1902
1097 214 -74
1098 1304 2001
1099 1792 583
1100 104 2004
1101 1439 236
1102 1909 294
1103 1106 670
1104 114 993
1105 1220 512
1106 1477 1257
1107 114 880
1108 115 1465
1109 473 759
1110 482 639
1111 1338 1532
1112 237 113
1113 1126 184
1114 1455 905
1115 780 1386
1116 1740 585
1117 1220 527
1118 2172 1141
1119 944 1057
1120 1376 976
1121 62 1633
1122 750 2218
1123 673 2167
1124 224 306
1125 459 886
1126 634 261
1127 1673 1260
1128 1455 918
1129 833 355
1130 251 1657
1131 1447 18
1132 1983 428
1133 1419 1857
1134 114 787
1135 1073 150
1136 176 590
1137 486 879
1138 126 781
1139 1780 752
1140 687 149
1141 300 1657
1142 56 237
1143 844 267
1144 24 1280
1145 560 248
1146 67 901
1147 601 599
1148 583 547
1149 1852 251
1150 517 194
1151 1328 76
1152 666 1647
1153 1347 1509
1154 67 675
1155 1134 528
1156 161 1527
1157 851 355
1158 1593 1346
1159 1100 567
1160 793 875
1161 1544 1695
1162 310 306
1163 447 639
1164 126 940
1165 1175 976
1166 109 1464
1167 167 454
1168 1663 645
1169 92 237
1170 970 1184
1171 1457 1486
1172 801 1367
1173 1890 210
1174 1506 1909
1175 1673 1206
1176 2043 397
1177 1862 276
1178 1941 294
1179 2040 1141
1180 71 136
1181 1251 645
1182 115 1545
1183 1455 941
1184 598 812
1185 2289 926
1186 107 259
1187 1275 1515
1188 118 1098
1189 1226 617
1190 1841 583
1191 114 706
1192 299 604
1193 179 1017
1194 1140 870
1195 553 196
1196 833 875
1197 1865 647
1198 1407 765
1199 2176 309
1200 608 1432
1201 212 636
1202 2036 1331
1203 1759 1972
1204 301 1527
1205 67 662
1206 2005 745
1207 513 1440
1208 180 590
1209 1140 730
1210 1972 1396
1211 62 1687
1212 1455 947
1213 1622 1276
1214 1792 1815
1215 1264 774
1216 637 886
1217 316 1657
1218 1544 1346
1219 748 891
1220 1673 1302
1221 888 1497
1222 115 1647
1223 445 802
1224 1376 29
1225 2069 397
1226 2004 407
1227 502 1613
1228 988 149
1229 677 1672
1230 2040 1203
1231 1719 585
1232 792 267
1233 459 825
1234 1220 382
1235 1544 1496
1236 1145 473
1237 1590 585
1238 1759 1955
1239 1854 210
1240 1656 1695
1241 1275 1527
1242 524 1517
1243 843 1367
1244 673 2111
1245 2122 1141
1246 704 2218
1247 593 1456
1248 944 1041
1249 569 1456
1250 822 1497
1251 1852 1663
1252 920 2087
1253 2037 1302
1254 1094 1410
1255 468 1747
1256 989 1497
1257 1233 347
1258 743 149
1259 942 1983
1260 598 632
1261 1280 79
1262 583 492
1263 908 2087
1264 553 1833
1265 272 1527
1266 632 163
1267 1220 364
1268 1955 294
1269 468 1540
1270 1251 687
1271 2004 428
1272 542 1833
1273 115 1495
1274 126 844
1275 163 -62
1276 1085 1299
1277 1162 976
1278 351 270
1279 1989 903
1280 67 949
1281 634 1791
1282 126 735
1283 200 636
1284 473 1704
1285 1852 1694
1286 1457 1279
1287 1989 878
1288 525 317
1289 1906 146
1290 72 187
1291 351 189
1292 712 875
1293 677 1708
1294 812 267
1295 2232 1141
1296 1363 774
1297 337 -35
1298 1443 1833
1299 1162 1142
1300 1095 1929
1301 62 1531
1302 601 509
1303 1501 29
1304 114 836
1305 167 391
1306 1647 1276
1307 484 1914
1308 126 894
1309 2040 1238
1310 1233 334
1311 1302 1509
1312 1412 29
1313 1909 452
1314 843 1179
1315 1403 1509
1316 24 1131
1317 1167 1445
1318 1116 184
1319 631 445
1320 560 221
1321 793 1497
1322 1673 1272
1323 859 1016
1324 598 870
1325 1376 189
1326 1873 276
1327 1658 1695
1328 1506 1879
1329 1862 251
1330 246 604
1331 2176 348
1332 1892 647
1333 560 163
1334 335 1633
1335 1852 1698
1336 1909 293
1337 494 1704
1338 1035 668
1339 1457 1441
1340 114 881
1341 2040 1259
1342 1338 1533
1343 1145 288
1344 167 474
1345 1220 453
1346 545 1517
1347 638 886
1348 1780 746
1349 292 1657
1350 1673 1073
1351 851 340
1352 1145 184
1353 62 1777
1354 1869 647
1355 1083 1489
1356 1639 598
1357 1157 1410
1358 2289 1002
1359 677 1761
1360 787 267
1361 1912 703
1362 131 1017
1363 120 1083
1364 615 1517
1365 640 1970
1366 756 422
1367 445 772
1368 1764 585
1369 845 355
1370 167 379
1371 115 1594
1372 337 65
1373 1544 1438
1374 515 317
1375 1929 210
1376 2007 903
1377 1491 1342
1378 1456 18
1379 634 1806
1380 70 102
1381 2040 1169
1382 843 1212
1383 114 721
1384 -65 273
1385 548 735
1386 560 261
1387 601 607
1388 1140 896
1389 117 1098
1390 339 1527
1391 1280 189
1392 1714 236
1393 1162 1031
1394 480 409
1395 1114 150
1396 126 828
1397 642 163
1398 56 1435
1399 1273 774
1400 337 34
1401 2040 1142
1402 1800 763
1403 979 1203
1404 604 1456
1405 274 113
1406 1090 653
1407 1477 1205
1408 894 1497
1409 1844 1612
1410 351 242
1411 1162 1169
1412 830 149
1413 62 1538
1414 1140 871
1415 287 -74
1416 1023 1528
1417 373 306
1418 1614 598
1419 843 1093
1420 598 804
1421 72 295
1422 71 273
1423 480 407
1424 640 1950
1425 727 267
1426 1083 1522
1427 598 716
1428 1136 1410
1429 546 1432
1430 598 831
1431 1909 276
1432 1842 495
1433 1275 1528
1434 115 1530
1435 1537 1425
1436 68 237
1437 1780 732
1438 1566 1695
1439 2005 753
1440 227 1080
1441 1280 123
1442 163 -74
1443 71 556
1444 970 1069
1445 1085 1407
1446 1770 236
1447 1776 251
1448 1618 1298
1449 1280 153
1450 52 447
1451 988 150
1452 517 1432
1453 1856 210
1454 -33 556
1455 114 806
1456 1220 601
1457 1994 294
1458 71 549
1459 1673 1233
1460 632 261
1461 1649 1076
1462 1851 625
1463 1638 236
1464 1186 976
1465 1701 666
1466 1538 236
1467 942 1973
1468 1313 774
1469 2176 355
1470 1409 2001
1471 609 870
1472 97 1098
1473 286 2130
1474 1851 630
1475 718 261
1476 1645 1972
1477 2227 1141
1478 1100 577
1479 2289 1097
1480 1909 513
1481 71 539
1482 2289 986
1483 126 915
1484 1378 1521
1485 95 1830
1486 2183 1141
1487 601 498
1488 677 1745
1489 1487 1441
1490 1966 428
1491 1402 1509
1492 95 1988
1493 1277 1546
1494 310 189
1495 1673 1220
1496 1491 1441
1497 1508 1972
1498 337 113
1499 1419 1833
1500 1328 189
1501 727 149
1502 2040 1302
1503 445 636
1504 1117 670
1505 1909 610
1506 1140 670
1507 -65 237
1508 959 1497
1509 640 2084
1510 1419 2001
1511 614 445
1512 502 1590
1513 1776 585
1514 1851 556
1515 1997 806
1516 151 1505
1517 1854 207
1518 1403 1519
1519 167 390
1520 1931 703
1521 1980 1396
1522 1759 1815
1523 1457 1294
1524 24 1172
1525 1221 617
1526 936 149
1527 1457 1256
1528 2036 1396
1529 182 590
1530 1749 585
1531 1457 1462
1532 573 1432
1533 62 1650
1534 1288 1550
1535 1643 1279
1536 1329 29
1537 67 939
1538 211 590
1539 2289 1141
1540 236 113
1541 780 1398
1542 1776 583
1543 1495 1298
1544 282 306
1545 13 556
1546 969 1339
1547 1140 1410
1548 151 1527
1549 1537 1448
1550 335 1544
1551 970 1155
1552 754 267
1553 167 546
1554 684 149
1555 1647 1293
1556 1126 1410
1557 337 -74
1558 1477 1280
1559 851 310
1560 1461 236
1561 1980 806
1562 221 2043
1563 1647 1076
1564 82 207
1565 1398 189
1566 1145 399
1567 1328 89
1568 95 1795
1569 1456 947
1570 187 136
1571 1446 905
1572 187 306
1573 1299 76
1574 1673 1176
1575 851 319
1576 487 492
1577 535 759
1578 1397 925
1579 2093 294
1580 1117 1412
1581 163 27
1582 1446 896
1583 1385 18
1584 1646 1346
1585 673 2165
1586 163 -17
1587 195 -74
1588 1643 1695
1589 211 2043
1590 1219 2001
1591 1854 146
1592 1035 653
1593 846 875
1594 520 686
1595 221 2119
1596 1167 1464
1597 1162 1006
1598 942 2036
1599 969 1350
1600 1795 763
1601 517 191
1602 126 636
1603 1897 146
