2961
0 2962 1635
1 3022 869
2 1382 1674
3 290 3211
4 1516 818
5 1832 894
6 3923 3001
7 1828 2745
8 4516 3897
9 1716 1134
10 3285 2355
11 4445 3154
12 1277 2728
13 1735 3416
14 2058 687
15 3450 2405
16 2269 2041
17 1520 818
18 272 359
19 3361 2836
20 494 3211
21 1583 699
22 2574 2204
23 2424 82
24 3832 1327
25 2469 206
26 2435 393
27 3713 3526
28 3981 2270
29 1713 4622
30 2483 3691
31 2305 2273
32 1978 687
33 3863 2270
34 222 1289
35 1947 2649
36 3267 2836
37 3751 455
38 2962 2929
39 3273 2610
40 3022 1385
41 813 1727
42 2804 2961
43 4383 287
44 681 3974
45 4560 4268
46 -16 3217
47 1061 3967
48 3510 2168
49 1565 1289
50 1735 3302
51 1549 3151
52 2435 97
53 2038 687
54 1929 2845
55 3751 549
56 4927 3565
57 317 887
58 3185 1654
59 4021 3992
60 3602 330
61 1034 3967
62 2901 212
63 1655 3109
64 1600 3151
65 3625 4585
66 3401 4361
67 603 4580
68 1703 4752
69 2145 3260
70 3485 2307
71 819 2304
72 159 3540
73 3630 3977
74 394 3734
75 29 3067
76 2469 41
77 2111 2086
78 862 1036
79 681 3983
80 3065 511
81 4250 3968
82 318 322
83 2269 2048
84 3307 2836
85 1396 680
86 4662 1067
87 2755 775
88 2682 813
89 1513 1223
90 394 4040
91 1735 3617
92 435 944
93 309 763
94 4489 3190
95 934 2304
96 1510 478
97 4662 1006
98 3207 4409
99 791 4474
100 634 4813
101 1735 3510
102 2435 260
103 3234 1277
104 1629 519
105 4339 2419
106 2348 2118
107 951 1858
108 2343 2643
109 3007 598
110 948 3699
111 3352 2540
112 820 2344
113 1669 1687
114 4539 604
115 2154 3260
116 4435 1384
117 2644 858
118 3575 179
119 1895 687
120 529 3069
121 3867 1581
122 3404 2277
123 3397 2836
124 3466 1998
125 3909 2262
126 934 2363
127 2037 3692
128 222 1363
129 2044 519
130 1277 2822
131 3268 1382
132 3236 2277
133 1715 519
134 158 2973
135 4300 2227
136 4393 3927
137 1809 1717
138 2814 2961
139 2483 3823
140 4446 287
141 1831 2745
142 1735 3388
143 1123 4078
144 1793 1717
145 2600 2851
146 3795 3913
147 3749 4901
148 564 3395
149 3013 2256
150 3385 4326
151 1753 2745
152 1651 4837
153 3207 4510
154 616 1138
155 3242 1654
156 1667 4837
157 4604 932
158 2509 2509
159 377 1471
160 2155 3298
161 2103 1832
162 104 2826
163 346 322
164 1732 2925
165 634 4831
166 2348 2213
167 3207 4337
168 3589 2371
169 3401 4237
170 3933 4028
171 652 940
172 3723 4028
173 1461 2690
174 2579 1060
175 639 812
176 494 2933
177 1556 4837
178 2828 41
179 3905 2868
180 529 3055
181 1707 2416
182 4387 3001
183 2374 82
184 1801 687
185 2220 3692
186 2199 3656
187 603 4435
188 3640 4322
189 2867 2179
190 723 4992
191 2435 379
192 4608 604
193 3233 511
194 603 4637
195 594 23
196 4387 2346
197 3921 2270
198 2574 2267
199 3667 4322
200 3944 4669
201 493 2877
202 1852 4622
203 3723 4021
204 2528 4446
205 1396 215
206 2974 2458
207 3007 775
208 1607 1466
209 1947 2325
210 2509 2851
211 652 826
212 654 2180
213 2825 4246
214 3962 2435
215 3795 3268
216 55 3169
217 700 3533
218 680 3654
219 3971 2712
220 3015 3875
221 719 4155
222 1679 2745
223 4435 912
224 3309 602
225 696 4122
226 1510 0
227 101 920
228 3685 3956
229 2188 2961
230 3872 1533
231 680 3940
232 3044 2752
233 948 3671
234 1407 2877
235 3352 2504
236 4465 4415
237 2828 223
238 332 1444
239 49 3067
240 454 837
241 2834 4512
242 3711 3421
243 3944 4877
244 547 2752
245 4284 2442
246 3413 330
247 4804 3190
248 4662 1320
249 1632 1480
250 1442 228
251 1921 2594
252 1767 1717
253 4578 915
254 4353 4665
255 1824 3151
256 632 2631
257 134 576
258 2943 3094
259 3859 3222
260 2588 813
261 1568 2690
262 101 1119
263 2024 2273
264 2186 2086
265 4360 1824
266 3285 2307
267 547 2761
268 3685 3861
269 2561 809
270 3207 4309
271 2561 858
272 4446 596
273 1669 1644
274 3398 2467
275 2574 2220
276 3448 2307
277 4608 720
278 1574 -9
279 2458 260
280 1340 4078
281 101 795
282 652 848
283 3874 4901
284 2348 2479
285 2109 3112
286 2682 858
287 53 3067
288 3007 713
289 3390 2376
290 2320 444
291 2504 41
292 1353 2877
293 947 933
294 2199 3692
295 4465 4538
296 4163 3984
297 1703 4811
298 1413 2690
299 2962 2849
300 2429 444
301 3222 1303
302 3484 330
303 3232 2610
304 3207 4306
305 680 3786
306 245 1444
307 808 -25
308 3500 330
309 2278 3692
310 3575 205
311 843 1036
312 1551 1178
313 1607 1289
314 1510 132
315 652 847
316 4560 4203
317 3923 4028
318 2908 2961
319 984 3975
320 3022 775
321 2574 2086
322 2682 869
323 3905 2793
324 3884 2558
325 1743 1134
326 2735 4357
327 3268 1277
328 593 3976
329 694 2353
330 3667 4049
331 1575 4837
332 1789 2925
333 462 322
334 3491 2277
335 526 3211
336 1921 2613
337 3836 4028
338 1743 935
339 2296 2273
340 1424 4270
341 518 784
342 2983 4105
343 2317 492
344 2374 3815
345 719 4215
346 234 1444
347 2348 2279
348 4470 912
349 2834 4484
350 3027 869
351 3285 2334
352 3250 2256
353 4284 2478
354 1136 84
355 2750 775
356 1136 163
357 1279 4078
358 3732 4126
359 2574 2177
360 4662 1138
361 813 1778
362 442 523
363 3235 102
364 1412 3096
365 3751 252
366 2577 813
367 2079 3260
368 1878 2745
369 1214 4078
370 3518 3977
371 3352 2277
372 3554 2356
373 4590 1345
374 1816 -9
375 222 1298
376 1510 79
377 1383 215
378 158 2893
379 394 3784
380 3972 3913
381 3625 4673
382 1749 769
383 1841 769
384 616 1384
385 2890 212
386 746 3828
387 3832 1452
388 4435 1345
389 1159 215
390 3674 3321
391 616 1058
392 1651 519
393 2816 2803
394 454 768
395 1552 2690
396 2273 3656
397 1237 1727
398 4071 2270
399 2760 775
400 3314 2836
401 844 1858
402 455 949
403 1502 2752
404 1525 2944
405 3207 4257
406 3232 2393
407 640 3438
408 489 4040
409 3352 2331
410 2483 3716
411 3510 2277
412 1095 2308
413 4435 1698
414 3048 2823
415 1551 1097
416 222 1444
417 3309 553
418 2784 769
419 3227 1303
420 309 629
421 1742 3692
422 3795 3394
423 2964 102
424 2707 2851
425 1525 3096
426 3578 3321
427 684 -12
428 947 902
429 3917 2435
430 3625 4597
431 1964 519
432 580 3442
433 4350 2419
434 4344 287
435 2401 479
436 1716 2925
437 2790 41
438 2509 2690
439 296 1890
440 630 1336
441 2705 775
442 2857 4257
443 1972 2785
444 343 887
445 3625 4828
446 1551 1223
447 2804 2867
448 2647 769
449 694 2506
450 984 3946
451 1354 1727
452 3522 156
453 4662 1270
454 1947 2514
455 947 911
456 2706 2086
457 2241 4467
458 3180 2256
459 442 717
460 4175 2262
461 296 1897
462 1369 1742
463 2867 2166
464 1633 519
465 2201 1923
466 442 559
467 3795 3408
468 2267 82
469 2241 4622
470 1469 2690
471 535 2767
472 3618 3321
473 1548 4119
474 4389 3927
475 639 191
476 1424 4837
477 3872 1365
478 4364 1824
479 934 2406
480 3258 2376
481 3266 598
482 1583 722
483 1182 2558
484 2921 3092
485 309 576
486 1859 2925
487 4274 3001
488 1657 2534
489 788 4992
490 671 1036
491 4446 496
492 3259 2405
493 309 774
494 1749 519
495 308 1444
496 3214 1654
497 3751 366
498 4927 3639
499 1809 1722
500 746 3648
501 3510 2241
502 1159 163
503 2847 2086
504 1287 4078
505 3007 552
506 2063 3519
507 3187 2277
508 3496 2420
509 4185 3968
510 3821 3111
511 3182 2383
512 4284 2425
513 984 3967
514 3254 4034
515 789 1114
516 1843 804
517 2158 513
518 2628 2851
519 976 3918
520 700 3481
521 1525 2925
522 4445 3057
523 803 3983
524 3442 653
525 2483 3817
526 1666 1584
527 2372 3923
528 1729 -9
529 1026 1727
530 2348 2119
531 3435 3977
532 3915 2435
533 4163 2527
534 1606 -9
535 394 3540
536 1372 4078
537 1974 2785
538 1236 2673
539 2384 492
540 917 3918
541 3207 4512
542 461 322
543 4927 3346
544 529 3068
545 2579 1008
546 1669 1831
547 -4 3062
548 4219 2278
549 2256 1633
550 3522 224
551 437 3211
552 3285 2405
553 639 170
554 2311 2101
555 4897 3897
556 3215 862
557 1635 3233
558 3316 2836
559 1014 -47
560 2977 2383
561 3401 4235
562 4163 2500
563 4560 4242
564 2579 1054
565 1865 519
566 3744 4322
567 1669 1220
568 3083 869
569 3398 2524
570 3182 2393
571 1630 -9
572 2320 2273
573 599 949
574 1396 814
575 2199 2899
576 1996 2273
577 3038 2752
578 3725 4322
579 3493 3275
580 1175 215
581 2076 2083
582 2435 373
583 593 4034
584 1657 2925
585 1874 2845
586 640 3423
587 3751 490
588 1465 2901
589 447 2751
590 4522 604
591 3522 582
592 593 3923
593 4560 4233
594 2579 1063
595 1960 2731
596 907 1727
597 100 3067
598 3859 3202
599 3522 323
600 1657 2580
601 1530 1223
602 604 4122
603 2248 2288
604 101 887
605 1439 1674
606 3372 2376
607 2624 858
608 3447 330
609 4435 1510
610 3345 3977
611 442 768
612 680 3648
613 2901 290
614 2161 1923
615 878 1858
616 193 1122
617 832 1036
618 101 1007
619 2150 -9
620 948 3657
621 1901 519
622 719 4324
623 1724 1831
624 2213 444
625 2869 2823
626 3401 4102
627 1824 3233
628 3907 3001
629 101 880
630 3685 3526
631 1987 -9
632 1318 1727
633 584 949
634 3466 2040
635 4582 3897
636 521 3211
637 4284 2444
638 51 3540
639 2155 3283
640 1539 4078
641 2334 2086
642 3522 124
643 459 1922
644 3347 123
645 3971 2600
646 3493 3150
647 1548 4087
648 1510 144
649 1171 2558
650 2085 3112
651 3243 2256
652 3571 617
653 4084 2435
654 1735 3692
655 2469 326
656 4545 912
657 309 694
658 1396 223
659 296 1737
660 394 3988
661 1660 2745
662 158 2927
663 3625 4707
664 605 170
665 3010 2836
666 4020 2270
667 349 3211
668 1486 812
669 3526 2356
670 1747 3692
671 3667 4010
672 4578 912
673 4505 829
674 2974 2426
675 3377 486
676 1548 4078
677 593 3910
678 2199 2961
679 3022 1375
680 3848 2262
681 1883 687
682 1171 2673
683 2430 3895
684 746 3897
685 3654 653
686 3007 707
687 1947 2530
688 179 3540
689 4560 4109
690 2561 959
691 394 3999
692 1669 1353
693 350 3540
694 593 3997
695 2150 32
696 4300 2168
697 3667 4034
698 2708 41
699 4387 2419
700 485 949
701 4446 336
702 2017 519
703 1277 2850
704 3385 4136
705 3167 4512
706 936 3983
707 3848 2435
708 2412 2484
709 1845 687
710 4446 597
711 3493 3184
712 4048 2435
713 1202 4078
714 2025 3260
715 2574 2221
716 2589 769
717 4031 3927
718 1815 3151
719 394 3578
720 394 3895
721 2063 3635
722 1759 894
723 2063 3566
724 2348 2472
725 1881 2845
726 4465 4392
727 2921 3021
728 280 359
729 3232 2511
730 529 3018
731 4302 3001
732 652 1036
733 2140 3260
734 1423 1742
735 2523 2851
736 2076 2078
737 2248 2101
738 2983 3960
739 4446 604
740 3273 2802
741 3968 3913
742 4465 4432
743 4548 1345
744 576 1922
745 1805 1717
746 141 3211
747 2353 82
748 1431 4837
749 4300 1824
750 1249 1742
751 603 4358
752 3998 2262
753 2733 2086
754 2983 4115
755 158 2865
756 2374 3821
757 531 170
758 4163 3992
759 4621 3190
760 3232 2779
761 406 322
762 3207 4352
763 2509 2530
764 4284 2448
765 742 3648
766 1477 2925
767 4308 2419
768 1409 3079
769 1685 2534
770 3565 617
771 1481 3096
772 2063 3407
773 4662 1144
774 813 1837
775 576 1945
776 2143 3283
777 296 1814
778 485 2631
779 984 3983
780 2248 2024
781 4542 3897
782 3751 343
783 449 322
784 1492 3096
785 55 3165
786 1510 512
787 640 3473
788 3667 4057
789 1277 2690
790 4483 912
791 4556 829
792 3273 2579
793 671 4992
794 1409 3096
795 -16 3333
796 3190 2296
797 3795 3526
798 4630 3190
799 1835 866
800 1236 2558
801 3575 194
802 1711 746
803 493 2834
804 2983 4095
805 4202 2527
806 2574 2097
807 914 3481
808 640 3630
809 529 3005
810 2241 4463
811 1424 4149
812 957 2306
813 3648 4901
814 3872 1354
815 1525 2950
816 3198 869
817 2983 4246
818 3207 4470
819 4927 3605
820 2849 4246
821 1607 1382
822 101 941
823 4927 3706
824 2413 82
825 2098 3260
826 3602 469
827 2343 2568
828 2655 2086
829 2082 3260
830 1354 1674
831 4561 829
832 2199 2851
833 975 902
834 -2 2826
835 2432 3877
836 3905 2803
837 2561 924
838 2343 2851
839 3234 1299
840 3154 4034
841 469 1922
842 3398 2420
843 1549 3281
844 652 925
845 2784 770
846 2188 2979
847 1658 3233
848 3007 644
849 2509 2841
850 3723 4319
851 630 1361
852 2740 769
853 3401 4062
854 2348 2443
855 682 23
856 3812 4162
857 3723 4140
858 2262 1795
859 1707 2480
860 2348 2253
861 3522 53
862 844 3481
863 3667 4076
864 2398 82
865 3048 2277
866 3268 1428
867 3824 3111
868 3178 4034
869 1424 4589
870 2834 4276
871 948 3481
872 1120 1742
873 2993 4512
874 4465 4469
875 4405 912
876 2983 4074
877 547 3079
878 1407 1674
879 4643 3897
880 745 -12
881 3723 4133
882 3 3475
883 2179 1766
884 1808 2415
885 3285 2353
886 4284 2483
887 1136 113
888 2063 3387
889 4064 2262
890 1805 2925
891 2834 4271
892 657 4992
893 3905 2980
894 3685 3321
895 4435 1824
896 2148 2101
897 3377 155
898 2921 3059
899 1768 2745
900 1698 519
901 2962 3094
902 1063 2304
903 435 932
904 1507 683
905 1981 3201
906 4560 3968
907 2119 3306
908 2158 628
909 2469 93
910 2348 2243
911 1703 4757
912 1274 1742
913 3493 3239
914 1921 2415
915 1843 2745
916 381 1922
917 1679 1831
918 3285 2475
919 807 2353
920 3723 3986
921 1664 3233
922 1424 4458
923 541 170
924 101 850
925 285 3211
926 1396 722
927 2273 3691
928 3944 4901
929 1655 2957
930 2893 4512
931 101 675
932 731 3648
933 964 2304
934 2320 3691
935 3167 102
936 3401 4367
937 2566 769
938 2597 858
939 2201 2019
940 2401 481
941 2834 4257
942 3654 549
943 1570 519
944 3124 1303
945 529 3079
946 3625 4406
947 1631 1584
948 1565 1280
949 2201 1932
950 3914 2712
951 4542 604
952 3667 4281
953 2003 3692
954 3928 2712
955 948 3813
956 4285 3001
957 1439 1694
958 947 1109
959 3019 1453
960 222 1390
961 3352 2256
962 1972 2845
963 2241 4421
964 1663 1780
965 4216 2262
966 3835 4028
967 4069 2270
968 1835 804
969 442 598
970 2274 2273
971 692 2304
972 4585 604
973 1670 1687
974 2178 1923
975 1519 722
976 1236 2674
977 1735 3286
978 3273 2739
979 101 836
980 2018 3526
981 719 4281
982 1669 1387
983 947 1114
984 3575 290
985 1396 800
986 3377 287
987 1607 1732
988 3893 1284
989 3944 4883
990 484 949
991 791 4635
992 593 4040
993 1663 1789
994 3207 4346
995 4445 3017
996 154 576
997 1669 1202
998 4334 2278
999 2076 1888
1000 222 1139
1001 4560 4243
1002 820 2353
1003 3510 3321
1004 1859 2883
1005 1231 215
1006 2948 2802
1007 2544 2851
1008 654 2232
1009 4927 3354
1010 984 3918
1011 396 1471
1012 3869 1548
1013 3867 1572
1014 1811 687
1015 4300 1950
1016 2779 775
1017 1424 4787
1018 3466 2172
1019 2150 496
1020 3347 511
1021 4445 3100
1022 755 3918
1023 700 3496
1024 3207 4339
1025 394 3713
1026 3493 3163
1027 1669 1654
1028 1790 2925
1029 593 3922
1030 1551 1211
1031 1945 2674
1032 4569 3897
1033 2435 95
1034 1075 2306
1035 3890 1277
1036 4456 829
1037 1607 1471
1038 593 3608
1039 3232 2468
1040 3 3436
1041 3971 2709
1042 315 1471
1043 2566 4421
1044 158 2957
1045 3667 3999
1046 3589 2378
1047 2201 2047
1048 1878 687
1049 3126 869
1050 4927 3190
1051 2528 4432
1052 3352 2499
1053 2063 3623
1054 2076 2021
1055 2983 4206
1056 2320 2256
1057 3827 252
1058 2374 3718
1059 4064 3001
1060 531 145
1061 3022 856
1062 1815 -9
1063 3852 3249
1064 3219 653
1065 1193 2674
1066 1739 687
1067 3941 3995
1068 3015 3869
1069 1442 4078
1070 3754 4028
1071 1245 4078
1072 3217 2277
1073 1981 3112
1074 2248 2049
1075 709 1036
1076 3166 1303
1077 1795 894
1078 808 -12
1079 3398 2487
1080 3048 2802
1081 1602 2690
1082 3235 1277
1083 3723 4012
1084 1476 478
1085 547 3150
1086 4409 3927
1087 1629 1584
1088 454 808
1089 2256 1727
1090 2974 2435
1091 2248 2303
1092 547 2933
1093 3354 2405
1094 746 3918
1095 396 1444
1096 639 248
1097 2819 2802
1098 649 3423
1099 791 4384
1100 4435 1527
1101 1607 1704
1102 4513 1345
1103 4662 963
1104 4178 3927
1105 4135 2435
1106 3872 1581
1107 2392 4421
1108 1238 1742
1109 101 911
1110 1796 2745
1111 3268 1566
1112 634 4697
1113 1561 -9
1114 3022 827
1115 1399 4078
1116 1401 814
1117 681 3940
1118 2430 4421
1119 4560 4110
1120 1439 478
1121 2149 -9
1122 1371 2690
1123 2230 1795
1124 3575 287
1125 4745 3190
1126 2832 290
1127 3352 2362
1128 3685 3859
1129 1743 1035
1130 2242 3692
1131 3872 1572
1132 1195 2674
1133 2343 2710
1134 3285 2546
1135 2509 2794
1136 1171 2462
1137 1510 48
1138 2063 3448
1139 3969 4665
1140 1835 894
1141 1635 -9
1142 904 1727
1143 537 2631
1144 3848 2270
1145 3464 486
1146 593 3505
1147 2343 2548
1148 2158 580
1149 4446 457
1150 4684 3897
1151 1418 1742
1152 2201 2273
1153 3667 4042
1154 2561 800
1155 548 768
1156 948 880
1157 4161 3001
1158 3215 724
1159 1409 3085
1160 2246 1633
1161 1152 1742
1162 2047 687
1163 1316 4078
1164 2129 1923
1165 3385 4257
1166 1399 812
1167 948 3630
1168 2946 2823
1169 2735 4246
1170 3401 4129
1171 3269 2256
1172 4492 3968
1173 1607 1432
1174 791 4992
1175 4260 2262
1176 2088 519
1177 4348 3001
1178 3007 511
1179 1034 3900
1180 2201 2282
1181 3905 2712
1182 2372 3845
1183 4025 3001
1184 1424 4183
1185 3048 2836
1186 4552 829
1187 3733 3111
1188 1396 634
1189 4240 2278
1190 919 1727
1191 4163 2454
1192 1439 1742
1193 746 3859
1194 2190 2086
1195 2248 2025
1196 2184 82
1197 4163 3968
1198 3207 4472
1199 3075 3977
1200 685 2558
1201 2720 2851
1202 3309 565
1203 4927 3708
1204 2962 2976
1205 4626 932
1206 1029 2424
1207 3036 2383
1208 3714 4901
1209 2544 1010
1210 3740 4901
1211 2429 468
1212 1095 2424
1213 1296 2690
1214 1502 2783
1215 934 2424
1216 1551 818
1217 3848 2513
1218 4413 4665
1219 2004 4622
1220 898 -47
1221 1095 2313
1222 3510 2272
1223 576 2107
1224 3522 486
1225 3070 4512
1226 3767 252
1227 296 1910
1228 4560 4360
1229 616 1386
1230 547 3211
1231 3510 1968
1232 2281 3691
1233 2248 1928
1234 1735 3327
1235 694 2558
1236 968 2308
1237 2063 3533
1238 2165 444
1239 1396 767
1240 518 768
1241 1418 818
1242 529 2997
1243 1409 3014
1244 3466 1974
1245 3305 102
1246 1034 3881
1247 18 2826
1248 3525 617
1249 791 4555
1250 1823 2415
1251 3575 617
1252 3667 4143
1253 4172 3927
1254 2086 687
1255 309 627
1256 150 1122
1257 1424 4245
1258 2921 2961
1259 3575 320
1260 603 4453
1261 1286 215
1262 1625 1480
1263 187 1122
1264 1408 2877
1265 4391 3927
1266 1409 3039
1267 4205 2262
1268 108 1122
1269 -4 2884
1270 1164 4078
1271 3145 2383
1272 3377 330
1273 3154 4026
1274 508 2933
1275 3949 2270
1276 1322 215
1277 2834 4277
1278 680 3759
1279 3905 2581
1280 3352 2451
1281 33 3158
1282 1669 1253
1283 530 1922
1284 2256 1768
1285 2834 4292
1286 1657 2668
1287 2910 2256
1288 3227 2277
1289 1669 1398
1290 2544 999
1291 3 3333
1292 1703 4622
1293 2111 1832
1294 2119 3308
1295 2807 4246
1296 689 2558
1297 3743 3586
1298 742 1114
1299 1424 4581
1300 3522 617
1301 3103 3977
1302 3228 2256
1303 296 1899
1304 1735 3306
1305 3812 4322
1306 1134 -12
1307 2735 4280
1308 3285 2376
1309 2062 687
1310 1136 26
1311 3015 3914
1312 791 4449
1313 949 902
1314 309 359
1315 2828 290
1316 296 1560
1317 1913 2731
1318 2867 2256
1319 4347 2278
1320 2574 2348
1321 3285 2474
1322 2320 2159
1323 682 4992
1324 4794 3897
1325 1520 812
1326 1988 2748
1327 3696 549
1328 975 1858
1329 948 3615
1330 1540 4078
1331 791 4930
1332 1798 1717
1333 3625 4445
1334 3266 653
1335 550 322
1336 3522 236
1337 4380 3968
1338 2343 2492
1339 4927 3744
1340 2320 3692
1341 3103 4257
1342 2158 636
1343 1663 1742
1344 920 880
1345 4608 627
1346 1089 2308
1347 1095 1828
1348 2231 2851
1349 791 4725
1350 132 3540
1351 1699 1134
1352 2245 1727
1353 1866 804
1354 2962 1592
1355 3859 3185
1356 437 1922
1357 309 599
1358 1396 683
1359 4100 3992
1360 784 3481
1361 791 4358
1362 2333 4421
1363 435 949
1364 1607 1742
1365 222 1184
1366 -16 3177
1367 2018 3519
1368 3145 2256
1369 603 4606
1370 630 1116
1371 948 3535
1372 1136 103
1373 3510 2307
1374 3795 3576
1375 3493 3129
1376 394 3951
1377 1803 -9
1378 1524 1235
1379 2343 2525
1380 1607 1480
1381 2430 3937
1382 719 4280
1383 2157 1795
1384 1608 3233
1385 1703 4658
1386 4927 3798
1387 3036 2836
1388 2188 3306
1389 3091 4257
1390 3266 526
1391 3575 103
1392 1034 3839
1393 3347 102
1394 4428 3968
1395 1744 894
1396 3385 4083
1397 4367 3968
1398 3401 4233
1399 3602 400
1400 2825 2961
1401 4504 3190
1402 1885 804
1403 1580 1289
1404 3510 2112
1405 2097 3112
1406 4897 3798
1407 594 322
1408 887 1858
1409 3872 1284
1410 1657 2690
1411 1703 4651
1412 1607 1724
1413 975 880
1414 296 1637
1415 1907 2731
1416 1548 4149
1417 1277 2769
1418 3266 521
1419 2435 160
1420 1424 4803
1421 700 3497
1422 1525 2941
1423 1551 874
1424 4381 1824
1425 4560 4348
1426 547 2751
1427 1033 -47
1428 1655 2745
1429 3944 4665
1430 1510 228
1431 1546 2690
1432 1409 2924
1433 2171 2101
1434 930 1727
1435 3859 3204
1436 3253 2376
1437 593 3615
1438 2435 94
1439 3401 4076
1440 3466 2047
1441 3285 2421
1442 1419 683
1443 2248 2369
1444 716 4122
1445 3795 3249
1446 212 3211
1447 261 3540
1448 1307 1727
1449 3493 3139
1450 3589 2377
1451 3007 590
1452 222 1122
1453 2201 2086
1454 2052 4622
1455 4053 3927
1456 820 2304
1457 4098 2435
1458 4850 3897
1459 1341 1727
1460 2132 2273
1461 2363 492
1462 3 3412
1463 1857 2415
1464 2201 2368
1465 2509 2556
1466 2914 4246
1467 1743 1028
1468 4446 356
1469 4061 3001
1470 957 3813
1471 2130 3297
1472 3145 2311
1473 634 4844
1474 603 4570
1475 935 2304
1476 3957 252
1477 2135 4622
1478 4465 4665
1479 2962 3029
1480 1406 818
1481 565 3442
1482 746 3900
1483 394 3574
1484 1226 1727
1485 3401 4109
1486 2179 1795
1487 4273 252
1488 1838 2745
1489 4560 4035
1490 1095 1752
1491 791 4387
1492 601 2107
1493 4451 604
1494 841 -47
1495 4473 1345
1496 1467 2783
1497 447 2631
1498 1565 1235
1499 3379 2256
1500 1855 2415
1501 527 4040
1502 2188 3101
1503 1396 622
1504 2195 2086
1505 1465 2783
1506 1809 1831
1507 1628 1584
1508 1445 818
1509 2272 82
1510 3966 252
1511 3200 869
1512 719 4197
1513 3832 1386
1514 1832 2415
1515 1735 3572
1516 1424 4752
1517 1485 2690
1518 4536 912
1519 2725 775
1520 4284 2460
1521 694 2362
1522 858 1727
1523 2130 3283
1524 101 951
1525 3685 3939
1526 2262 2851
1527 2063 3451
1528 1000 2424
1529 638 1114
1530 3268 1491
1531 1424 4388
1532 3575 572
1533 3812 4306
1534 1655 2717
1535 3723 4284
1536 4560 4215
1537 3883 1277
1538 616 969
1539 1885 769
1540 3296 102
1541 3740 3586
1542 2289 492
1543 1878 2731
1544 435 887
1545 1507 1223
1546 4662 1055
1547 1655 3015
1548 3232 2497
1549 1171 2431
1550 1095 1742
1551 1478 722
1552 3905 2837
1553 3685 3583
1554 159 3211
1555 4592 932
1556 1944 2674
1557 1979 687
1558 3463 486
1559 2974 2632
1560 3377 308
1561 2247 444
1562 2188 3260
1563 447 2677
1564 3266 612
1565 2989 2752
1566 1414 228
1567 1607 1397
1568 3007 541
1569 296 1922
1570 3578 2420
1571 4560 4319
1572 2245 1766
1573 2119 3387
1574 2632 769
1575 1749 -9
1576 632 4122
1577 4313 4665
1578 545 2767
1579 3385 4256
1580 3602 486
1581 3273 2800
1582 813 1789
1583 1305 2690
1584 141 3209
1585 4033 2270
1586 3403 2256
1587 3022 511
1588 3232 2835
1589 3905 2798
1590 948 3806
1591 3015 3955
1592 2992 2383
1593 3022 1428
1594 3812 4159
1595 3273 2405
1596 3232 2781
1597 2201 2396
1598 4662 981
1599 3573 2420
1600 447 2674
1601 1476 4837
1602 3485 330
1603 1551 1151
1604 3309 571
1605 2528 4485
1606 3803 4126
1607 808 -47
1608 1236 2545
1609 3522 260
1610 4662 1150
1611 1984 2785
1612 101 778
1613 1225 1742
1614 104 1122
1615 616 1079
1616 791 4907
1617 2792 4246
1618 1743 928
1619 3522 183
1620 2974 2603
1621 593 3701
1622 3602 368
1623 3285 2277
1624 3723 4155
1625 4435 1576
1626 419 1922
1627 1663 1831
1628 4210 4665
1629 4662 1176
1630 2808 2961
1631 387 887
1632 4335 287
1633 2816 2822
1634 2435 326
1635 1415 683
1636 2249 4421
1637 3450 2381
1638 3850 3913
1639 2269 2086
1640 2446 3691
1641 4426 287
1642 2834 4312
1643 4090 2262
1644 2828 102
1645 1863 804
1646 3751 516
1647 1894 -9
1648 2283 2101
1649 2469 353
1650 1988 2785
1651 4662 1248
1652 51 3475
1653 4897 3855
1654 3431 2256
1655 2245 1600
1656 2111 2049
1657 1549 3286
1658 2435 248
1659 2513 2479
1660 1510 221
1661 4435 1346
1662 4038 3001
1663 3048 2781
1664 3667 4246
1665 547 2993
1666 791 4324
1667 3575 330
1668 2921 2991
1669 3233 653
1670 1921 687
1671 4517 3897
1672 619 2107
1673 2348 2333
1674 630 1150
1675 791 4554
1676 3915 4901
1677 1095 2305
1678 3361 2256
1679 3522 510
1680 2111 2062
1681 3411 2405
1682 2111 -9
1683 3401 4211
1684 2544 1063
1685 2753 2851
1686 1280 4078
1687 286 322
1688 526 2631
1689 1743 959
1690 4219 4665
1691 882 1114
1692 743 4324
1693 2983 1453
1694 3712 3526
1695 603 4452
1696 101 1122
1697 2735 4378
1698 689 3983
1699 3254 3988
1700 885 3983
1701 3667 4166
1702 1894 2731
1703 640 3448
1704 3352 2405
1705 1095 1848
1706 1835 826
1707 4435 1708
1708 529 2767
1709 1611 1584
1710 2101 687
1711 3786 4126
1712 2406 3965
1713 1409 2982
1714 1354 1722
1715 3456 3977
1716 3128 4257
1717 435 929
1718 481 3211
1719 3728 3111
1720 920 1012
1721 1525 3054
1722 94 3067
1723 948 3769
1724 4284 2526
1725 4352 2419
1726 2348 2323
1727 3377 322
1728 3309 647
1729 1879 687
1730 1738 769
1731 4300 2187
1732 2509 2493
1733 621 170
1734 3589 2402
1735 1735 3412
1736 2834 4470
1737 4662 1303
1738 1551 1112
1739 680 3735
1740 3288 2823
1741 2983 3852
1742 531 3079
1743 4117 2262
1744 857 1114
1745 3401 4221
1746 2108 687
1747 2574 2144
1748 4608 644
1749 2689 769
1750 3795 3870
1751 2063 3692
1752 1539 2690
1753 2701 2851
1754 3961 4665
1755 2483 3695
1756 2867 2210
1757 435 4040
1758 1887 2731
1759 2245 1572
1760 394 3819
1761 1136 106
1762 3562 3321
1763 1784 2745
1764 1551 902
1765 2262 1789
1766 564 3442
1767 493 2797
1768 2308 4421
1769 2539 41
1770 3078 511
1771 1034 3963
1772 1436 1742
1773 3466 2113
1774 920 962
1775 919 1036
1776 2968 4246
1777 3466 2256
1778 2200 2086
1779 630 1114
1780 4433 3968
1781 2158 492
1782 4416 287
1783 1607 1341
1784 232 1444
1785 -16 3212
1786 3795 3570
1787 3268 1605
1788 692 -12
1789 4608 813
1790 3007 698
1791 2018 3533
1792 547 3132
1793 947 1111
1794 3042 869
1795 3377 228
1796 2343 2484
1797 934 2308
1798 4110 252
1799 3215 813
1800 429 1922
1801 3805 252
1802 3167 2256
1803 3266 564
1804 3872 1548
1805 4041 3927
1806 3286 2823
1807 3207 4426
1808 2010 519
1809 1891 687
1810 4560 4254
1811 2579 1050
1812 3197 4512
1813 639 826
1814 1921 2674
1815 3493 3128
1816 3511 2420
1817 3625 4336
1818 2435 83
1819 2974 2469
1820 4284 2419
1821 2469 229
1822 442 438
1823 3893 1277
1824 3207 4402
1825 3206 4512
1826 1651 3151
1827 1396 484
1828 967 3918
1829 3352 2376
1830 2867 2086
1831 3459 653
1832 4168 3968
1833 3385 4217
1834 3377 511
1835 630 1298
1836 639 803
1837 3187 2292
1838 3625 4345
1839 3575 132
1840 2876 290
1841 152 1122
1842 373 359
1843 51 3531
1844 3015 3881
1845 546 3079
1846 3589 3977
1847 914 1858
1848 1624 1584
1849 948 3550
1850 746 3768
1851 2372 3831
1852 1247 215
1853 3268 1571
1854 1859 804
1855 1171 2549
1856 3492 330
1857 355 1922
1858 3625 4322
1859 3194 1654
1860 4608 818
1861 442 457
1862 493 2769
1863 2189 82
1864 2615 2086
1865 2469 151
1866 1329 4078
1867 44 3158
1868 3377 271
1869 1981 3260
1870 3081 4512
1871 2199 2917
1872 1611 2690
1873 2076 2101
1874 2177 3306
1875 4266 3968
1876 3353 2376
1877 683 4992
1878 663 2304
1879 1507 1235
1880 1818 2925
1881 518 817
1882 3007 734
1883 4891 3190
1884 3017 775
1885 746 3909
1886 2974 4512
1887 1759 1831
1888 435 912
1889 3944 4874
1890 3795 3586
1891 4132 2435
1892 4435 1783
1893 3522 548
1894 4560 4331
1895 1664 2745
1896 1518 818
1897 1467 812
1898 2348 2086
1899 1510 151
1900 3723 4014
1901 2962 3026
1902 2063 3557
1903 4300 1846
1904 1728 -9
1905 1921 2548
1906 4008 4665
1907 2921 3008
1908 2769 2086
1909 3723 4126
1910 2111 1810
1911 2248 2273
1912 4313 287
1913 222 1269
1914 3209 2307
1915 3207 4374
1916 2962 2859
1917 3685 3421
1918 422 3211
1919 3022 1331
1920 522 2631
1921 4405 829
1922 1808 -9
1923 1465 2925
1924 1669 1647
1925 2030 -9
1926 684 22
1927 296 1828
1928 4560 4209
1929 1171 2674
1930 820 2327
1931 1809 1830
1932 1579 683
1933 2203 3692
1934 2495 2479
1935 593 3585
1936 1521 2745
1937 2429 462
1938 1083 1727
1939 3966 2712
1940 922 3481
1941 2471 41
1942 727 4324
1943 864 1858
1944 2134 -9
1945 2561 813
1946 1510 54
1947 2188 3093
1948 2343 2657
1949 1691 3151
1950 2155 1795
1951 1409 2895
1952 984 3972
1953 3445 2307
1954 490 949
1955 4401 3001
1956 3385 4367
1957 3377 218
1958 2804 2884
1959 1607 1437
1960 2763 2086
1961 101 872
1962 4101 2270
1963 3685 3977
1964 2248 2287
1965 1743 1133
1966 1097 4078
1967 1310 4078
1968 2348 2362
1969 1424 4291
1970 593 3979
1971 296 1471
1972 1525 2984
1973 3352 2307
1974 3667 4044
1975 1097 3967
1976 3212 1303
1977 3352 2482
1978 3257 2277
1979 4500 1345
1980 3268 1550
1981 3520 1905
1982 2201 2049
1983 2721 41
1984 1885 793
1985 216 3211
1986 531 62
1987 685 4992
1988 3625 4364
1989 593 3496
1990 813 1858
1991 1703 4719
1992 3232 2836
1993 2111 1801
1994 2011 687
1995 3254 3977
1996 634 4766
1997 4095 3992
1998 2205 1795
1999 442 359
2000 222 1316
2001 3207 4278
2002 3215 869
2003 2962 2836
2004 1707 2534
2005 2005 4622
2006 1095 2325
2007 576 2095
2008 3576 1905
2009 4432 3927
2010 3382 2823
2011 3832 1548
2012 2574 2178
2013 1517 4149
2014 3859 3249
2015 1799 1831
2016 2804 2890
2017 3352 2274
2018 694 2461
2019 3268 1323
2020 1396 794
2021 1510 519
2022 4662 941
2023 640 3476
2024 2816 2823
2025 3266 631
2026 741 3481
2027 1175 1742
2028 700 3630
2029 2430 4485
2030 1551 932
2031 2248 2086
2032 1002 2304
2033 3512 2356
2034 2248 1923
2035 2604 769
2036 3575 522
2037 4465 4423
2038 71 3067
2039 2539 2851
2040 658 2631
2041 2302 3691
2042 1859 2845
2043 3 3344
2044 2076 2009
2045 3685 3561
2046 2469 166
2047 634 4768
2048 4348 3927
2049 1607 1671
2050 1525 2947
2051 3234 1303
2052 4662 932
2053 2894 4257
2054 2561 777
2055 1809 1753
2056 2407 3691
2057 679 23
2058 3048 2383
2059 385 3540
2060 222 1441
2061 394 3911
2062 2921 4246
2063 1583 683
2064 2735 4271
2065 3602 355
2066 158 2857
2067 1496 4078
2068 442 711
2069 383 3540
2070 1947 2633
2071 1095 1858
2072 616 1220
2073 3667 4072
2074 85 3540
2075 3385 4043
2076 1095 2304
2077 3832 1277
2078 603 4697
2079 1750 687
2080 3263 2405
2081 758 1114
2082 831 -47
2083 2980 2256
2084 2877 4257
2085 3795 3545
2086 2735 4295
2087 3510 2152
2088 2031 519
2089 4435 1815
2090 1396 228
2091 3416 330
2092 2076 1976
2093 2454 2484
2094 3795 3859
2095 791 4348
2096 2628 4421
2097 3832 1318
2098 687 4992
2099 1687 -9
2100 595 322
2101 2158 617
2102 4562 3190
2103 3309 653
2104 3567 53
2105 1011 -47
2106 4133 3992
2107 447 2705
2108 3575 53
2109 3 3177
2110 3022 1376
2111 4014 3913
2112 2017 4622
2113 1689 2925
2114 3757 252
2115 -4 3054
2116 4219 2270
2117 3752 4028
2118 1988 2783
2119 4927 3403
2120 4284 2527
2121 2843 4257
2122 2289 2086
2123 1972 2819
2124 4259 3968
2125 3754 3111
2126 603 4589
2127 4446 292
2128 603 4122
2129 387 1922
2130 3007 550
2131 3905 3001
2132 3781 4901
2133 897 -47
2134 2201 1927
2135 1702 -9
2136 2047 -9
2137 3723 4302
2138 694 2497
2139 3685 3586
2140 4457 4665
2141 2283 492
2142 2469 260
2143 680 3681
2144 1981 3230
2145 934 2315
2146 4927 3749
2147 3625 4587
2148 3907 252
2149 525 2631
2150 3872 1385
2151 868 1858
2152 1502 2745
2153 1927 2731
2154 2756 769
2155 3207 4439
2156 3329 511
2157 616 1337
2158 3510 2242
2159 1735 3404
2160 593 3744
2161 654 2107
2162 2320 2145
2163 639 322
2164 1520 814
2165 352 887
2166 3655 3977
2167 1525 2745
2168 3795 3421
2169 719 4276
2170 4515 3927
2171 3189 1303
2172 1711 769
2173 3377 226
2174 4465 4597
2175 1378 1674
2176 934 2306
2177 3466 2126
2178 1653 4837
2179 2901 266
2180 3407 3977
2181 694 2379
2182 1587 -9
2183 2095 3387
2184 2070 3387
2185 3162 1303
2186 1277 2741
2187 4539 912
2188 3385 4206
2189 2185 82
2190 3905 2558
2191 1632 3286
2192 309 597
2193 3466 1905
2194 2544 959
2195 4366 2419
2196 2773 769
2197 3007 677
2198 4081 2435
2199 2063 3112
2200 1589 4837
2201 -4 3067
2202 4219 2277
2203 2846 102
2204 1530 722
2205 640 3542
2206 2901 275
2207 1510 -9
2208 3292 2823
2209 1767 1687
2210 576 2071
2211 3021 1654
2212 4118 2262
2213 3352 2545
2214 616 993
2215 2579 903
2216 3493 3111
2217 2735 4320
2218 2118 2101
2219 624 23
2220 2435 82
2221 1607 1584
2222 3232 2473
2223 3977 3001
2224 4206 2262
2225 553 768
2226 3 3427
2227 934 2364
2228 2150 508
2229 3352 2266
2230 616 1183
2231 1136 1
2232 947 1007
2233 3589 2356
2234 4300 2033
2235 2076 2080
2236 4662 1345
2237 2343 2806
2238 3667 4202
2239 1947 2595
2240 3667 3986
2241 3971 2617
2242 1560 722
2243 1921 2423
2244 3417 2405
2245 2706 4421
2246 1607 1330
2247 101 1017
2248 2528 4421
2249 547 3164
2250 791 4858
2251 639 802
2252 531 23
2253 1711 687
2254 1988 2731
2255 3710 3526
2256 1468 3096
2257 4072 3992
2258 3905 2870
2259 940 1727
2260 2248 2396
2261 1095 2370
2262 3010 2823
2263 3503 653
2264 1396 492
2265 603 4558
2266 2188 2968
2267 1136 -12
2268 630 1386
2269 296 1840
2270 3723 4019
2271 4405 850
2272 3366 2546
2273 1024 2304
2274 3561 2420
2275 1525 2717
2276 616 1150
2277 2158 687
2278 3812 4126
2279 3232 2748
2280 2199 2916
2281 3944 4825
2282 4927 3229
2283 1996 2324
2284 2920 4257
2285 4300 2023
2286 3521 1905
2287 593 3903
2288 1703 4787
2289 2320 2101
2290 3154 3977
2291 2867 2103
2292 4260 2527
2293 2201 2044
2294 2574 2268
2295 3575 595
2296 1171 2557
2297 869 3918
2298 4386 3927
2299 3905 2816
2300 2983 4022
2301 2085 3260
2302 2248 2299
2303 562 949
2304 3015 3977
2305 1703 4827
2306 3232 2739
2307 1862 769
2308 3941 3992
2309 3493 3321
2310 2158 545
2311 4807 3190
2312 158 3067
2313 3260 2610
2314 4265 3968
2315 4428 1824
2316 3859 3111
2317 3385 4243
2318 1607 1305
2319 2679 2851
2320 296 1854
2321 652 863
2322 4169 2527
2323 3887 1284
2324 593 3599
2325 2150 82
2326 2828 212
2327 1408 2895
2328 639 229
2329 435 920
2330 740 1036
2331 2125 3112
2332 4445 3001
2333 2245 1633
2334 1465 2819
2335 3511 486
2336 1277 2810
2337 3625 4711
2338 1452 4078
2339 2131 3283
2340 2343 2714
2341 4560 4392
2342 616 949
2343 597 23
2344 1465 2924
2345 3423 2277
2346 2372 3821
2347 3267 102
2348 3273 2756
2349 4662 1131
2350 684 23
2351 4244 3001
2352 947 1043
2353 2161 444
2354 3266 511
2355 4465 4395
2356 3232 2823
2357 1441 818
2358 4709 3897
2359 2039 4622
2360 587 949
2361 4443 1345
2362 2854 2802
2363 2661 4421
2364 1809 1788
2365 1465 2820
2366 3015 3852
2367 2920 4246
2368 1095 2342
2369 101 576
2370 948 3507
2371 1691 4837
2372 2555 959
2373 1921 2622
2374 3625 4857
2375 2174 1795
2376 2393 444
2377 3795 3349
2378 1094 2308
2379 3254 4023
2380 2348 2286
2381 634 4929
2382 326 359
2383 4445 3190
2384 3362 2405
2385 3724 3586
2386 2883 4512
2387 3401 4181
2388 3268 1551
2389 2574 2232
2390 2412 4421
2391 279 576
2392 2430 3877
2393 2063 3588
2394 3022 776
2395 4384 3927
2396 4257 2527
2397 3885 2435
2398 2429 479
2399 4126 2262
2400 3048 2355
2401 873 -47
2402 3285 2320
2403 3751 299
2404 3941 4028
2405 719 4122
2406 1669 1480
2407 2183 2101
2408 2974 2752
2409 4276 287
2410 3905 2574
2411 3347 155
2412 2483 3877
2413 3383 2836
2414 544 2993
2415 3992 2435
2416 3565 3111
2417 3268 1654
2418 2334 4421
2419 4465 4429
2420 101 776
2421 3022 787
2422 459 2751
2423 843 1858
2424 4218 2527
2425 1463 4078
2426 2124 -9
2427 3285 2329
2428 3097 869
2429 4387 2410
2430 3268 1467
2431 3145 2346
2432 2343 2750
2433 4007 252
2434 616 1382
2435 635 4992
2436 3522 285
2437 1396 588
2438 2804 2851
2439 3723 4261
2440 547 2954
2441 3404 486
2442 1715 4622
2443 791 4898
2444 2129 1795
2445 4662 1094
2446 3802 3111
2447 1284 2690
2448 3872 2558
2449 529 2993
2450 1952 -9
2451 616 1103
2452 1667 2745
2453 2256 1572
2454 55 3158
2455 4138 3992
2456 1549 3284
2457 3022 1303
2458 3522 539
2459 2509 2699
2460 1036 -12
2461 4446 565
2462 3847 1548
2463 4653 932
2464 2256 1789
2465 1549 3109
2466 3575 215
2467 3575 514
2468 2834 4305
2469 2074 3112
2470 1947 2346
2471 576 2027
2472 2983 4080
2473 2469 360
2474 975 898
2475 296 1687
2476 4341 3968
2477 1788 2415
2478 3764 252
2479 2574 2479
2480 934 2422
2481 1571 519
2482 296 1574
2483 948 3567
2484 2561 769
2485 2372 3965
2486 1530 4149
2487 2579 869
2488 3351 2836
2489 2119 3353
2490 3510 2153
2491 2439 4485
2492 393 887
2493 3625 4830
2494 1735 3313
2495 4004 3992
2496 2096 1869
2497 3944 4730
2498 4287 3968
2499 1482 683
2500 3804 4126
2501 3576 1968
2502 2921 2966
2503 1988 2769
2504 2509 2651
2505 2088 3112
2506 3329 2823
2507 1097 4018
2508 4446 403
2509 1501 228
2510 330 322
2511 2111 1766
2512 3215 653
2513 2150 519
2514 3146 869
2515 4927 3282
2516 1703 3233
2517 1809 1738
2518 1204 2431
2519 3495 653
2520 894 1858
2521 346 1471
2522 495 3211
2523 1607 1360
2524 639 768
2525 2188 3112
2526 2469 393
2527 3398 2546
2528 2974 2383
2529 948 3604
2530 4300 1919
2531 475 837
2532 1034 3959
2533 2150 687
2534 630 1247
2535 102 3177
2536 4515 3897
2537 2469 80
2538 1703 4760
2539 3232 2802
2540 4387 2291
2541 3048 2256
2542 4662 1301
2543 2579 1033
2544 3352 2461
2545 2241 4496
2546 1616 1480
2547 2921 3094
2548 1735 3303
2549 3792 4322
2550 1471 812
2551 3667 4271
2552 2682 805
2553 4560 4085
2554 4560 4154
2555 4927 3554
2556 3735 3526
2557 2735 4421
2558 3317 653
2559 3401 4044
2560 1628 4837
2561 3186 4512
2562 2273 3670
2563 222 1376
2564 1894 2845
2565 4668 3190
2566 3027 2383
2567 2974 2719
2568 1424 4826
2569 603 4581
2570 663 1036
2571 2701 41
2572 2509 2484
2573 1658 2925
2574 1876 2415
2575 3510 2356
2576 2962 1453
2577 3017 2752
2578 4435 1724
2579 3921 2600
2580 3 3158
2581 2401 492
2582 1424 4575
2583 517 2631
2584 1000 1727
2585 2269 2049
2586 3941 3001
2587 1657 2537
2588 923 1114
2589 1409 2998
2590 751 -12
2591 3266 648
2592 3625 4418
2593 309 764
2594 4528 1345
2595 158 2826
2596 4927 3448
2597 4445 3085
2598 36 2826
2599 2802 4246
2600 3672 3986
2601 158 2965
2602 4445 3059
2603 3056 3977
2604 3076 869
2605 1545 2690
2606 746 3661
2607 2201 2023
2608 593 3939
2609 603 4203
2610 1006 2304
2611 4632 1345
2612 4560 4249
2613 2579 897
2614 2615 813
2615 4608 660
2616 2840 2961
2617 2828 58
2618 948 3809
2619 2430 3965
2620 565 4040
2621 3131 102
2622 -4 3060
2623 2348 2411
2624 4875 3897
2625 640 3543
2626 3190 2307
2627 4445 3078
2628 2155 3306
2629 2735 4408
2630 3172 102
2631 497 2631
2632 2440 3691
2633 3848 2558
2634 4387 2278
2635 834 3983
2636 3352 2546
2637 2232 1766
2638 272 322
2639 2201 1945
2640 3522 330
2641 2096 1888
2642 1657 2555
2643 2952 2802
2644 576 1989
2645 4633 3190
2646 639 192
2647 3022 843
2648 593 3560
2649 1396 812
2650 1586 2690
2651 2955 4512
2652 3625 4573
2653 3353 653
2654 4445 3013
2655 2188 3042
2656 2820 41
2657 2435 2484
2658 1792 519
2659 1186 215
2660 2867 2137
2661 3057 1654
2662 3022 803
2663 593 3611
2664 4608 829
2665 518 837
2666 2203 4622
2667 -4 2826
2668 482 4040
2669 3397 2823
2670 3022 1453
2671 55 3177
2672 1509 1235
2673 977 1858
2674 1470 683
2675 4276 252
2676 4068 2262
2677 1446 3096
2678 1136 57
2679 2130 3306
2680 593 3442
2681 499 2933
2682 1034 3813
2683 4300 2208
2684 2867 2097
2685 773 3983
2686 141 3177
2687 4522 3968
2688 791 4850
2689 4150 2270
2690 4146 2262
2691 3385 4337
2692 3723 4322
2693 493 2767
2694 529 3041
2695 1221 1742
2696 1396 818
2697 1655 2925
2698 1996 2325
2699 822 1858
2700 3201 2307
2701 3807 3913
2702 3953 2270
2703 2183 82
2704 3905 2600
2705 2872 290
2706 1136 143
2707 3832 1409
2708 2241 4573
2709 3625 4741
2710 2574 2269
2711 3872 1532
2712 2374 3691
2713 1597 1289
2714 3832 1520
2715 3625 4329
2716 1642 3151
2717 1607 1456
2718 1592 -9
2719 1240 215
2720 1408 2889
2721 1707 2415
2722 948 3781
2723 1409 3051
2724 4888 3190
2725 791 4391
2726 3122 1303
2727 994 1727
2728 2201 2373
2729 523 322
2730 2443 393
2731 3221 1303
2732 3352 2352
2733 1774 2925
2734 3667 4096
2735 4276 260
2736 1171 2452
2737 4300 2262
2738 2435 4485
2739 871 3918
2740 1405 2877
2741 4111 2270
2742 1551 1173
2743 3291 102
2744 409 359
2745 3352 2510
2746 1743 969
2747 686 3630
2748 531 45
2749 3926 2270
2750 1408 2880
2751 4481 3190
2752 743 1114
2753 1409 3052
2754 1372 1674
2755 1743 894
2756 309 887
2757 649 3395
2758 4509 3968
2759 3003 2256
2760 4465 4482
2761 3207 4368
2762 654 2304
2763 4662 967
2764 1326 2877
2765 3218 1654
2766 4456 604
2767 2201 2101
2768 2962 3019
2769 1903 687
2770 4448 604
2771 1644 3233
2772 920 902
2773 2421 444
2774 2111 1797
2775 2320 2242
2776 675 2558
2777 4304 3927
2778 694 2446
2779 3015 3966
2780 4300 1982
2781 309 880
2782 3 3399
2783 1547 818
2784 3556 2356
2785 1785 1717
2786 1601 3233
2787 222 1336
2788 3335 3977
2789 640 3457
2790 547 2767
2791 1277 2877
2792 2537 2479
2793 1236 2431
2794 3181 2383
2795 314 322
2796 3751 389
2797 1036 -47
2798 158 3050
2799 4300 2244
2800 2269 1923
2801 3625 4901
2802 3832 1430
2803 2962 1525
2804 4578 932
2805 3398 2469
2806 4608 726
2807 684 15
2808 1711 2925
2809 2983 4047
2810 3277 2405
2811 543 2767
2812 2044 3112
2813 1735 3673
2814 2469 371
2815 593 3704
2816 1424 4278
2817 654 4992
2818 3285 2256
2819 2254 2101
2820 603 4299
2821 3795 3297
2822 3514 486
2823 4225 2527
2824 3444 653
2825 434 887
2826 2340 4421
2827 2450 4485
2828 2561 804
2829 2372 3866
2830 3625 4688
2831 858 -47
2832 3273 2546
2833 4362 3968
2834 2077 687
2835 2509 2719
2836 3166 102
2837 825 -47
2838 1735 3340
2839 1081 1858
2840 3046 2383
2841 311 359
2842 1947 2551
2843 1097 3989
2844 3377 290
2845 3905 2716
2846 2245 1627
2847 3093 102
2848 3496 486
2849 3493 3228
2850 3131 3977
2851 613 3395
2852 1549 3233
2853 3385 4157
2854 1701 2925
2855 2690 769
2856 728 3983
2857 1491 2690
2858 2343 2577
2859 2682 775
2860 603 4264
2861 654 2242
2862 1646 1480
2863 1439 1738
2864 2063 3596
2865 2816 2811
2866 2962 1654
2867 1921 2518
2868 288 576
2869 1735 3663
2870 2096 1832
2871 3128 869
2872 3046 511
2873 1139 4078
2874 1570 -9
2875 3625 4657
2876 3401 4031
2877 3575 486
2878 150 2826
2879 675 2607
2880 1669 1584
2881 3385 4031
2882 4886 3190
2883 1396 478
2884 1730 769
2885 3872 1447
2886 3450 2376
2887 1409 3091
2888 3848 2493
2889 526 949
2890 3170 4034
2891 2942 2823
2892 1711 753
2893 1396 589
2894 2828 97
2895 4163 2435
2896 4031 3913
2897 852 1858
2898 2816 2802
2899 1859 2847
2900 920 1036
2901 675 2631
2902 17 3067
2903 2879 4512
2904 2158 3112
2905 4267 3001
2906 3268 1308
2907 3484 1905
2908 4183 2527
2909 1232 1727
2910 1607 1665
2911 700 3581
2912 2150 444
2913 1947 2674
2914 640 3437
2915 1296 215
2916 1669 1134
2917 3010 4512
2918 3589 2420
2919 746 3695
2920 3625 4683
2921 1277 2710
2922 842 1114
2923 1159 188
2924 442 685
2925 493 2933
2926 3190 2292
2927 1646 3109
2928 309 630
2929 634 4992
2930 3048 2752
2931 3148 511
2932 1034 3906
2933 1414 4078
2934 1030 2308
2935 2828 239
2936 815 1858
2937 4284 2507
2938 2393 82
2939 2082 3112
2940 1703 4837
2941 1817 4622
2942 3385 4041
2943 1095 2306
2944 3832 1279
2945 3024 102
2946 1517 -9
2947 3654 562
2948 3667 4147
2949 3235 1654
2950 2320 2174
2951 1869 2415
2952 2784 775
2953 3753 3421
2954 3253 2405
2955 1424 4474
2956 2435 115
2957 4419 912
2958 2076 1978
2959 3309 511
2960 4448 3927
