713
0 361 589
1 379 314
2 308 535
3 381 700
4 521 596
5 117 385
6 175 222
7 453 236
8 379 272
9 349 46
10 680 70
11 146 385
12 497 100
13 479 363
14 459 74
15 306 163
16 159 136
17 707 237
18 207 611
19 206 36
20 53 350
21 612 122
22 624 128
23 547 412
24 313 78
25 620 651
26 516 280
27 697 520
28 248 267
29 446 295
30 661 206
31 521 635
32 527 696
33 55 139
34 68 241
35 661 168
36 455 665
37 118 264
38 10 385
39 159 121
40 446 275
41 208 654
42 521 696
43 301 704
44 648 441
45 308 501
46 357 46
47 179 611
48 131 326
49 374 700
50 459 89
51 487 494
52 469 443
53 461 494
54 55 125
55 667 441
56 763 272
57 479 443
58 53 363
59 361 575
60 651 213
61 661 177
62 528 339
63 538 115
64 424 250
65 416 411
66 230 267
67 122 215
68 273 267
69 308 508
70 553 510
71 423 479
72 278 550
73 229 28
74 547 420
75 16 625
76 763 307
77 266 213
78 52 307
79 82 264
80 24 139
81 620 663
82 625 145
83 424 271
84 661 186
85 571 492
86 294 163
87 30 604
88 612 35
89 733 441
90 55 173
91 206 23
92 266 232
93 24 125
94 46 581
95 680 65
96 716 537
97 146 388
98 46 237
99 86 616
100 170 375
101 353 701
102 46 215
103 453 63
104 540 304
105 405 316
106 616 467
107 10 442
108 119 385
109 379 316
110 338 267
111 464 236
112 452 325
113 297 163
114 466 494
115 203 23
116 709 441
117 446 368
118 553 498
119 776 635
120 677 234
121 38 139
122 122 151
123 392 224
124 49 385
125 455 615
126 625 131
127 361 510
128 735 537
129 339 193
130 303 47
131 151 388
132 520 494
133 127 363
134 446 250
135 170 299
136 312 29
137 343 223
138 771 384
139 470 236
140 424 245
141 507 115
142 569 492
143 115 581
144 175 225
145 416 390
146 424 297
147 650 441
148 674 35
149 776 610
150 175 188
151 547 296
152 776 584
153 364 267
154 52 264
155 86 604
156 10 477
157 8 549
158 430 477
159 361 487
160 46 203
161 81 264
162 624 427
163 661 213
164 351 487
165 303 52
166 68 250
167 612 87
168 361 573
169 424 252
170 179 606
171 478 236
172 441 395
173 229 48
174 122 90
175 436 316
176 689 748
177 285 654
178 206 52
179 353 704
180 77 223
181 658 168
182 306 52
183 46 232
184 122 153
185 422 385
186 588 696
187 629 427
188 520 412
189 170 285
190 634 467
191 97 385
192 325 584
193 455 649
194 411 29
195 487 608
196 41 385
197 159 105
198 416 404
199 536 316
200 223 654
201 413 31
202 339 162
203 122 101
204 771 307
205 159 119
206 94 581
207 40 176
208 589 492
209 680 67
210 776 630
211 612 17
212 52 286
213 615 467
214 416 479
215 632 87
216 641 234
217 361 517
218 446 443
219 416 437
220 287 594
221 455 668
222 606 484
223 175 218
224 645 168
225 416 385
226 55 164
227 230 285
228 188 232
229 148 157
230 423 516
231 552 510
232 46 250
233 254 28
234 86 609
235 137 307
236 680 80
237 547 293
238 159 43
239 749 748
240 46 220
241 493 280
242 737 748
243 131 363
244 625 129
245 10 397
246 306 78
247 170 307
248 416 408
249 148 190
250 86 646
251 459 71
252 229 31
253 547 419
254 680 87
255 230 28
256 438 516
257 503 608
258 210 232
259 697 533
260 514 494
261 411 224
262 10 426
263 598 492
264 208 611
265 697 467
266 339 46
267 455 658
268 303 28
269 272 28
270 8 531
271 122 126
272 175 232
273 10 436
274 521 677
275 762 237
276 528 365
277 455 680
278 624 35
279 479 325
280 459 82
281 493 266
282 46 552
283 285 704
284 547 287
285 536 280
286 196 611
287 612 88
288 165 278
289 521 627
290 521 686
291 413 29
292 521 597
293 379 273
294 348 46
295 86 650
296 680 69
297 493 96
298 612 19
299 493 259
300 165 299
301 306 162
302 46 563
303 620 748
304 338 46
305 677 237
306 140 307
307 697 507
308 612 121
309 727 237
310 430 471
311 446 237
312 170 300
313 53 355
314 528 347
315 613 87
316 553 492
317 776 537
318 641 213
319 230 275
320 40 185
321 489 494
322 618 427
323 376 29
324 177 606
325 288 267
326 46 385
327 550 696
328 678 748
329 442 365
330 641 225
331 612 96
332 6 531
333 436 336
334 170 388
335 6 477
336 8 546
337 697 530
338 16 648
339 446 307
340 587 696
341 720 537
342 693 748
343 763 252
344 441 412
345 771 426
346 447 325
347 122 214
348 122 95
349 424 307
350 170 347
351 352 29
352 16 624
353 498 494
354 357 50
355 770 692
356 493 271
357 46 207
358 589 691
359 114 363
360 538 83
361 430 459
362 465 325
363 690 237
364 25 139
365 559 286
366 424 224
367 505 280
368 115 590
369 468 96
370 547 324
371 745 441
372 445 538
373 771 441
374 156 606
375 148 606
376 170 364
377 776 627
378 55 90
379 172 285
380 497 205
381 574 696
382 159 168
383 224 52
384 697 518
385 159 182
386 55 110
387 290 163
388 479 436
389 348 50
390 145 307
391 536 294
392 54 176
393 479 332
394 287 267
395 453 31
396 446 341
397 46 217
398 479 368
399 165 307
400 159 145
401 361 511
402 446 292
403 261 28
404 146 606
405 450 699
406 165 285
407 37 552
408 52 302
409 313 55
410 6 498
411 10 420
412 312 487
413 382 224
414 528 349
415 250 28
416 503 206
417 10 398
418 44 139
419 379 296
420 423 459
421 40 187
422 285 668
423 769 441
424 553 500
425 375 267
426 343 584
427 159 23
428 771 339
429 468 443
430 759 537
431 629 441
432 16 650
433 589 696
434 737 441
435 490 432
436 360 267
437 479 442
438 372 224
439 446 252
440 446 305
441 159 91
442 182 232
443 82 223
444 606 467
445 770 719
446 668 748
447 776 677
448 629 748
449 428 316
450 288 28
451 478 443
452 415 700
453 218 654
454 10 403
455 16 604
456 423 478
457 444 494
458 493 243
459 265 594
460 97 363
461 170 355
462 625 164
463 354 29
464 75 650
465 6 520
466 355 589
467 331 584
468 719 441
469 284 28
470 697 537
471 640 748
472 216 654
473 148 210
474 361 499
475 55 152
476 589 651
477 436 365
478 719 748
479 339 50
480 68 224
481 559 280
482 140 590
483 581 492
484 379 294
485 763 237
486 122 223
487 528 353
488 771 405
489 479 236
490 487 432
491 154 606
492 585 427
493 414 31
494 776 623
495 493 236
496 279 267
497 497 96
498 507 432
499 86 617
500 353 700
501 430 494
502 122 141
503 118 223
504 379 700
505 165 264
506 589 682
507 501 205
508 330 267
509 648 87
510 761 441
511 54 581
512 606 477
513 446 412
514 343 193
515 347 704
516 388 29
517 680 35
518 36 650
519 66 604
520 455 699
521 776 671
522 503 596
523 637 748
524 521 670
525 379 267
526 308 550
527 538 48
528 343 589
529 265 550
530 612 128
531 429 385
532 625 168
533 497 115
534 175 182
535 546 412
536 478 608
537 648 213
538 282 163
539 449 516
540 430 475
541 416 459
542 343 224
543 165 283
544 303 46
545 763 258
546 361 571
547 736 537
548 339 177
549 375 29
550 748 537
551 122 118
552 448 236
553 520 501
554 237 28
555 770 748
556 441 385
557 538 17
558 261 232
559 53 307
560 326 46
561 694 237
562 422 316
563 680 86
564 170 358
565 352 487
566 536 324
567 212 285
568 625 157
569 53 360
570 776 574
571 446 700
572 303 29
573 417 316
574 55 187
575 334 162
576 122 210
577 441 394
578 175 215
579 285 659
580 157 606
581 61 650
582 446 325
583 293 704
584 170 353
585 442 368
586 702 237
587 493 267
588 630 441
589 292 550
590 387 224
591 146 590
592 449 520
593 661 199
594 266 163
595 165 279
596 47 176
597 55 176
598 771 407
599 776 692
600 339 165
601 725 748
602 423 526
603 521 667
604 146 387
605 16 619
606 284 267
607 192 611
608 446 236
609 55 147
610 94 90
611 118 247
612 450 700
613 528 324
614 313 50
615 459 63
616 521 629
617 776 556
618 479 432
619 540 297
620 135 210
621 63 250
622 424 235
623 120 385
624 503 205
625 137 326
626 548 427
627 559 492
628 528 368
629 479 328
630 265 578
631 318 162
632 133 590
633 776 638
634 680 81
635 583 427
636 202 285
637 126 210
638 670 441
639 285 697
640 150 606
641 641 226
642 511 412
643 455 608
644 449 538
645 625 128
646 416 461
647 244 267
648 146 602
649 664 35
650 538 75
651 24 130
652 506 368
653 501 280
654 771 389
655 606 492
656 339 179
657 622 467
658 208 643
659 521 675
660 308 513
661 554 492
662 459 96
663 229 52
664 464 494
665 472 608
666 771 433
667 493 246
668 423 538
669 55 203
670 122 157
671 49 203
672 77 90
673 436 350
674 549 696
675 8 552
676 708 537
677 732 237
678 68 223
679 172 23
680 507 412
681 656 467
682 55 120
683 24 137
684 625 147
685 75 363
686 416 442
687 361 546
688 430 516
689 559 287
690 776 681
691 520 510
692 343 207
693 770 741
694 540 324
695 435 316
696 148 172
697 521 654
698 547 427
699 308 487
700 497 206
701 540 280
702 61 604
703 287 584
704 589 685
705 235 232
706 313 69
707 395 29
708 536 281
709 45 187
710 521 626
711 121 264
712 159 106
