1908
0 2803 1887
1 1100 367
2 2526 660
3 1550 1767
4 810 1817
5 846 1613
6 801 2415
7 300 1650
8 926 369
9 1803 1944
10 1632 693
11 1355 1605
12 2308 2001
13 1416 2376
14 2030 2536
15 2002 106
16 1931 772
17 409 351
18 911 266
19 31 1169
20 918 488
21 2116 1313
22 1991 1640
23 727 50
24 2580 813
25 230 2441
26 2526 469
27 422 523
28 401 2365
29 2663 1069
30 2080 1969
31 420 351
32 517 2653
33 1328 1351
34 2504 1772
35 940 2297
36 1717 2338
37 1037 1339
38 2032 1627
39 2516 1427
40 1885 2585
41 181 557
42 1932 1743
43 2347 1988
44 1622 274
45 343 2445
46 1956 596
47 2621 1127
48 918 630
49 882 2415
50 2032 1731
51 2704 227
52 1941 2242
53 1890 384
54 2585 813
55 2148 2105
56 1826 1743
57 2424 1707
58 2735 1360
59 1876 962
60 918 506
61 27 2091
62 1629 2264
63 2800 2425
64 364 119
65 129 158
66 1013 366
67 2300 2001
68 2177 2105
69 43 788
70 810 1755
71 1317 2368
72 2032 1364
73 2703 1427
74 983 1223
75 751 241
76 1735 1536
77 2397 2386
78 541 1439
79 1792 1944
80 1644 234
81 963 1796
82 356 523
83 27 2080
84 2397 2441
85 801 2532
86 2800 2255
87 2798 2069
88 843 1465
89 1941 2260
90 2032 1355
91 1173 22
92 1252 78
93 1434 1352
94 1403 234
95 2392 2029
96 1920 1962
97 1486 1352
98 421 2365
99 1484 1352
100 349 1394
101 1135 2297
102 1701 299
103 136 1718
104 1147 2314
105 2183 912
106 1434 1201
107 429 1492
108 887 1592
109 1535 106
110 1769 910
111 2526 576
112 2697 2069
113 2800 2133
114 1037 1375
115 1321 1384
116 2260 2068
117 541 1239
118 1717 2264
119 1295 2368
120 92 630
121 2475 353
122 810 1716
123 1648 2221
124 931 78
125 2043 788
126 2428 9
127 750 2375
128 1517 731
129 31 1147
130 701 1465
131 882 2472
132 2803 2069
133 2471 321
134 2663 1095
135 -97 1548
136 288 2342
137 1002 1626
138 734 2041
139 794 2041
140 1623 274
141 1154 1823
142 1753 1594
143 1931 1953
144 944 1364
145 1307 2326
146 2260 2074
147 2752 2069
148 2188 2105
149 954 485
150 1029 1391
151 2663 863
152 810 1559
153 -22 1718
154 2104 607
155 687 2065
156 705 2010
157 1415 731
158 612 50
159 2198 2385
160 1991 1444
161 1548 234
162 1644 1820
163 1037 1354
164 517 2440
165 300 1698
166 2794 1772
167 1380 731
168 422 405
169 911 243
170 1047 888
171 808 2010
172 2397 2534
173 785 2375
174 27 2383
175 2052 1773
176 2059 1953
177 976 2010
178 727 173
179 1261 2326
180 2030 2475
181 112 2441
182 1288 2326
183 277 1217
184 2934 1384
185 850 1896
186 882 2603
187 765 241
188 1600 1883
189 1769 962
190 1720 1795
191 1741 1352
192 2183 770
193 2023 489
194 2228 1324
195 2741 90
196 976 1888
197 1328 1173
198 266 1121
199 300 1680
200 1646 1556
201 1522 727
202 1656 1843
203 1093 1823
204 222 1909
205 1019 1592
206 2055 106
207 1788 384
208 957 78
209 810 1536
210 2663 842
211 429 1322
212 1720 1802
213 993 -12
214 1100 1615
215 2185 770
216 918 561
217 801 2564
218 2726 2133
219 2407 1700
220 2484 1427
221 734 2375
222 277 1235
223 1930 979
224 911 2375
225 1700 1795
226 729 917
227 1618 1352
228 2662 1360
229 1338 2368
230 1726 2260
231 911 384
232 305 1428
233 1874 1949
234 2603 813
235 1081 1866
236 307 351
237 2051 1324
238 334 1235
239 2177 2385
240 176 119
241 2553 1772
242 767 1228
243 276 2345
244 2475 2542
245 1029 1339
246 1717 2278
247 2118 164
248 1600 1787
249 2104 659
250 2025 489
251 1187 1384
252 1774 684
253 820 2375
254 541 1335
255 2407 1605
256 954 371
257 1691 1795
258 2621 1210
259 1931 784
260 1906 175
261 2114 1901
262 2118 12
263 1657 106
264 129 184
265 810 1642
266 1628 234
267 801 2509
268 1777 299
269 2118 159
270 1706 684
271 1614 1883
272 936 711
273 882 2376
274 1549 1556
275 338 523
276 2032 1330
277 1720 1823
278 1726 2246
279 1903 1962
280 28 1155
281 1355 1716
282 1522 274
283 918 693
284 2226 1324
285 2544 227
286 241 1515
287 2716 227
288 734 2507
289 1293 1384
290 2030 2423
291 685 1228
292 2030 2534
293 2525 1772
294 1931 782
295 383 1309
296 1550 1764
297 2104 680
298 1051 -12
299 2067 2003
300 2800 2212
301 1717 2487
302 882 2426
303 43 800
304 190 1776
305 1658 761
306 776 1465
307 2737 1427
308 28 1169
309 1867 719
310 1865 1944
311 2118 113
312 2489 1758
313 277 1121
314 1866 684
315 2067 2008
316 1871 747
317 1961 106
318 970 1626
319 1503 1401
320 1775 684
321 727 228
322 1394 1293
323 2183 845
324 876 2066
325 1556 106
326 966 13
327 2526 647
328 882 2442
329 1882 559
330 2934 1360
331 734 2667
332 422 468
333 95 1718
334 958 234
335 517 2394
336 1720 1868
337 1396 1243
338 1769 922
339 2183 821
340 429 1401
341 1995 674
342 541 1300
343 965 1592
344 983 1225
345 2597 2542
346 1397 234
347 1867 620
348 2815 191
349 1517 758
350 1069 888
351 610 50
352 1917 596
353 801 2724
354 1261 166
355 2397 2447
356 1364 699
357 958 294
358 2315 2001
359 2173 1324
360 410 1598
361 2030 2580
362 2749 1360
363 2271 1313
364 2183 835
365 1267 78
366 1876 970
367 1656 1795
368 1009 2297
369 1881 559
370 135 1020
371 954 692
372 1065 1757
373 1834 1944
374 2621 1144
375 28 1094
376 340 119
377 869 78
378 2543 691
379 1034 1597
380 1867 747
381 1500 106
382 240 1986
383 2045 1324
384 2032 1690
385 1869 596
386 1066 1334
387 976 2097
388 727 136
389 591 50
390 708 1492
391 129 119
392 293 523
393 92 960
394 954 464
395 273 1968
396 1658 774
397 900 1131
398 78 630
399 2476 227
400 944 1413
401 2448 1758
402 1251 1601
403 1585 756
404 2183 793
405 1328 1307
406 2406 -24
407 1358 731
408 153 1121
409 1936 596
410 2062 34
411 2183 897
412 1080 1744
413 2407 1529
414 62 1718
415 734 2066
416 2078 1324
417 929 1465
418 1625 1831
419 277 1214
420 1994 596
421 1058 2297
422 815 2738
423 1093 1827
424 1162 1384
425 2104 753
426 1632 274
427 1818 1444
428 1644 1821
429 1151 -12
430 1074 -12
431 2104 499
432 2543 727
433 918 401
434 1867 663
435 1521 1401
436 919 711
437 422 485
438 810 1567
439 429 1335
440 1810 2585
441 -74 1718
442 976 2077
443 1455 2314
444 1259 756
445 2763 1772
446 2610 813
447 1644 1812
448 2261 1313
449 1236 2314
450 2644 1095
451 1786 299
452 2260 2089
453 578 1465
454 2026 1953
455 2295 2042
456 596 50
457 701 1475
458 1867 652
459 2030 2385
460 1431 106
461 1446 1401
462 1104 1384
463 823 1896
464 1268 2368
465 801 2376
466 2047 1773
467 2800 2355
468 918 419
469 1207 2314
470 1598 1556
471 2067 1969
472 2682 2121
473 1673 919
474 2407 1622
475 2621 1191
476 2404 1427
477 2118 -3
478 2012 489
479 1922 1248
480 2934 1403
481 146 1720
482 940 2375
483 2382 2349
484 1238 78
485 1980 2260
486 1008 -12
487 1877 979
488 1254 78
489 810 1544
490 429 1314
491 1446 1387
492 253 351
493 1070 -12
494 110 630
495 723 2066
496 918 696
497 2218 2385
498 1503 731
499 1111 888
500 1991 1559
501 734 2580
502 2617 1772
503 263 1945
504 1149 1601
505 193 2441
506 2663 968
507 2286 2385
508 777 1239
509 1625 1805
510 2653 813
511 2432 227
512 238 523
513 2260 2042
514 1919 489
515 1735 1680
516 1312 1384
517 2068 2385
518 1465 106
519 381 1597
520 2526 512
521 1416 2347
522 276 2377
523 1930 1313
524 2108 187
525 2803 1993
526 2663 1081
527 958 267
528 2329 1978
529 2584 1772
530 2471 264
531 1523 1387
532 2120 1901
533 395 1698
534 181 2441
535 2391 2042
536 2067 2080
537 541 1465
538 1644 1902
539 867 22
540 2515 1427
541 370 351
542 1805 1460
543 517 2391
544 2135 761
545 1066 1384
546 268 1121
547 954 410
548 2649 1427
549 1941 2238
550 1766 1612
551 2185 761
552 1502 1352
553 1821 384
554 2624 1095
555 1585 2264
556 846 1626
557 2104 705
558 1949 508
559 1254 1384
560 1720 1862
561 797 1492
562 853 2376
563 2471 318
564 1585 726
565 2397 2349
566 810 1751
567 1944 489
568 1374 699
569 577 1239
570 2663 1004
571 667 50
572 810 1894
573 241 1548
574 898 1465
575 555 2675
576 43 710
577 2082 1895
578 1493 1556
579 1392 106
580 2471 237
581 1013 355
582 1580 106
583 1673 934
584 947 711
585 1394 1285
586 2671 227
587 1717 2345
588 2663 997
589 1735 1541
590 2428 -12
591 1716 1795
592 1550 1843
593 801 2416
594 818 1198
595 2883 1360
596 2147 2385
597 2372 2027
598 -97 1578
599 1883 1248
600 2621 1150
601 2168 912
602 410 1599
603 2184 -24
604 1354 1601
605 1788 312
606 810 1896
607 2082 1798
608 1517 750
609 2376 2027
610 276 2420
611 2792 2133
612 1876 1310
613 1752 910
614 259 351
615 1550 1850
616 542 1235
617 1636 1858
618 1747 1736
619 1717 2585
620 1717 2260
621 2564 813
622 -97 1696
623 1944 510
624 1462 1716
625 1191 78
626 2695 90
627 1506 1401
628 1966 596
629 422 367
630 803 1228
631 2104 733
632 2445 2542
633 1019 1866
634 944 1423
635 2067 2039
636 2800 2296
637 934 2066
638 2413 2542
639 983 1282
640 2934 1427
641 2424 1730
642 1931 859
643 882 2738
644 911 369
645 2605 813
646 1475 106
647 342 1235
648 1687 1795
649 2786 227
650 855 2375
651 2815 124
652 1906 269
653 1673 962
654 254 1428
655 954 566
656 2299 2001
657 1906 156
658 2803 1891
659 2488 353
660 -86 1718
661 1717 2317
662 1931 1962
663 1243 1601
664 926 2010
665 1296 106
666 1998 2260
667 2663 1089
668 2477 227
669 288 2360
670 2742 2542
671 1460 2314
672 2148 2167
673 1606 1883
674 818 1131
675 687 2010
676 1717 2326
677 1931 1955
678 2089 2167
679 840 2066
680 1100 1628
681 1658 888
682 2724 2542
683 1889 1444
684 966 -12
685 1551 1352
686 1752 962
687 1037 1352
688 1550 1902
689 1805 1555
690 31 1131
691 2053 912
692 137 630
693 714 2066
694 2104 761
695 275 1398
696 1658 784
697 1566 2264
698 2682 1772
699 1438 699
700 541 1361
701 2251 -24
702 1508 699
703 527 50
704 877 1896
705 2424 1758
706 835 22
707 1998 2238
708 2800 2365
709 135 977
710 998 1334
711 1636 1812
712 1735 1711
713 517 2571
714 1314 2368
715 990 1866
716 885 1131
717 1434 1293
718 222 1938
719 1096 367
720 1625 1849
721 410 1695
722 1794 2585
723 495 2382
724 1489 699
725 958 1592
726 1625 1783
727 429 1431
728 877 1592
729 2104 647
730 1805 1511
731 2407 1617
732 1726 2259
733 1446 1393
734 2498 1758
735 1615 234
736 711 1465
737 2097 1324
738 1486 2307
739 2082 1870
740 31 1094
741 2417 -24
742 129 172
743 701 1492
744 517 2418
745 1632 684
746 1285 1601
747 1355 2314
748 1078 354
749 1906 291
750 1867 596
751 1685 299
752 842 22
753 146 651
754 2621 1296
755 2526 678
756 1486 2314
757 1105 354
758 2382 2357
759 2621 1095
760 1769 955
761 1714 962
762 2189 1978
763 966 148
764 178 1776
765 1741 1735
766 954 369
767 291 1638
768 794 2065
769 1735 1579
770 994 879
771 2691 2542
772 2067 2069
773 2621 1321
774 2693 1772
775 422 351
776 2120 1929
777 801 2386
778 1846 1944
779 2222 1313
780 1341 1115
781 109 630
782 954 376
783 735 966
784 875 2376
785 2335 2385
786 932 1465
787 1093 1888
788 2347 2002
789 268 1428
790 1339 699
791 754 2041
792 2621 1427
793 537 50
794 1949 489
795 1949 596
796 801 2500
797 -97 1585
798 136 351
799 1355 1601
800 2163 1313
801 2528 1427
802 2471 408
803 2428 -24
804 2347 1978
805 1542 2264
806 278 119
807 1985 2585
808 1829 684
809 1600 1816
810 1394 1275
811 181 585
812 1656 1880
813 940 2340
814 2058 1953
815 1952 1444
816 -97 1598
817 870 2010
818 2120 912
819 1870 1352
820 1831 962
821 2067 2005
822 2800 2214
823 1500 1556
824 994 888
825 2043 674
826 2214 1313
827 1582 2264
828 1037 859
829 2082 1901
830 944 1301
831 2104 706
832 1264 756
833 940 2339
834 1490 106
835 614 50
836 1707 1352
837 1769 919
838 2681 90
839 115 1548
840 1648 1902
841 1788 299
842 2032 1630
843 1577 1352
844 2035 2385
845 2322 1978
846 2543 678
847 920 1131
848 1636 1885
849 829 2376
850 1013 354
851 944 1435
852 2129 1978
853 735 917
854 2115 2385
855 810 1759
856 1161 -12
857 303 1428
858 901 2066
859 2663 996
860 926 2375
861 2428 87
862 867 2066
863 2463 1758
864 2148 2140
865 954 436
866 1328 1384
867 28 1097
868 1931 812
869 2299 1978
870 1926 156
871 1656 1797
872 1753 1612
873 422 373
874 222 1788
875 835 2375
876 734 2476
877 1720 1884
878 1759 910
879 2148 2139
880 2255 1313
881 818 1151
882 2407 1686
883 181 660
884 438 119
885 2159 -24
886 1876 979
887 401 2445
888 1645 234
889 1906 384
890 1636 1866
891 1930 912
892 2663 813
893 92 2441
894 2032 1526
895 2803 1772
896 1906 275
897 2104 589
898 1328 1382
899 2104 572
900 140 1548
901 1569 274
902 2253 2385
903 2424 1731
904 2757 90
905 2067 2125
906 1906 245
907 853 2066
908 2054 489
909 1381 234
910 154 119
911 2226 2385
912 772 2010
913 1184 2314
914 2407 1591
915 2351 2385
916 2501 227
917 1997 1953
918 2701 2542
919 233 2441
920 1998 1953
921 1034 1626
922 2039 1324
923 1466 1716
924 667 2675
925 95 1548
926 2294 -24
927 1258 1601
928 528 2675
929 146 1770
930 1735 1731
931 1937 489
932 690 1228
933 429 1475
934 1071 -12
935 2139 1324
936 1033 1866
937 1328 1300
938 429 1364
939 1995 633
940 27 2275
941 216 351
942 1535 234
943 1837 684
944 1011 1626
945 323 351
946 1018 888
947 2397 2538
948 578 1492
949 170 1548
950 687 2066
951 1082 1866
952 2724 2133
953 2800 2286
954 1656 299
955 1287 2326
956 1735 1609
957 43 874
958 983 1320
959 966 -11
960 1505 1551
961 1753 1536
962 816 1465
963 27 2047
964 1046 1866
965 882 2607
966 1643 1352
967 1328 1129
968 724 1492
969 1636 1902
970 113 630
971 734 2622
972 2104 617
973 2183 774
974 1416 2314
975 1259 758
976 1632 299
977 2803 1913
978 252 1428
979 1646 1552
980 2637 227
981 983 1131
982 276 2335
983 1829 384
984 1037 1431
985 1954 2238
986 291 1650
987 1717 2559
988 687 2032
989 911 300
990 2543 813
991 1625 1848
992 1422 699
993 1171 15
994 1876 1352
995 1029 1334
996 429 1430
997 2118 169
998 445 2365
999 2800 2180
1000 517 2675
1001 43 960
1002 794 2060
1003 1735 1588
1004 810 1694
1005 27 2255
1006 2800 2146
1007 2543 810
1008 2684 2069
1009 1037 1394
1010 810 1492
1011 1486 2304
1012 2067 2167
1013 27 1986
1014 146 1718
1015 2260 2105
1016 1623 234
1017 1100 1601
1018 1874 1944
1019 650 1235
1020 516 2382
1021 1386 274
1022 1555 1551
1023 822 2066
1024 1906 179
1025 1029 1431
1026 2180 1313
1027 2347 2023
1028 112 1986
1029 882 2643
1030 266 119
1031 1430 1716
1032 148 119
1033 1735 1685
1034 652 1228
1035 994 876
1036 1726 2221
1037 1866 559
1038 1600 1803
1039 1267 22
1040 1717 2284
1041 422 431
1042 351 351
1043 2187 1324
1044 1919 491
1045 2779 90
1046 2905 1360
1047 577 50
1048 517 2670
1049 882 2375
1050 1991 1514
1051 2030 2530
1052 2526 518
1053 1376 274
1054 2621 1313
1055 2120 1969
1056 2778 1427
1057 1657 112
1058 1522 758
1059 1987 2585
1060 1629 234
1061 1886 747
1062 2792 1360
1063 2032 1324
1064 2104 531
1065 728 2066
1066 2621 1225
1067 2037 1313
1068 1735 1560
1069 650 1228
1070 1720 1944
1071 1355 1710
1072 966 22
1073 2418 1707
1074 1029 1410
1075 1567 106
1076 2570 227
1077 810 1797
1078 2120 1976
1079 985 1592
1080 1923 1962
1081 1615 693
1082 1308 2326
1083 241 1505
1084 135 1035
1085 1866 672
1086 536 1492
1087 -48 1548
1088 1657 234
1089 143 1718
1090 734 2575
1091 918 632
1092 1219 22
1093 1368 731
1094 288 2424
1095 1122 2297
1096 2182 1324
1097 882 2709
1098 303 1398
1099 977 1888
1100 1434 1078
1101 882 2446
1102 349 1386
1103 129 128
1104 1434 1113
1105 1859 1944
1106 2166 2385
1107 2404 1488
1108 1026 888
1109 2108 211
1110 1216 2362
1111 410 1626
1112 1041 1866
1113 2104 912
1114 899 1896
1115 422 376
1116 2682 2069
1117 1805 1444
1118 2055 1798
1119 138 1548
1120 2815 90
1121 1065 1744
1122 1844 1444
1123 2036 24
1124 948 1896
1125 489 50
1126 2800 2542
1127 929 711
1128 916 398
1129 918 510
1130 242 119
1131 1805 1612
1132 241 1428
1133 328 1428
1134 273 1986
1135 1656 1902
1136 801 2535
1137 934 711
1138 1434 1242
1139 410 1597
1140 288 2445
1141 768 1228
1142 983 1294
1143 2474 353
1144 2354 -24
1145 2047 106
1146 1623 758
1147 801 2738
1148 17 1718
1149 771 241
1150 1805 1494
1151 958 300
1152 1183 1384
1153 1906 281
1154 834 2066
1155 1807 2585
1156 1926 106
1157 1898 559
1158 260 119
1159 2407 1681
1160 914 1239
1161 1550 234
1162 1034 1592
1163 1103 1384
1164 2089 1313
1165 855 2376
1166 881 2010
1167 1548 106
1168 957 2010
1169 429 1377
1170 2621 1279
1171 315 1235
1172 2043 787
1173 2428 14
1174 -68 1548
1175 881 241
1176 2621 1360
1177 1802 962
1178 1754 910
1179 913 2375
1180 1991 1601
1181 1866 615
1182 2681 1772
1183 1876 1248
1184 2471 324
1185 146 1776
1186 273 1973
1187 1949 514
1188 2251 2105
1189 1389 234
1190 2800 2289
1191 2605 1772
1192 2526 591
1193 209 523
1194 2139 912
1195 2543 776
1196 1608 1883
1197 2640 1360
1198 2804 227
1199 936 22
1200 2260 2079
1201 -97 1659
1202 2506 2542
1203 27 2059
1204 1100 1744
1205 1673 888
1206 241 1456
1207 2470 2542
1208 2407 1530
1209 1446 106
1210 940 2104
1211 2055 147
1212 2663 947
1213 1995 632
1214 1648 2264
1215 469 50
1216 1307 756
1217 410 1664
1218 2800 2305
1219 1218 2326
1220 663 1228
1221 388 351
1222 523 1235
1223 2104 756
1224 2658 1360
1225 835 1131
1226 746 2041
1227 -21 1718
1228 1514 1551
1229 2104 611
1230 976 2073
1231 243 1121
1232 375 1235
1233 2064 1798
1234 1171 147
1235 950 369
1236 2108 156
1237 734 2390
1238 2601 1427
1239 1876 1339
1240 1656 1944
1241 2055 112
1242 958 190
1243 782 2010
1244 255 1428
1245 810 1507
1246 43 755
1247 1652 684
1248 1934 2585
1249 813 2010
1250 1922 1295
1251 1061 1334
1252 2471 360
1253 2526 408
1254 1931 912
1255 2382 2385
1256 810 1541
1257 801 2454
1258 135 1089
1259 734 2058
1260 137 351
1261 2815 227
1262 2407 1707
1263 2034 1313
1264 1944 596
1265 716 1492
1266 1033 859
1267 963 1866
1268 1188 78
1269 2219 1313
1270 1550 1716
1271 1833 384
1272 2471 353
1273 146 1743
1274 302 1638
1275 911 391
1276 2915 1360
1277 185 1986
1278 1771 2585
1279 994 859
1280 1171 166
1281 983 1334
1282 2030 2489
1283 1805 1596
1284 355 1638
1285 1105 367
1286 2934 1406
1287 1892 384
1288 1029 1342
1289 1600 1784
1290 729 921
1291 1673 925
1292 734 2576
1293 2407 1608
1294 13 1718
1295 1374 731
1296 146 630
1297 2397 2430
1298 349 1428
1299 1867 598
1300 146 649
1301 241 1533
1302 1620 1556
1303 422 437
1304 1600 1791
1305 445 2382
1306 765 1465
1307 275 1428
1308 2397 2502
1309 843 2375
1310 291 1640
1311 940 2066
1312 918 711
1313 975 1896
1314 1113 1827
1315 1045 -12
1316 2621 1319
1317 2641 1427
1318 2663 90
1319 369 1597
1320 2120 1931
1321 2 1548
1322 734 2675
1323 153 1109
1324 991 1888
1325 2683 2133
1326 2420 1707
1327 28 1128
1328 2511 2542
1329 1171 -12
1330 2032 1579
1331 944 1247
1332 1258 2314
1333 790 2010
1334 2120 1970
1335 2428 77
1336 1656 1875
1337 412 2365
1338 1455 2376
1339 1936 1743
1340 1510 699
1341 810 1760
1342 1272 2326
1343 998 1626
1344 288 2402
1345 541 1285
1346 2036 12
1347 917 1626
1348 2030 2538
1349 240 351
1350 760 2375
1351 1805 1743
1352 2803 1826
1353 2039 1953
1354 1659 1352
1355 1966 489
1356 1093 1879
1357 2082 1872
1358 1493 1551
1359 2118 114
1360 844 2738
1361 -97 1592
1362 1658 847
1363 2440 227
1364 1223 1601
1365 1991 1499
1366 303 1408
1367 93 1718
1368 1507 274
1369 577 1235
1370 2663 1008
1371 1931 827
1372 1805 1736
1373 1557 274
1374 879 1592
1375 1029 1418
1376 1310 2368
1377 1616 1883
1378 772 2041
1379 2546 1427
1380 2934 1373
1381 979 -12
1382 2502 2542
1383 1735 1656
1384 1510 693
1385 -97 1718
1386 2100 156
1387 2198 1313
1388 1037 1334
1389 1401 234
1390 1991 1743
1391 2067 2099
1392 889 2066
1393 2328 2042
1394 735 241
1395 2621 1355
1396 367 1309
1397 222 1776
1398 2428 90
1399 1388 106
1400 2491 353
1401 2032 1475
1402 1066 1369
1403 1544 1716
1404 1658 849
1405 829 78
1406 1933 489
1407 2630 90
1408 1944 499
1409 1376 245
1410 787 2375
1411 846 1592
1412 410 1698
1413 1351 2314
1414 827 1896
1415 1931 755
1416 1786 2585
1417 2800 2430
1418 940 2323
1419 1527 1716
1420 288 2335
1421 2104 577
1422 929 1131
1423 129 351
1424 1434 1243
1425 2104 560
1426 438 114
1427 2424 1719
1428 2392 2027
1429 1034 1598
1430 2347 2385
1431 1946 1313
1432 542 1238
1433 911 1131
1434 270 1121
1435 196 1548
1436 2565 90
1437 954 458
1438 275 119
1439 860 2375
1440 991 1866
1441 2081 34
1442 2104 584
1443 2089 34
1444 129 336
1445 1581 1551
1446 2404 1486
1447 1995 596
1448 2498 1772
1449 1291 106
1450 818 1228
1451 2067 2118
1452 2706 2542
1453 1286 756
1454 401 2435
1455 2149 1978
1456 2737 227
1457 963 1776
1458 1601 693
1459 2527 678
1460 1949 520
1461 1720 1893
1462 1094 1823
1463 2055 156
1464 2032 1773
1465 2563 2542
1466 727 132
1467 940 1465
1468 1689 2221
1469 134 1986
1470 1517 733
1471 1910 747
1472 1522 693
1473 1615 2264
1474 2782 227
1475 578 1472
1476 1493 1387
1477 2428 237
1478 944 1465
1479 1002 1334
1480 2654 1095
1481 1153 1601
1482 2644 1360
1483 1114 -12
1484 810 1713
1485 1338 2326
1486 656 1239
1487 2259 2105
1488 1717 2314
1489 1328 1262
1490 1991 1704
1491 2104 489
1492 833 78
1493 1135 2314
1494 2780 2542
1495 1347 731
1496 1805 1472
1497 135 1109
1498 79 1548
1499 1788 351
1500 369 1638
1501 1402 699
1502 401 2422
1503 2685 227
1504 1111 859
1505 911 241
1506 241 1448
1507 129 246
1508 2428 227
1509 255 1986
1510 2404 1506
1511 429 1355
1512 870 2066
1513 2118 34
1514 1646 1551
1515 2244 1324
1516 31 1108
1517 77 2441
1518 1876 1348
1519 1086 888
1520 1486 2283
1521 2118 189
1522 783 1492
1523 288 2377
1524 148 1776
1525 2043 833
1526 2032 1545
1527 624 1239
1528 2800 2465
1529 232 2441
1530 1644 1808
1531 734 2398
1532 1753 1551
1533 1542 1395
1534 2646 90
1535 882 2596
1536 958 166
1537 263 1966
1538 1423 1078
1539 966 166
1540 2036 34
1541 349 1409
1542 1475 274
1543 410 1643
1544 911 2066
1545 1338 2346
1546 687 2034
1547 146 660
1548 1788 356
1549 349 1330
1550 2347 2027
1551 1625 1854
1552 2258 1324
1553 2830 1427
1554 1394 1243
1555 2180 912
1556 115 1718
1557 2101 2385
1558 446 50
1559 1261 106
1560 2153 2105
1561 2682 2133
1562 1931 904
1563 918 603
1564 27 2384
1565 330 119
1566 1717 2502
1567 833 1131
1568 545 1492
1569 1740 1352
1570 801 2591
1571 918 463
1572 1625 1799
1573 822 2375
1574 1171 22
1575 2800 2350
1576 1434 1144
1577 1625 1789
1578 135 960
1579 67 1548
1580 1462 699
1581 1585 693
1582 1328 699
1583 2120 1916
1584 1440 2376
1585 1717 2511
1586 940 2068
1587 2118 -24
1588 1956 1743
1589 1338 2364
1590 1480 106
1591 1029 1429
1592 2526 677
1593 1486 2313
1594 846 1602
1595 1408 699
1596 2800 2341
1597 181 635
1598 2260 2047
1599 1449 2376
1600 43 630
1601 2698 227
1602 43 816
1603 1539 1551
1604 1720 1821
1605 789 1239
1606 93 960
1607 2043 877
1608 265 351
1609 2709 1772
1610 2744 2069
1611 918 473
1612 2424 1427
1613 349 1309
1614 2118 1
1615 2803 1988
1616 2491 324
1617 495 50
1618 1600 1783
1619 1295 2326
1620 2525 1427
1621 1416 2368
1622 263 1938
1623 1760 684
1624 2407 1657
1625 1376 234
1626 1057 1888
1627 1328 1319
1628 810 1673
1629 2499 408
1630 2803 1884
1631 163 1121
1632 1867 724
1633 940 2344
1634 2030 2424
1635 1657 231
1636 209 119
1637 944 1239
1638 1284 758
1639 1750 299
1640 2120 1978
1641 541 1275
1642 2281 1978
1643 1229 2326
1644 1397 1115
1645 1949 554
1646 1486 2264
1647 1608 234
1648 1434 1116
1649 2501 2542
1650 2190 1324
1651 1636 1849
1652 735 928
1653 447 50
1654 727 234
1655 69 1548
1656 1019 2297
1657 2621 1216
1658 760 1465
1659 2043 880
1660 994 887
1661 420 1309
1662 576 1492
1663 2120 1953
1664 2250 1324
1665 2322 2001
1666 1259 2326
1667 1568 106
1668 1805 1449
1669 1165 -12
1670 801 2539
1671 2815 95
1672 135 1026
1673 1427 274
1674 2800 2256
1675 1837 962
1676 28 1142
1677 1154 1827
1678 2194 -24
1679 2663 1000
1680 882 2698
1681 801 2613
1682 2171 1313
1683 241 1536
1684 2302 -24
1685 1343 1115
1686 1328 1115
1687 561 1465
1688 2697 1772
1689 1013 367
1690 156 1776
1691 1355 1641
1692 729 966
1693 2747 1772
1694 1265 1601
1695 1669 888
1696 1769 925
1697 801 2653
1698 1941 2252
1699 1648 1944
1700 862 2010
1701 975 2104
1702 2428 -16
1703 954 711
1704 1397 1078
1705 1747 1735
1706 517 2382
1707 976 2104
1708 1602 1883
1709 1658 857
1710 727 241
1711 2030 2585
1712 2271 1324
1713 1641 234
1714 2515 227
1715 2083 912
1716 944 1267
1717 819 1131
1718 1093 1866
1719 1931 747
1720 542 1239
1721 824 2010
1722 1171 78
1723 1100 1701
1724 1409 274
1725 1430 274
1726 578 1487
1727 1906 279
1728 818 1146
1729 1648 2229
1730 2621 1252
1731 874 1896
1732 2082 1821
1733 229 351
1734 944 1258
1735 1617 106
1736 1876 1313
1737 2260 2059
1738 918 398
1739 1625 1856
1740 429 1469
1741 2803 2061
1742 1397 1080
1743 1930 927
1744 2724 1427
1745 2067 2043
1746 1585 758
1747 2628 227
1748 2030 2449
1749 2621 1277
1750 2369 2042
1751 1037 1369
1752 43 649
1753 2392 2042
1754 181 523
1755 2043 898
1756 349 1349
1757 2784 90
1758 1064 354
1759 697 50
1760 241 1469
1761 2543 227
1762 1735 1735
1763 693 1228
1764 1129 2297
1765 1717 2456
1766 2183 788
1767 2055 148
1768 1452 1716
1769 818 1465
1770 743 1228
1771 27 2287
1772 1788 321
1773 517 2432
1774 2263 1313
1775 2781 90
1776 995 2297
1777 1656 1821
1778 2744 1360
1779 2104 751
1780 2397 2542
1781 1086 2297
1782 429 1472
1783 2118 211
1784 2139 1313
1785 1717 2529
1786 1507 106
1787 2032 1564
1788 1355 1691
1789 1944 577
1790 1363 2314
1791 366 119
1792 225 1121
1793 1307 758
1794 1216 2326
1795 1973 596
1796 232 119
1797 1906 226
1798 2113 2385
1799 2073 12
1800 2043 912
1801 1198 1601
1802 1625 1883
1803 882 2611
1804 135 991
1805 2800 2194
1806 2526 428
1807 222 1813
1808 1263 1601
1809 687 2031
1810 727 146
1811 979 1131
1812 2800 2475
1813 50 1718
1814 2424 1755
1815 976 1896
1816 1919 559
1817 1542 1401
1818 1118 1823
1819 958 188
1820 263 1968
1821 2407 1514
1822 135 1098
1823 2118 205
1824 1014 1757
1825 1874 1962
1826 2404 1514
1827 1338 2336
1828 247 523
1829 1930 1295
1830 419 351
1831 2005 106
1832 966 78
1833 817 2738
1834 2800 2353
1835 2792 2542
1836 2076 2385
1837 2260 2102
1838 401 2407
1839 1318 2368
1840 1636 1808
1841 276 2441
1842 2677 1360
1843 1720 1801
1844 2104 627
1845 1446 1394
1846 349 1408
1847 2389 -24
1848 2653 2542
1849 2347 2026
1850 810 1829
1851 1542 1387
1852 2526 502
1853 939 1239
1854 963 1757
1855 1997 2238
1856 1460 1352
1857 129 216
1858 1930 933
1859 1898 747
1860 1735 1696
1861 2142 1324
1862 983 1157
1863 1071 1888
1864 1146 1827
1865 2054 1324
1866 309 2445
1867 882 2497
1868 2512 1772
1869 422 1235
1870 958 283
1871 1067 354
1872 1930 940
1873 954 617
1874 829 22
1875 -67 1548
1876 429 1309
1877 911 398
1878 794 2066
1879 2067 2064
1880 1620 234
1881 438 50
1882 1105 2297
1883 810 1498
1884 541 1263
1885 835 241
1886 1768 1944
1887 2491 334
1888 2055 1773
1889 544 50
1890 753 2010
1891 541 1329
1892 1743 1944
1893 1658 758
1894 2437 237
1895 718 1239
1896 1216 2368
1897 2785 1360
1898 181 579
1899 1328 731
1900 734 2673
1901 882 2547
1902 1918 979
1903 27 2441
1904 2634 1360
1905 2050 1313
1906 2428 -19
1907 1038 1334
