2392
0 -4 517
1 1252 1448
2 584 2633
3 1721 891
4 2442 2868
5 241 1882
6 1120 462
7 -75 1436
8 3071 1491
9 2843 2570
10 2857 2911
11 245 1990
12 730 688
13 67 2692
14 2916 2387
15 1998 525
16 2418 1702
17 678 1271
18 806 1698
19 297 1636
20 1177 2228
21 1524 2472
22 375 1990
23 3133 358
24 1902 2524
25 1902 2577
26 2820 -4
27 1946 1402
28 701 158
29 622 3160
30 1156 2381
31 3135 1787
32 924 2191
33 3040 1296
34 2881 1820
35 678 1036
36 2418 1416
37 -1 2075
38 173 1175
39 -4 676
40 162 1436
41 1329 3328
42 1966 978
43 110 2605
44 3215 1793
45 1316 533
46 2498 2735
47 789 883
48 678 1262
49 3215 1787
50 2473 2766
51 409 1970
52 713 1109
53 875 66
54 87 360
55 110 2778
56 2473 2655
57 498 952
58 1242 284
59 412 511
60 1072 2308
61 806 1756
62 2865 2397
63 817 1781
64 1425 3212
65 2683 2655
66 1926 1402
67 2823 2051
68 284 574
69 338 2072
70 2133 2984
71 1966 877
72 1089 3496
73 1904 1402
74 2954 1841
75 257 2487
76 2869 2531
77 1586 1725
78 2418 1747
79 284 371
80 785 1135
81 209 1636
82 399 1561
83 1717 2262
84 758 1036
85 2073 2713
86 2961 226
87 1132 2308
88 1966 884
89 2955 2738
90 1089 3489
91 2864 1900
92 136 718
93 1816 2472
94 15 2072
95 297 1591
96 2882 42
97 1597 2979
98 727 1329
99 409 1925
100 3298 597
101 2683 2669
102 110 2799
103 1671 2448
104 284 524
105 924 2598
106 601 2826
107 825 1662
108 2404 338
109 413 2357
110 2443 323
111 1187 533
112 3099 1296
113 1804 266
114 2084 2763
115 228 1693
116 2874 2488
117 -4 575
118 2657 2872
119 1265 198
120 156 2430
121 2735 2531
122 2925 711
123 284 321
124 2466 1871
125 2683 2658
126 2380 252
127 206 2487
128 241 1904
129 2096 1516
130 632 158
131 1010 2381
132 1316 389
133 1319 1435
134 1425 3072
135 948 769
136 954 1801
137 2070 1267
138 3232 358
139 739 818
140 1607 1317
141 442 158
142 1625 1121
143 1620 2268
144 505 2799
145 1533 2019
146 2462 1747
147 1669 2940
148 2365 338
149 1998 635
150 2709 649
151 1499 1831
152 2954 1981
153 1145 1448
154 1920 1879
155 1099 368
156 2999 772
157 172 2799
158 207 1758
159 333 122
160 1451 2147
161 1030 3232
162 1425 3065
163 840 1575
164 2263 2721
165 3021 649
166 61 2692
167 413 2311
168 2852 649
169 1395 676
170 1751 937
171 110 2523
172 1837 2289
173 3017 772
174 409 2031
175 601 2627
176 -11 2072
177 2919 1486
178 875 28
179 2686 2568
180 1671 -71
181 3018 1682
182 316 2799
183 2182 312
184 2794 87
185 2982 275
186 2120 2713
187 2676 87
188 806 1501
189 1842 312
190 291 2487
191 1837 2137
192 308 371
193 2972 711
194 425 1638
195 2522 84
196 1425 3273
197 241 1930
198 3063 226
199 567 2656
200 785 1100
201 2809 87
202 2463 388
203 1171 1425
204 806 1795
205 1914 456
206 1717 1956
207 3073 649
208 919 1711
209 1990 763
210 3015 2249
211 3122 1216
212 593 871
213 2921 226
214 475 2799
215 407 1943
216 816 1559
217 2164 1833
218 20 360
219 3213 649
220 2812 711
221 1654 3253
222 2913 2911
223 1373 2598
224 2885 2911
225 119 2117
226 1998 432
227 508 158
228 2632 2872
229 1914 608
230 367 512
231 1849 2580
232 773 2177
233 207 2031
234 578 1681
235 1607 1289
236 2429 1225
237 2611 2917
238 1103 2588
239 1177 2253
240 2150 1593
241 738 1795
242 2658 2722
243 895 1429
244 1673 -71
245 2424 338
246 173 1327
247 924 2307
248 1223 2201
249 194 2487
250 2263 2772
251 2020 1593
252 1253 3322
253 439 122
254 110 2709
255 919 1531
256 2632 2084
257 678 1094
258 1751 988
259 1920 1617
260 1425 2934
261 1729 266
262 3122 917
263 1836 1591
264 593 849
265 2954 1993
266 1419 -31
267 986 1895
268 1266 1448
269 2859 51
270 1966 758
271 2074 3253
272 2107 2714
273 1509 1796
274 3128 1491
275 1316 431
276 1971 1593
277 2332 1844
278 47 1636
279 2888 1947
280 539 2177
281 365 1815
282 1546 1796
283 -100 1579
284 1089 3354
285 2990 1700
286 468 2836
287 357 371
288 1223 2302
289 1910 136
290 1429 720
291 924 2321
292 2429 1341
293 1619 2651
294 986 2110
295 2650 2084
296 2981 1787
297 221 1636
298 593 818
299 1402 184
300 1451 2250
301 425 1594
302 2851 1676
303 2409 1889
304 2611 2936
305 371 76
306 663 2031
307 1920 1897
308 87 327
309 1223 2295
310 3265 578
311 1220 2172
312 872 1429
313 969 1801
314 1833 1866
315 539 2826
316 1412 108
317 974 3232
318 1287 1259
319 2155 1875
320 1920 1719
321 1852 1029
322 2442 3173
323 143 2430
324 2447 2826
325 120 1998
326 161 105
327 2393 2548
328 1622 2940
329 1929 312
330 2418 1406
331 758 158
332 856 1662
333 584 2627
334 2442 2826
335 199 973
336 442 383
337 939 -133
338 682 1129
339 789 910
340 986 2019
341 578 1795
342 1816 2549
343 814 1544
344 1775 266
345 173 1094
346 1316 186
347 1597 3062
348 980 2332
349 1103 3600
350 1623 1127
351 803 1795
352 2263 2801
353 2289 1367
354 1175 -133
355 3232 578
356 875 -122
357 1597 3250
358 1920 1999
359 1111 1425
360 1425 3328
361 1223 2381
362 -89 1636
363 806 1699
364 -12 2662
365 289 2046
366 119 2183
367 312 2046
368 3265 597
369 571 122
370 2259 2972
371 1751 266
372 2042 1402
373 1292 186
374 1197 -48
375 678 1037
376 1855 2580
377 425 1669
378 2091 2841
379 2795 44
380 1597 3162
381 1742 2472
382 119 2430
383 2176 1813
384 3122 984
385 2114 2984
386 1620 2081
387 1451 2358
388 2155 1664
389 195 1094
390 2258 2984
391 2701 2911
392 1093 1448
393 1526 2019
394 2093 1345
395 1474 720
396 1373 2813
397 2339 726
398 307 122
399 2362 726
400 199 952
401 2566 2531
402 1584 2070
403 1609 1994
404 1416 2109
405 2762 87
406 924 2183
407 986 1869
408 789 921
409 2091 2846
410 2155 1768
411 2289 1345
412 356 2075
413 2402 323
414 343 1561
415 2735 2669
416 2823 2016
417 1197 323
418 3122 930
419 2795 -4
420 2206 776
421 2359 2548
422 1616 1877
423 1412 184
424 3232 649
425 1546 1725
426 2864 248
427 919 1458
428 1669 2815
429 264 2487
430 2611 2948
431 1350 184
432 3051 1787
433 1751 900
434 1173 2619
435 1816 2513
436 1624 -58
437 1833 1782
438 2823 2009
439 1822 266
440 442 427
441 683 1262
442 2328 338
443 2473 2632
444 173 1392
445 1689 1127
446 1998 506
447 733 1795
448 311 76
449 2482 87
450 2828 51
451 1740 863
452 1597 2978
453 2735 2675
454 2838 -4
455 1910 266
456 99 2075
457 468 2892
458 2462 384
459 1976 807
460 1197 198
461 1426 2620
462 407 1883
463 119 2072
464 2442 2979
465 682 1087
466 1842 268
467 109 2605
468 1333 695
469 3114 51
470 1836 1630
471 1853 2800
472 3304 578
473 284 322
474 2852 2531
475 2362 746
476 628 818
477 2059 1267
478 1920 1728
479 87 811
480 110 2662
481 260 122
482 1816 2487
483 1319 1387
484 1766 1011
485 1607 1134
486 1620 2124
487 3140 2249
488 632 818
489 940 769
490 2888 1985
491 2762 711
492 1700 2737
493 2735 2561
494 2865 44
495 1451 2456
496 980 2381
497 199 1071
498 1717 2080
499 1620 2421
500 1930 2800
501 986 2121
502 924 2613
503 730 767
504 1966 910
505 1836 1725
506 1148 2381
507 578 1669
508 2993 2669
509 1512 2620
510 1089 3467
511 778 1352
512 1721 976
513 2442 3108
514 269 952
515 1008 777
516 2090 2835
517 1607 1127
518 297 1577
519 1837 2341
520 2972 713
521 505 2656
522 2856 2387
523 561 952
524 3096 226
525 2521 84
526 2709 657
527 2904 2570
528 1607 1268
529 919 1662
530 2104 806
531 825 1575
532 3215 2177
533 2954 1787
534 2898 2387
535 1024 2588
536 442 2799
537 3045 2249
538 365 1697
539 806 1490
540 3140 2216
541 484 2031
542 2874 2531
543 1223 2590
544 2611 3129
545 1125 2588
546 2084 2785
547 176 76
548 380 2072
549 1707 2800
550 2709 666
551 2939 51
552 2872 1700
553 2442 3060
554 515 3160
555 2521 388
556 1189 368
557 1473 2651
558 3122 785
559 1057 2308
560 2084 2713
561 2335 1400
562 1858 1402
563 385 515
564 2130 726
565 43 1636
566 3326 597
567 816 1544
568 2930 1700
569 938 2613
570 1389 2911
571 3149 2177
572 1783 2620
573 367 515
574 442 192
575 986 2082
576 3094 51
577 1208 3332
578 2605 1747
579 830 1575
580 2421 1208
581 -4 740
582 119 2367
583 161 76
584 840 1815
585 2611 3079
586 254 180
587 1148 2588
588 1377 720
589 2658 2723
590 407 1626
591 1546 1762
592 2823 2101
593 409 2072
594 840 1781
595 195 1428
596 1966 827
597 1837 2098
598 1438 676
599 2778 2012
600 1833 1725
601 297 1541
602 312 2144
603 2460 1906
604 3040 1408
605 120 2487
606 199 1032
607 2091 3015
608 1990 807
609 2602 2084
610 407 1674
611 448 122
612 2414 338
613 2917 2669
614 2332 1845
615 1499 2019
616 2933 1491
617 1568 1121
618 1455 2651
619 425 1601
620 2418 1555
621 1348 897
622 3116 2249
623 366 371
624 2096 1470
625 785 1208
626 1786 1866
627 2789 2531
628 2743 2675
629 119 2046
630 -4 415
631 1816 2536
632 2495 2608
633 1197 357
634 474 2207
635 79 1436
636 468 2844
637 2429 1348
638 2709 711
639 365 1621
640 2380 323
641 199 983
642 3157 1619
643 1607 1230
644 2823 2080
645 1232 284
646 1717 2079
647 701 1795
648 2869 1676
649 910 3191
650 338 2433
651 3207 649
652 1821 1127
653 2150 2984
654 875 -117
655 578 1778
656 2074 3127
657 2155 1692
658 2236 1345
659 1089 3232
660 2154 2846
661 2429 1373
662 2164 1813
663 1415 2651
664 2380 173
665 1273 198
666 110 2759
667 -4 372
668 1555 2070
669 195 1392
670 1223 2172
671 2313 2713
672 2494 2776
673 2955 2707
674 1451 2218
675 321 2075
676 806 1507
677 2155 1685
678 752 818
679 2291 338
680 3122 950
681 468 3137
682 2389 1341
683 1700 2800
684 2380 164
685 2418 1596
686 110 2766
687 1607 1212
688 669 122
689 -4 371
690 1440 2651
691 1616 2032
692 2159 312
693 789 918
694 2955 2911
695 826 896
696 -100 1436
697 593 907
698 1391 2598
699 2670 2101
700 3122 1087
701 442 556
702 2350 726
703 105 2560
704 161 122
705 2374 1884
706 294 2433
707 207 1857
708 3011 649
709 563 2177
710 1673 -58
711 280 2430
712 2829 1676
713 1360 897
714 1567 2651
715 1197 114
716 136 731
717 562 158
718 2155 1778
719 1852 1043
720 188 1392
721 578 1759
722 2847 1993
723 220 2487
724 1451 2345
725 3065 1491
726 2155 1667
727 2409 1884
728 1611 1725
729 3027 2637
730 2495 2531
731 2024 1402
732 2885 1700
733 2623 1747
734 919 1801
735 1289 1047
736 669 76
737 941 1458
738 2154 2753
739 924 2381
740 2686 2675
741 2822 2675
742 578 1703
743 136 791
744 2447 3220
745 3316 578
746 1800 2472
747 2215 1813
748 584 2656
749 1197 211
750 1572 -31
751 1051 2588
752 125 210
753 2827 649
754 1522 2651
755 1597 3179
756 1333 676
757 1633 1866
758 3122 1064
759 199 2487
760 2155 1649
761 2888 1965
762 1417 -31
763 1846 2614
764 1204 2616
765 2916 1486
766 627 3160
767 312 2072
768 2893 2675
769 2104 726
770 1961 632
771 1425 3195
772 1497 2070
773 355 375
774 2874 2397
775 2442 3001
776 601 2823
777 2933 1700
778 1620 2044
779 826 932
780 442 593
781 2482 84
782 119 2372
783 93 819
784 110 2500
785 2074 3101
786 442 448
787 1837 2361
788 2058 1267
789 3015 772
790 1316 524
791 3133 279
792 2735 2674
793 2823 2001
794 110 2487
795 1287 1047
796 595 158
797 312 2079
798 468 2893
799 284 324
800 1316 198
801 2104 786
802 3037 275
803 2034 1519
804 1473 1317
805 2118 1593
806 2584 1889
807 119 2075
808 592 76
809 354 371
810 2658 2911
811 1197 284
812 261 2031
813 1089 3369
814 2074 3172
815 2462 377
816 2263 2884
817 2418 1731
818 3232 410
819 1602 3253
820 429 2031
821 1839 -31
822 2104 740
823 1425 3189
824 263 2430
825 1253 3328
826 730 757
827 2134 2713
828 2686 2671
829 1616 1994
830 1183 2621
831 789 956
832 2864 1820
833 136 819
834 343 1530
835 2602 1985
836 906 3191
837 657 76
838 1620 2448
839 -4 478
840 2888 1986
841 1684 3253
842 1360 1121
843 -100 1634
844 1837 2492
845 817 1815
846 1615 2032
847 2359 338
848 157 2046
849 468 3010
850 2513 2531
851 1103 2308
852 1208 3551
853 -4 728
854 3172 649
855 612 818
856 495 158
857 2888 1993
858 2892 2911
859 1360 820
860 3066 1491
861 260 2046
862 1208 3208
863 1920 1824
864 2832 2570
865 2104 807
866 119 2161
867 1197 -115
868 1836 1318
869 1426 2598
870 468 3017
871 2687 87
872 952 1801
873 2487 1747
874 1837 2135
875 1039 2613
876 1008 769
877 2084 2786
878 2462 338
879 1223 2324
880 1607 1260
881 2914 2911
882 1827 1054
883 1568 1994
884 418 2031
885 826 976
886 2091 3027
887 2035 3253
888 2803 2911
889 2578 2531
890 174 2430
891 2772 2101
892 1910 76
893 442 636
894 1451 2272
895 1575 1317
896 1039 2610
897 1563 1317
898 2429 1230
899 840 1809
900 3122 1278
901 3301 578
902 2658 2729
903 1816 2620
904 1865 1999
905 875 127
906 2875 44
907 1875 312
908 1010 2332
909 1035 1454
910 226 76
911 1421 2911
912 3333 578
913 1412 138
914 1230 1425
915 2733 87
916 504 122
917 924 2248
918 1616 1974
919 363 122
920 2256 1813
921 789 976
922 2332 1824
923 2121 2713
924 2155 1715
925 1721 1002
926 456 76
927 1075 1425
928 407 1621
929 2429 1208
930 1673 -65
931 1499 1797
932 3027 2570
933 1146 2381
934 661 818
935 1177 2172
936 1976 978
937 360 375
938 217 1636
939 2418 1649
940 2259 2917
941 3157 1576
942 3114 119
943 446 2311
944 1836 1698
945 1914 472
946 2882 1820
947 3071 2249
948 1207 2172
949 2057 2800
950 831 1815
951 425 1631
952 2155 1593
953 727 1293
954 584 2640
955 1572 1121
956 1044 976
957 -100 1629
958 -4 360
959 409 1914
960 1021 897
961 2000 1275
962 195 1436
963 1219 1425
964 -4 644
965 713 1262
966 729 158
967 1420 3328
968 466 2799
969 241 1693
970 1120 3600
971 1079 3232
972 119 2316
973 1978 807
974 1360 888
975 2342 752
976 806 1669
977 241 1972
978 1385 2813
979 2823 2090
980 407 1837
981 2683 2583
982 1395 2813
983 926 1801
984 2155 1884
985 1197 -133
986 785 1215
987 1099 413
988 3215 1838
989 2280 752
990 -4 408
991 785 1352
992 2418 1720
993 -7 2072
994 36 2692
995 1429 2813
996 2154 2836
997 2394 1258
998 1688 1121
999 199 982
1000 -4 811
1001 2876 -4
1002 1304 186
1003 43 2560
1004 1597 3149
1005 407 122
1006 2925 1491
1007 2461 323
1008 2854 2669
1009 713 1176
1010 785 1200
1011 1597 2954
1012 1425 2911
1013 1499 2032
1014 1360 886
1015 3208 649
1016 304 2433
1017 339 2072
1018 2955 2683
1019 1573 -31
1020 546 122
1021 402 2075
1022 2919 711
1023 -98 1436
1024 1425 3126
1025 806 1425
1026 2827 51
1027 3215 1935
1028 549 1669
1029 1752 2800
1030 2418 1706
1031 1287 1077
1032 312 2173
1033 3012 275
1034 341 2075
1035 584 2636
1036 284 362
1037 1373 2900
1038 3279 597
1039 1682 2651
1040 1833 1833
1041 2874 649
1042 493 1990
1043 1497 -31
1044 311 2433
1045 2823 2065
1046 3215 649
1047 1759 3253
1048 619 76
1049 1021 933
1050 986 1913
1051 602 818
1052 1659 1121
1053 2897 275
1054 2418 1420
1055 1837 2062
1056 1533 1994
1057 1483 2813
1058 1082 927
1059 1721 935
1060 1717 2342
1061 831 1662
1062 1333 782
1063 2985 1787
1064 785 1331
1065 409 1966
1066 2172 1345
1067 305 375
1068 1902 2580
1069 1914 556
1070 1398 3328
1071 401 2799
1072 2367 1884
1073 1570 2032
1074 2005 1593
1075 1197 533
1076 2686 2531
1077 3232 603
1078 1717 2351
1079 2770 649
1080 474 2311
1081 1187 462
1082 1428 2651
1083 1827 1102
1084 312 2373
1085 1976 899
1086 1316 364
1087 924 2177
1088 3040 1322
1089 2442 2996
1090 2403 1208
1091 2856 2531
1092 1990 681
1093 1668 2620
1094 1316 499
1095 1099 446
1096 976 769
1097 1287 1374
1098 1444 2070
1099 362 2433
1100 2888 1959
1101 1373 2830
1102 1425 3312
1103 218 76
1104 678 1252
1105 916 3191
1106 3122 928
1107 2383 1400
1108 1333 897
1109 284 375
1110 2061 1593
1111 83 2692
1112 2263 2857
1113 774 1036
1114 1669 2813
1115 2135 2846
1116 2610 2531
1117 2801 -4
1118 789 928
1119 2258 312
1120 -4 693
1121 2289 1400
1122 764 2177
1123 487 656
1124 309 1990
1125 678 1164
1126 297 1587
1127 1620 2436
1128 2084 2752
1129 726 1795
1130 816 1648
1131 512 122
1132 1415 2598
1133 1197 186
1134 1920 1861
1135 3034 772
1136 2418 1569
1137 1197 203
1138 2883 226
1139 1082 960
1140 1028 -133
1141 1035 897
1142 2864 1903
1143 2658 2885
1144 307 181
1145 1919 1402
1146 1920 1884
1147 1648 2448
1148 1833 1806
1149 1673 -31
1150 2483 1747
1151 682 1194
1152 2096 1512
1153 2091 3062
1154 173 1383
1155 266 2487
1156 909 1662
1157 2380 87
1158 1064 1425
1159 613 158
1160 413 2354
1161 2931 2675
1162 3232 615
1163 1717 2046
1164 1916 1999
1165 1729 2472
1166 1721 1121
1167 192 1636
1168 2536 1788
1169 1902 2632
1170 2823 1993
1171 329 122
1172 -100 1636
1173 810 1425
1174 2975 1486
1175 827 1575
1176 1749 863
1177 3004 1486
1178 2096 1519
1179 2884 226
1180 1697 -31
1181 1920 1730
1182 1700 2666
1183 312 2256
1184 1533 2016
1185 2155 1750
1186 407 1731
1187 -4 706
1188 2442 3131
1189 -97 1436
1190 1008 867
1191 681 1795
1192 1827 1043
1193 2141 1593
1194 1910 -31
1195 947 2611
1196 3122 797
1197 1842 1011
1198 2659 2675
1199 2954 1857
1200 2093 1267
1201 1920 1608
1202 1611 1785
1203 2972 715
1204 1597 3019
1205 3114 178
1206 3133 289
1207 2304 752
1208 806 1782
1209 1836 1424
1210 2744 649
1211 1976 830
1212 550 2656
1213 1880 1999
1214 1135 2588
1215 2869 1700
1216 578 1690
1217 1620 2285
1218 1607 1300
1219 408 371
1220 1208 3559
1221 986 1952
1222 2495 2577
1223 2658 2735
1224 1816 2614
1225 1605 -31
1226 680 1795
1227 938 868
1228 2473 2548
1229 1035 1448
1230 -4 777
1231 1107 -133
1232 1425 3167
1233 2263 2755
1234 2683 2570
1235 2164 1884
1236 455 1669
1237 413 2405
1238 2874 2425
1239 1373 2651
1240 3297 597
1241 247 2430
1242 465 2405
1243 201 180
1244 1412 19
1245 2418 1487
1246 1194 2381
1247 2660 2084
1248 3133 307
1249 601 2642
1250 1574 2620
1251 1966 632
1252 1208 3223
1253 2911 2675
1254 1976 955
1255 924 2588
1256 1470 2620
1257 110 2560
1258 1451 2264
1259 17 1636
1260 2396 1208
1261 2965 1491
1262 1137 1448
1263 1360 720
1264 2090 2826
1265 1624 -71
1266 2442 2837
1267 2263 2912
1268 1499 1796
1269 870 3191
1270 1717 2193
1271 986 1802
1272 2375 1884
1273 1616 1966
1274 297 1530
1275 1287 1294
1276 244 76
1277 1648 1956
1278 1597 2942
1279 1599 2070
1280 1990 635
1281 2014 312
1282 466 2433
1283 1501 720
1284 1914 526
1285 2091 2984
1286 2864 1993
1287 1416 2070
1288 68 2692
1289 582 2826
1290 -4 790
1291 2602 1906
1292 2441 1906
1293 1782 2620
1294 2107 2719
1295 2371 1400
1296 675 3160
1297 713 1261
1298 986 1813
1299 207 2046
1300 1453 676
1301 425 1590
1302 840 1799
1303 974 3191
1304 1717 2418
1305 593 847
1306 758 131
1307 1509 2019
1308 638 2177
1309 1616 1918
1310 682 1235
1311 1691 2448
1312 2808 2531
1313 84 360
1314 1126 -133
1315 785 1069
1316 2000 1267
1317 106 1436
1318 1914 632
1319 2096 1456
1320 312 2322
1321 2171 312
1322 229 76
1323 173 1199
1324 1852 1033
1325 1099 412
1326 935 2588
1327 228 180
1328 2888 1925
1329 236 180
1330 473 158
1331 1233 284
1332 297 2799
1333 3215 1886
1334 959 1425
1335 1920 1900
1336 407 1635
1337 197 122
1338 1966 660
1339 442 371
1340 459 1990
1341 669 102
1342 407 1829
1343 318 1530
1344 2466 1906
1345 682 1133
1346 678 1055
1347 1082 906
1348 946 2613
1349 468 2031
1350 1727 2620
1351 385 952
1352 1920 1593
1353 2429 1258
1354 3194 649
1355 2456 323
1356 1717 2372
1357 758 157
1358 409 1955
1359 1834 2614
1360 2796 2531
1361 1902 2571
1362 365 1943
1363 3157 1626
1364 1965 2713
1365 1974 1402
1366 125 204
1367 255 952
1368 1810 266
1369 1171 2613
1370 1242 271
1371 1914 509
1372 1182 1448
1373 1736 863
1374 1616 2070
1375 1229 1448
1376 1507 676
1377 2955 2675
1378 1223 2278
1379 2823 2064
1380 2695 2911
1381 537 2177
1382 486 122
1383 119 2104
1384 1852 1011
1385 241 1839
1386 826 910
1387 2795 40
1388 1990 769
1389 284 604
1390 3015 2387
1391 158 1436
1392 875 -133
1393 3114 226
1394 407 1561
1395 -73 1636
1396 241 1990
1397 2916 1491
1398 3027 2630
1399 256 2031
1400 1546 1831
1401 1197 334
1402 1836 1549
1403 2442 2875
1404 119 2176
1405 2418 1589
1406 978 769
1407 1561 2813
1408 1297 198
1409 2584 1788
1410 2365 2548
1411 593 898
1412 2074 3231
1413 459 1914
1414 2132 807
1415 2014 1593
1416 1649 2651
1417 296 2799
1418 1751 1011
1419 2548 87
1420 1097 -133
1421 1403 1121
1422 425 1563
1423 1721 1092
1424 2389 1372
1425 785 1323
1426 1316 529
1427 2611 3192
1428 789 895
1429 442 420
1430 975 868
1431 1954 312
1432 2359 2552
1433 785 1137
1434 270 2487
1435 3027 2620
1436 3046 1675
1437 1287 1211
1438 1023 3232
1439 432 2311
1440 1831 2580
1441 107 1636
1442 2358 726
1443 1035 2610
1444 1253 3165
1445 958 769
1446 468 3160
1447 2445 323
1448 1313 1047
1449 678 3160
1450 119 2055
1451 2841 -4
1452 2263 2713
1453 187 2487
1454 365 1729
1455 1271 1425
1456 2474 2826
1457 1976 1318
1458 1667 1121
1459 1208 3525
1460 413 2367
1461 1197 296
1462 1607 1148
1463 1655 2651
1464 -4 435
1465 3111 226
1466 1223 2357
1467 1197 185
1468 794 131
1469 2954 1932
1470 1316 217
1471 3040 1354
1472 2191 807
1473 2893 51
1474 3116 1296
1475 361 2075
1476 728 818
1477 1425 3082
1478 2827 87
1479 532 2826
1480 173 1278
1481 730 656
1482 2289 1392
1483 2120 726
1484 2658 2696
1485 1712 1121
1486 2735 2534
1487 2800 1747
1488 1003 2610
1489 1242 211
1490 1187 484
1491 1021 976
1492 1734 2472
1493 1571 2070
1494 117 2075
1495 430 2311
1496 241 1740
1497 2091 312
1498 1914 432
1499 1233 186
1500 3140 2238
1501 482 656
1502 2479 3220
1503 1837 1999
1504 1751 919
1505 1620 2443
1506 351 76
1507 1451 2327
1508 2389 1392
1509 2295 752
1510 1416 2125
1511 2864 1935
1512 2874 2413
1513 2686 2669
1514 2442 2985
1515 2344 1400
1516 789 954
1517 1197 77
1518 2381 87
1519 1430 2070
1520 594 2031
1521 980 2154
1522 3089 1787
1523 1008 868
1524 -11 2075
1525 1717 2236
1526 207 1845
1527 2058 1593
1528 1451 2461
1529 948 2588
1530 2104 749
1531 3333 597
1532 2686 2565
1533 3018 1687
1534 2362 752
1535 1620 1956
1536 947 2610
1537 468 3020
1538 2674 2531
1539 1535 1317
1540 2418 1498
1541 2611 3045
1542 436 2311
1543 1558 2813
1544 2155 1813
1545 2602 1974
1546 981 2610
1547 1360 748
1548 789 820
1549 2332 1860
1550 702 1262
1551 2658 2709
1552 875 131
1553 1204 2590
1554 3122 1296
1555 826 868
1556 1035 1458
1557 2389 1208
1558 3018 1694
1559 1502 2019
1560 110 2692
1561 1620 2431
1562 2587 2735
1563 1866 3253
1564 1022 976
1565 1195 533
1566 3215 2099
1567 3215 1999
1568 816 1669
1569 986 1953
1570 2821 44
1571 1836 1606
1572 2090 2841
1573 1717 1992
1574 2856 2397
1575 3134 1491
1576 1977 3253
1577 1607 1262
1578 1920 1849
1579 1197 39
1580 2096 1429
1581 441 2031
1582 1569 1831
1583 319 2433
1584 2784 2012
1585 87 819
1586 1836 1710
1587 -100 1501
1588 1781 266
1589 1898 2580
1590 1560 -31
1591 593 859
1592 2084 2795
1593 2428 1208
1594 -4 607
1595 2466 1788
1596 3122 1282
1597 2127 1593
1598 1566 2813
1599 407 1792
1600 216 76
1601 560 3160
1602 2071 312
1603 1966 823
1604 3003 649
1605 418 2311
1606 312 2430
1607 1018 1425
1608 2409 1906
1609 2359 2587
1610 947 769
1611 131 2799
1612 2418 1677
1613 977 1801
1614 474 2177
1615 1177 2308
1616 3215 1858
1617 2756 1747
1618 1620 2147
1619 409 1990
1620 682 1262
1621 2055 2800
1622 1747 268
1623 1360 1103
1624 169 2430
1625 3046 1787
1626 2091 2994
1627 3018 1675
1628 2107 2713
1629 260 1636
1630 835 1429
1631 1156 3600
1632 785 1219
1633 2418 1534
1634 678 1146
1635 1245 3165
1636 1197 368
1637 1141 1448
1638 442 511
1639 297 1546
1640 2438 323
1641 363 2072
1642 1949 2800
1643 1914 527
1644 1163 3600
1645 1464 2620
1646 727 1276
1647 1373 2612
1648 1226 198
1649 2000 1277
1650 2930 1486
1651 2037 2800
1652 426 375
1653 1669 2877
1654 407 1671
1655 1813 1011
1656 1966 944
1657 1914 481
1658 2909 2570
1659 505 2713
1660 1133 368
1661 2100 1345
1662 2964 649
1663 1367 3328
1664 1836 1578
1665 919 1575
1666 1611 1831
1667 119 2239
1668 367 511
1669 2738 711
1670 1833 1861
1671 623 656
1672 825 1609
1673 219 2487
1674 1998 312
1675 307 315
1676 2949 51
1677 207 1990
1678 2750 2570
1679 398 2799
1680 2531 1747
1681 2420 1747
1682 2743 711
1683 1751 863
1684 1484 2651
1685 593 839
1686 1451 2399
1687 591 1795
1688 2995 1700
1689 1976 890
1690 1868 312
1691 2263 2830
1692 682 1243
1693 1827 1061
1694 3018 1700
1695 1852 1022
1696 1275 198
1697 1990 788
1698 435 375
1699 3215 2149
1700 2955 2796
1701 578 1777
1702 925 -133
1703 1287 1396
1704 2954 1823
1705 1208 3165
1706 2882 -4
1707 3152 649
1708 1902 2713
1709 2693 1747
1710 1717 2371
1711 225 2799
1712 2148 1593
1713 781 1352
1714 2888 1820
1715 1721 885
1716 1412 -31
1717 1223 2280
1718 1253 3209
1719 110 2762
1720 1287 1103
1721 942 1458
1722 1700 2651
1723 559 2826
1724 789 906
1725 2258 338
1726 986 2060
1727 1208 3370
1728 677 1795
1729 119 2404
1730 2920 2669
1731 1836 1664
1732 1597 3253
1733 2225 1813
1734 1319 1317
1735 1008 852
1736 2822 1740
1737 1386 1317
1738 1721 894
1739 114 2072
1740 152 1636
1741 1674 3253
1742 284 411
1743 713 1087
1744 3157 1491
1745 61 2075
1746 793 3191
1747 1806 266
1748 614 818
1749 1060 1448
1750 1610 1127
1751 407 1707
1752 730 701
1753 2888 1979
1754 2450 87
1755 1360 870
1756 826 1429
1757 1858 1446
1758 1008 843
1759 3003 1787
1760 1920 1906
1761 2154 2831
1762 1836 1360
1763 1910 27
1764 609 656
1765 2155 1850
1766 139 180
1767 1954 2713
1768 28 2605
1769 2156 1345
1770 1173 2613
1771 1438 2147
1772 3040 1486
1773 569 952
1774 241 2046
1775 1197 326
1776 1858 2614
1777 818 2177
1778 1586 1994
1779 1102 1425
1780 1546 1726
1781 1525 2070
1782 3040 1324
1783 1998 492
1784 2934 711
1785 272 2031
1786 505 2774
1787 1568 -31
1788 713 1210
1789 1333 713
1790 444 2031
1791 1072 -133
1792 2442 3220
1793 980 2246
1794 2823 2012
1795 1552 1831
1796 3096 1491
1797 1316 262
1798 2429 1406
1799 747 1352
1800 3160 1787
1801 1429 -31
1802 2495 2735
1803 1360 1047
1804 1914 572
1805 352 1990
1806 1451 2170
1807 682 1097
1808 1891 1999
1809 3064 275
1810 2453 3220
1811 760 818
1812 136 769
1813 1208 3526
1814 1099 425
1815 1197 295
1816 1836 1636
1817 2882 44
1818 312 2075
1819 2473 2595
1820 50 2075
1821 727 1335
1822 1193 2588
1823 2442 3029
1824 2864 243
1825 530 76
1826 983 1425
1827 1952 2713
1828 241 1738
1829 152 2031
1830 154 1636
1831 2123 312
1832 3140 2247
1833 312 1530
1834 3122 1201
1835 1827 1127
1836 2462 388
1837 2082 312
1838 2104 789
1839 1902 2614
1840 2263 2873
1841 474 2433
1842 1976 922
1843 713 1244
1844 3000 772
1845 1425 3074
1846 1717 2448
1847 3215 2035
1848 312 2251
1849 340 122
1850 1425 2963
1851 980 2156
1852 1733 2800
1853 78 2692
1854 594 3160
1855 2084 2800
1856 2099 312
1857 1700 2742
1858 271 2799
1859 1061 2308
1860 2658 2675
1861 1976 818
1862 1717 2083
1863 3062 275
1864 1607 1171
1865 312 2403
1866 2058 312
1867 1426 2611
1868 2874 2410
1869 1082 976
1870 67 2075
1871 3122 864
1872 2972 772
1873 2884 1820
1874 1333 700
1875 3232 624
1876 1257 1425
1877 1719 -31
1878 130 2799
1879 2074 3178
1880 505 2659
1881 2389 1400
1882 1624 -33
1883 1376 1121
1884 195 1071
1885 145 1436
1886 113 327
1887 1789 2472
1888 2686 2570
1889 2380 240
1890 4 2072
1891 243 2487
1892 2027 1593
1893 947 2613
1894 1577 1831
1895 407 1893
1896 1316 393
1897 2584 1906
1898 2480 2826
1899 2607 2531
1900 1055 1425
1901 2818 2669
1902 2155 1812
1903 1919 312
1904 2359 2575
1905 2602 1975
1906 307 321
1907 678 1198
1908 70 2662
1909 2943 275
1910 2633 2531
1911 2735 2570
1912 199 1017
1913 1607 1264
1914 368 2799
1915 1316 289
1916 1910 -2
1917 2480 323
1918 2085 1267
1919 3215 2098
1920 1510 2070
1921 578 1688
1922 2992 51
1923 -12 2692
1924 1920 1601
1925 3096 649
1926 1222 3165
1927 2332 1884
1928 593 865
1929 136 638
1930 505 2669
1931 1899 1318
1932 1416 2147
1933 27 2072
1934 2442 3056
1935 2466 1877
1936 327 952
1937 1620 1963
1938 1174 2308
1939 593 952
1940 678 3191
1941 210 604
1942 1527 -31
1943 3117 2249
1944 1667 -71
1945 1607 1295
1946 2870 2387
1947 2193 1813
1948 2611 3074
1949 1836 1598
1950 663 1990
1951 1333 845
1952 3114 162
1953 1833 1728
1954 2429 1212
1955 2074 3062
1956 1488 2813
1957 1287 1133
1958 284 418
1959 585 656
1960 409 2075
1961 119 2112
1962 1914 621
1963 3011 1787
1964 2803 1747
1965 924 2251
1966 3122 772
1967 2925 275
1968 365 1824
1969 2037 1267
1970 1620 2156
1971 2389 1249
1972 -43 1436
1973 1593 1317
1974 1998 600
1975 1942 432
1976 612 1795
1977 167 1436
1978 2521 361
1979 3333 584
1980 768 769
1981 365 1783
1982 1253 3301
1983 2091 3010
1984 3114 114
1985 785 1218
1986 3140 2177
1987 1597 2940
1988 2248 312
1989 88 1436
1990 1564 2070
1991 468 2826
1992 727 1294
1993 2389 1258
1994 1108 368
1995 1529 720
1996 2154 2791
1997 532 158
1998 1717 2057
1999 728 1036
2000 1316 468
2001 1319 1448
2002 2419 338
2003 2440 87
2004 593 828
2005 2155 1698
2006 2030 312
2007 2206 807
2008 1816 2580
2009 1616 1904
2010 1507 2019
2011 1272 198
2012 1089 3600
2013 403 122
2014 1010 2308
2015 2647 87
2016 2584 87
2017 2607 2084
2018 2683 2600
2019 1082 897
2020 1848 2492
2021 2670 2084
2022 731 818
2023 3122 817
2024 1624 -31
2025 1138 1448
2026 294 2448
2027 2822 1747
2028 2418 1719
2029 1373 2911
2030 462 2311
2031 2466 1793
2032 1197 1425
2033 1287 1105
2034 649 818
2035 2264 1813
2036 2116 1345
2037 1021 912
2038 1902 2492
2039 855 1662
2040 825 1617
2041 875 -1
2042 1876 312
2043 -77 1636
2044 1042 2588
2045 2823 2043
2046 1383 676
2047 1019 1425
2048 727 1301
2049 1316 184
2050 1265 186
2051 2854 1676
2052 875 85
2053 1 811
2054 -32 1436
2055 1287 1102
2056 2724 1747
2057 2888 1900
2058 181 1636
2059 207 1693
2060 284 583
2061 173 1183
2062 1242 269
2063 2602 2044
2064 2473 2741
2065 505 2739
2066 1757 266
2067 944 2588
2068 475 158
2069 678 1270
2070 1837 2409
2071 260 180
2072 305 371
2073 2988 1787
2074 199 961
2075 2896 649
2076 1091 2381
2077 2259 2970
2078 1858 1503
2079 2734 711
2080 509 2826
2081 2442 2945
2082 2145 1345
2083 1696 1121
2084 1287 1236
2085 853 2177
2086 125 180
2087 2332 1813
2088 2206 752
2089 1008 844
2090 2715 87
2091 1789 1127
2092 1559 2620
2093 1208 3600
2094 1316 273
2095 2780 2101
2096 199 958
2097 1287 1212
2098 2823 2059
2099 774 1041
2100 2000 1318
2101 2650 2872
2102 1668 1127
2103 801 1795
2104 1998 490
2105 2494 2766
2106 2514 2735
2107 2611 3005
2108 241 2430
2109 764 1352
2110 1082 933
2111 980 2121
2112 110 2615
2113 425 1561
2114 2425 87
2115 1204 2614
2116 241 2045
2117 291 321
2118 2685 2570
2119 1197 325
2120 353 2031
2121 2466 1829
2122 2495 2721
2123 2259 2984
2124 2941 275
2125 3091 1296
2126 682 1103
2127 825 1645
2128 1767 1011
2129 2494 2826
2130 388 515
2131 2155 1775
2132 3015 2292
2133 3232 597
2134 1717 2357
2135 1381 720
2136 578 1746
2137 727 1352
2138 1173 2621
2139 120 2031
2140 1204 2621
2141 1438 2620
2142 2869 2911
2143 294 2487
2144 3157 1675
2145 2698 87
2146 260 161
2147 985 2588
2148 2304 1813
2149 1616 1866
2150 1481 1121
2151 3157 1660
2152 2864 253
2153 442 284
2154 312 2383
2155 2353 2713
2156 1700 2680
2157 2198 1345
2158 826 921
2159 459 656
2160 392 952
2161 136 717
2162 175 180
2163 1404 2813
2164 2611 2872
2165 474 2405
2166 2936 2669
2167 946 1801
2168 136 604
2169 337 1530
2170 2658 2872
2171 1208 3510
2172 2155 1653
2173 2462 371
2174 241 2031
2175 294 2478
2176 1717 2223
2177 1451 2472
2178 1416 2113
2179 394 76
2180 1833 1802
2181 1966 704
2182 2096 1593
2183 2735 1747
2184 2015 3253
2185 194 122
2186 378 952
2187 2584 1747
2188 1910 109
2189 974 3219
2190 1250 1448
2191 2827 73
2192 875 3191
2193 730 670
2194 2993 1486
2195 2972 761
2196 1751 920
2197 110 2504
2198 730 769
2199 3133 275
2200 2380 313
2201 2181 312
2202 848 769
2203 810 1429
2204 3040 1347
2205 207 1750
2206 442 302
2207 2039 2800
2208 2185 1345
2209 2463 1906
2210 284 503
2211 1099 457
2212 2096 1402
2213 -100 1531
2214 1588 1317
2215 274 76
2216 1836 1627
2217 110 2515
2218 406 122
2219 468 3072
2220 3027 2669
2221 2380 304
2222 2822 1691
2223 2864 275
2224 2107 2825
2225 2864 226
2226 1551 1994
2227 1099 462
2228 2107 2775
2229 2155 1822
2230 2602 1997
2231 2661 1747
2232 3232 625
2233 2763 2101
2234 1541 2070
2235 1063 1448
2236 -11 2073
2237 1932 1402
2238 816 131
2239 3019 2249
2240 358 2433
2241 2154 2713
2242 1425 3170
2243 541 122
2244 669 656
2245 2359 2713
2246 986 1845
2247 125 327
2248 2783 711
2249 2263 2751
2250 2955 2783
2251 1914 448
2252 2709 2911
2253 28 2560
2254 1223 2588
2255 789 818
2256 3122 1003
2257 442 473
2258 2496 1788
2259 919 1540
2260 1467 2070
2261 136 632
2262 2522 87
2263 1425 3274
2264 1360 808
2265 2864 257
2266 1287 1150
2267 3040 1384
2268 1414 676
2269 646 818
2270 1529 676
2271 1392 1121
2272 3215 2109
2273 2955 2772
2274 1002 -133
2275 505 2691
2276 2882 8
2277 1902 2656
2278 1360 815
2279 365 1651
2280 1858 1519
2281 2822 1676
2282 439 952
2283 1920 1851
2284 482 1990
2285 241 1821
2286 -100 1448
2287 924 2253
2288 2611 3220
2289 2418 1482
2290 1751 964
2291 2928 2911
2292 2155 1797
2293 1448 2070
2294 119 2365
2295 1177 2254
2296 1837 2322
2297 -4 487
2298 468 3108
2299 173 1130
2300 361 76
2301 1152 2588
2302 1833 268
2303 3115 2249
2304 119 2115
2305 1388 2911
2306 2259 2912
2307 442 656
2308 1287 1277
2309 312 2304
2310 877 2177
2311 1595 2651
2312 1616 1962
2313 442 515
2314 1842 292
2315 2760 649
2316 1511 1317
2317 678 1232
2318 2090 2825
2319 2771 2911
2320 663 2014
2321 512 2656
2322 1333 853
2323 1976 871
2324 1721 863
2325 489 2177
2326 2164 1345
2327 3027 2574
2328 1920 1801
2329 2442 3043
2330 537 656
2331 2074 3252
2332 647 122
2333 1707 2620
2334 986 1801
2335 2778 2009
2336 231 180
2337 1729 268
2338 1837 2255
2339 119 2208
2340 1616 1914
2341 1234 1448
2342 126 180
2343 2224 1345
2344 1557 1317
2345 1316 469
2346 489 1669
2347 1791 3253
2348 2091 1267
2349 1565 1317
2350 1089 3427
2351 1597 3240
2352 505 2719
2353 2409 1890
2354 120 1990
2355 1998 568
2356 887 3191
2357 365 1809
2358 1287 1425
2359 959 1429
2360 1187 465
2361 1700 2752
2362 806 1544
2363 207 1817
2364 442 375
2365 2751 2675
2366 727 1271
2367 1693 -31
2368 1127 2588
2369 1390 2813
2370 2869 1678
2371 1955 2713
2372 1616 1951
2373 2917 1491
2374 2608 1747
2375 258 122
2376 1030 2308
2377 468 3128
2378 119 2230
2379 774 1069
2380 2521 323
2381 119 2087
2382 1700 2654
2383 1985 312
2384 875 -15
2385 1621 3253
2386 2966 2669
2387 338 952
2388 574 2826
2389 3003 772
2390 1914 497
2391 1134 1448
