101
0 0 3
1 0 4
2 0 5
3 0 18
4 1 1
5 1 6
6 1 7
7 1 8
8 1 9
9 1 10
10 1 11
11 1 12
12 1 13
13 2 1
14 2 6
15 2 9
16 2 12
17 3 1
18 3 7
19 3 8
20 3 9
21 4 1
22 4 5
23 4 6
24 4 10
25 5 0
26 5 5
27 5 6
28 6 0
29 6 5
30 6 7
31 7 0
32 7 5
33 8 0
34 8 5
35 9 0
36 10 0
37 11 1
38 11 2
39 11 3
40 11 4
41 11 5
42 11 13
43 11 14
44 11 15
45 11 16
46 11 17
47 12 0
48 12 4
49 12 5
50 12 16
51 12 17
52 12 18
53 12 19
54 12 20
55 13 0
56 13 4
57 13 5
58 14 0
59 14 1
60 14 4
61 14 5
62 15 0
63 15 1
64 15 4
65 15 5
66 15 10
67 15 11
68 15 12
69 15 13
70 15 17
71 15 18
72 15 19
73 15 20
74 16 0
75 16 1
76 16 4
77 16 5
78 16 13
79 16 14
80 16 15
81 16 16
82 17 0
83 17 1
84 17 4
85 17 5
86 17 13
87 17 14
88 17 15
89 17 16
90 18 2
91 18 4
92 18 6
93 18 7
94 19 2
95 19 6
96 19 7
97 20 2
98 20 5
99 20 6
100 20 7
