4841
0 0 18
1 0 19
2 0 80
3 0 81
4 0 82
5 0 83
6 0 84
7 0 85
8 0 86
9 0 87
10 0 88
11 0 89
12 0 90
13 0 91
14 0 92
15 0 93
16 0 129
17 0 130
18 0 131
19 0 146
20 0 147
21 0 148
22 0 149
23 0 150
24 0 151
25 0 152
26 0 153
27 0 154
28 0 155
29 0 156
30 0 157
31 0 158
32 0 159
33 0 160
34 1 18
35 1 19
36 1 80
37 1 93
38 1 102
39 1 103
40 1 104
41 1 105
42 1 106
43 1 107
44 1 108
45 1 109
46 1 132
47 1 133
48 1 134
49 1 135
50 1 136
51 1 137
52 1 138
53 1 139
54 1 140
55 1 141
56 1 146
57 1 148
58 1 149
59 1 150
60 1 151
61 1 160
62 2 18
63 2 19
64 2 35
65 2 36
66 2 37
67 2 38
68 2 39
69 2 80
70 2 81
71 2 82
72 2 83
73 2 84
74 2 85
75 2 86
76 2 87
77 2 88
78 2 89
79 2 90
80 2 91
81 2 92
82 2 93
83 2 102
84 2 103
85 2 139
86 2 141
87 2 146
88 2 147
89 2 152
90 2 160
91 3 18
92 3 19
93 3 35
94 3 39
95 3 74
96 3 139
97 3 140
98 3 141
99 3 146
100 3 147
101 3 152
102 3 153
103 3 154
104 3 155
105 3 156
106 3 157
107 3 158
108 3 159
109 3 160
110 4 18
111 4 19
112 4 35
113 4 39
114 4 74
115 4 142
116 4 143
117 4 144
118 4 145
119 5 18
120 5 19
121 5 35
122 5 39
123 5 74
124 5 110
125 5 111
126 5 112
127 5 113
128 5 114
129 5 115
130 5 142
131 5 143
132 5 144
133 5 145
134 6 18
135 6 19
136 6 35
137 6 39
138 6 74
139 7 18
140 7 19
141 7 31
142 7 32
143 7 33
144 7 34
145 7 39
146 7 73
147 7 74
148 7 80
149 7 81
150 7 82
151 7 83
152 7 84
153 7 87
154 7 88
155 7 89
156 7 90
157 7 91
158 7 92
159 7 93
160 7 94
161 7 95
162 7 96
163 7 97
164 7 98
165 7 99
166 7 100
167 7 101
168 7 102
169 7 110
170 7 111
171 8 18
172 8 19
173 8 31
174 8 39
175 8 73
176 8 74
177 8 80
178 8 84
179 8 87
180 8 88
181 8 101
182 8 102
183 8 110
184 8 111
185 9 18
186 9 19
187 9 31
188 9 39
189 9 73
190 9 74
191 9 80
192 9 85
193 9 86
194 9 89
195 9 94
196 9 95
197 9 96
198 9 97
199 9 98
200 9 99
201 9 100
202 10 18
203 10 19
204 10 31
205 10 39
206 10 73
207 10 74
208 10 80
209 10 86
210 10 89
211 10 93
212 11 10
213 11 11
214 11 12
215 11 13
216 11 14
217 11 20
218 11 31
219 11 39
220 11 73
221 11 74
222 11 80
223 11 86
224 11 89
225 11 93
226 11 127
227 11 128
228 11 129
229 11 130
230 11 131
231 12 10
232 12 14
233 12 20
234 12 31
235 12 39
236 12 70
237 12 71
238 12 72
239 12 74
240 12 80
241 12 81
242 12 82
243 12 83
244 12 84
245 12 86
246 12 89
247 12 93
248 12 127
249 12 128
250 12 129
251 13 10
252 13 14
253 13 20
254 13 31
255 13 39
256 13 70
257 13 74
258 13 85
259 13 86
260 13 89
261 13 90
262 13 91
263 13 92
264 13 93
265 13 96
266 13 97
267 13 98
268 13 99
269 13 100
270 13 101
271 13 102
272 13 105
273 13 106
274 13 107
275 13 108
276 13 109
277 13 110
278 13 121
279 13 122
280 13 123
281 13 124
282 13 125
283 13 126
284 13 130
285 13 131
286 13 132
287 13 133
288 13 134
289 13 135
290 13 136
291 13 137
292 13 138
293 13 139
294 13 140
295 13 141
296 13 142
297 13 143
298 13 144
299 14 10
300 14 14
301 14 20
302 14 31
303 14 39
304 14 70
305 14 74
306 14 85
307 14 86
308 14 87
309 14 88
310 14 96
311 14 97
312 14 98
313 14 99
314 14 100
315 14 101
316 14 102
317 14 105
318 14 106
319 14 107
320 14 108
321 14 109
322 14 110
323 14 121
324 14 126
325 14 130
326 14 131
327 14 137
328 14 138
329 14 139
330 15 10
331 15 14
332 15 20
333 15 31
334 15 39
335 15 70
336 15 71
337 15 72
338 15 74
339 15 121
340 15 127
341 15 132
342 15 133
343 16 3
344 16 4
345 16 5
346 16 6
347 16 7
348 16 8
349 16 9
350 16 14
351 16 20
352 16 31
353 16 39
354 16 68
355 16 69
356 16 73
357 16 74
358 16 121
359 16 127
360 16 132
361 16 133
362 17 3
363 17 14
364 17 21
365 17 22
366 17 23
367 17 24
368 17 31
369 17 39
370 17 68
371 17 69
372 17 73
373 17 75
374 17 76
375 17 77
376 17 78
377 17 79
378 17 80
379 17 81
380 17 82
381 17 83
382 17 84
383 17 121
384 17 127
385 17 132
386 17 133
387 18 0
388 18 1
389 18 2
390 18 14
391 18 21
392 18 24
393 18 31
394 18 39
395 18 68
396 18 69
397 18 73
398 18 84
399 18 121
400 18 122
401 18 123
402 18 127
403 18 132
404 18 133
405 19 0
406 19 14
407 19 21
408 19 24
409 19 31
410 19 39
411 19 68
412 19 69
413 19 73
414 19 74
415 19 75
416 19 76
417 19 77
418 19 78
419 19 79
420 19 80
421 19 81
422 19 82
423 19 83
424 19 84
425 19 124
426 19 127
427 19 132
428 19 133
429 20 0
430 20 14
431 20 21
432 20 24
433 20 31
434 20 39
435 20 68
436 20 69
437 20 85
438 20 86
439 20 87
440 20 88
441 20 124
442 20 125
443 20 126
444 20 127
445 20 132
446 20 133
447 21 0
448 21 6
449 21 7
450 21 8
451 21 9
452 21 10
453 21 11
454 21 12
455 21 13
456 21 14
457 21 21
458 21 22
459 21 23
460 21 24
461 21 31
462 21 39
463 21 73
464 21 74
465 21 75
466 21 76
467 21 77
468 21 78
469 21 79
470 21 80
471 21 81
472 21 82
473 21 83
474 21 84
475 21 94
476 21 95
477 21 96
478 21 97
479 21 98
480 21 99
481 21 100
482 21 101
483 21 102
484 21 105
485 21 106
486 21 107
487 21 108
488 21 109
489 21 110
490 21 111
491 21 112
492 21 113
493 21 114
494 21 115
495 21 116
496 21 117
497 21 118
498 21 119
499 21 120
500 21 121
501 21 122
502 21 123
503 21 128
504 21 129
505 21 130
506 21 131
507 21 134
508 21 135
509 21 136
510 21 157
511 21 158
512 21 159
513 22 0
514 22 1
515 22 5
516 22 15
517 22 16
518 22 17
519 22 20
520 22 31
521 22 39
522 22 73
523 22 84
524 22 94
525 22 102
526 22 105
527 22 123
528 22 128
529 22 131
530 22 134
531 22 136
532 22 143
533 22 144
534 22 151
535 22 152
536 22 153
537 22 154
538 22 155
539 22 156
540 22 157
541 22 158
542 22 159
543 23 2
544 23 5
545 23 15
546 23 17
547 23 20
548 23 31
549 23 39
550 23 73
551 23 84
552 23 92
553 23 93
554 23 102
555 23 105
556 23 106
557 23 107
558 23 108
559 23 109
560 23 110
561 23 123
562 23 128
563 23 131
564 23 134
565 23 136
566 23 143
567 23 144
568 23 145
569 23 146
570 23 147
571 23 148
572 23 149
573 23 150
574 24 2
575 24 5
576 24 15
577 24 17
578 24 20
579 24 21
580 24 31
581 24 39
582 24 73
583 24 84
584 24 92
585 24 102
586 24 111
587 24 123
588 24 128
589 24 129
590 24 130
591 24 131
592 24 134
593 24 136
594 24 151
595 24 152
596 25 2
597 25 5
598 25 15
599 25 17
600 25 20
601 25 21
602 25 31
603 25 33
604 25 34
605 25 35
606 25 36
607 25 37
608 25 38
609 25 39
610 25 60
611 25 61
612 25 62
613 25 63
614 25 64
615 25 65
616 25 66
617 25 67
618 25 73
619 25 84
620 25 92
621 25 93
622 25 94
623 25 95
624 25 96
625 25 97
626 25 98
627 25 99
628 25 100
629 25 101
630 25 102
631 25 111
632 25 112
633 25 124
634 25 125
635 25 126
636 25 127
637 25 132
638 25 133
639 25 134
640 25 135
641 25 136
642 26 2
643 26 5
644 26 15
645 26 17
646 26 20
647 26 21
648 26 30
649 26 32
650 26 60
651 26 67
652 26 73
653 26 85
654 26 86
655 26 87
656 26 88
657 26 89
658 26 90
659 26 91
660 26 103
661 26 104
662 26 105
663 26 106
664 26 113
665 26 124
666 26 125
667 26 126
668 26 127
669 27 2
670 27 5
671 27 15
672 27 17
673 27 20
674 27 21
675 27 30
676 27 31
677 27 32
678 27 60
679 27 63
680 27 64
681 27 65
682 27 66
683 27 67
684 27 73
685 27 84
686 27 89
687 27 91
688 27 103
689 27 106
690 27 113
691 27 123
692 28 2
693 28 5
694 28 15
695 28 17
696 28 20
697 28 21
698 28 28
699 28 29
700 28 33
701 28 34
702 28 35
703 28 36
704 28 37
705 28 38
706 28 39
707 28 40
708 28 41
709 28 42
710 28 43
711 28 44
712 28 45
713 28 46
714 28 47
715 28 48
716 28 49
717 28 50
718 28 51
719 28 52
720 28 53
721 28 54
722 28 55
723 28 56
724 28 57
725 28 58
726 28 59
727 28 62
728 28 73
729 28 84
730 28 89
731 28 91
732 28 103
733 28 106
734 28 113
735 28 114
736 28 115
737 28 116
738 28 117
739 28 118
740 28 119
741 28 120
742 28 123
743 29 2
744 29 5
745 29 15
746 29 16
747 29 17
748 29 20
749 29 21
750 29 28
751 29 29
752 29 33
753 29 34
754 29 35
755 29 36
756 29 37
757 29 38
758 29 39
759 29 40
760 29 41
761 29 42
762 29 43
763 29 44
764 29 45
765 29 46
766 29 47
767 29 48
768 29 49
769 29 50
770 29 51
771 29 52
772 29 53
773 29 54
774 29 55
775 29 56
776 29 57
777 29 58
778 29 59
779 29 60
780 29 61
781 29 62
782 29 73
783 29 84
784 29 88
785 29 91
786 29 103
787 29 107
788 29 108
789 29 109
790 29 110
791 29 111
792 29 112
793 29 121
794 29 122
795 29 123
796 29 143
797 29 144
798 29 145
799 29 146
800 29 147
801 29 151
802 30 2
803 30 6
804 30 7
805 30 8
806 30 9
807 30 10
808 30 11
809 30 12
810 30 13
811 30 14
812 30 22
813 30 23
814 30 24
815 30 25
816 30 26
817 30 27
818 30 30
819 30 31
820 30 32
821 30 63
822 30 64
823 30 65
824 30 66
825 30 67
826 30 73
827 30 74
828 30 75
829 30 76
830 30 77
831 30 78
832 30 79
833 30 80
834 30 81
835 30 82
836 30 83
837 30 84
838 30 85
839 30 88
840 30 89
841 30 90
842 30 91
843 30 103
844 30 104
845 30 105
846 30 106
847 30 107
848 30 108
849 30 109
850 30 110
851 30 111
852 30 112
853 30 124
854 30 125
855 30 126
856 30 127
857 30 128
858 30 129
859 30 130
860 30 143
861 30 147
862 31 2
863 31 14
864 31 22
865 31 29
866 31 33
867 31 34
868 31 35
869 31 36
870 31 37
871 31 38
872 31 39
873 31 40
874 31 41
875 31 42
876 31 43
877 31 44
878 31 86
879 31 87
880 31 92
881 31 93
882 31 94
883 31 95
884 31 96
885 31 97
886 31 98
887 31 99
888 31 100
889 31 101
890 31 102
891 31 113
892 31 114
893 31 115
894 31 116
895 31 117
896 31 118
897 31 119
898 31 120
899 31 121
900 31 122
901 31 123
902 31 143
903 31 145
904 31 146
905 31 147
906 32 2
907 32 14
908 32 22
909 32 29
910 32 33
911 32 44
912 32 143
913 32 144
914 33 2
915 33 3
916 33 4
917 33 5
918 33 6
919 33 7
920 33 8
921 33 9
922 33 10
923 33 11
924 33 12
925 33 13
926 33 14
927 33 22
928 33 29
929 33 33
930 33 44
931 33 57
932 33 58
933 33 59
934 33 60
935 33 61
936 33 62
937 33 73
938 33 74
939 33 75
940 33 76
941 33 77
942 34 14
943 34 22
944 34 29
945 34 33
946 34 34
947 34 35
948 34 36
949 34 37
950 34 38
951 34 39
952 34 40
953 34 41
954 34 42
955 34 44
956 34 57
957 34 58
958 34 59
959 34 60
960 34 61
961 34 73
962 34 74
963 34 75
964 34 76
965 34 77
966 35 14
967 35 22
968 35 29
969 35 43
970 35 44
971 35 45
972 35 46
973 35 47
974 35 48
975 35 49
976 35 50
977 35 51
978 35 52
979 35 53
980 35 54
981 35 55
982 35 56
983 35 62
984 35 63
985 35 64
986 35 65
987 35 66
988 35 67
989 35 68
990 35 69
991 35 70
992 35 71
993 35 72
994 35 80
995 35 81
996 35 82
997 35 83
998 35 84
999 35 85
1000 35 86
1001 35 87
1002 35 92
1003 35 93
1004 35 94
1005 35 95
1006 35 96
1007 35 97
1008 35 98
1009 35 99
1010 35 100
1011 35 101
1012 35 102
1013 35 103
1014 35 104
1015 35 105
1016 35 106
1017 35 107
1018 35 108
1019 35 109
1020 35 110
1021 35 111
1022 35 112
1023 35 119
1024 35 120
1025 35 121
1026 36 14
1027 36 22
1028 36 23
1029 36 24
1030 36 25
1031 36 26
1032 36 27
1033 36 28
1034 36 29
1035 36 57
1036 36 58
1037 36 59
1038 36 60
1039 36 61
1040 36 62
1041 36 63
1042 36 64
1043 36 65
1044 36 66
1045 36 67
1046 36 68
1047 36 69
1048 36 70
1049 36 71
1050 36 72
1051 36 80
1052 36 81
1053 36 82
1054 36 83
1055 36 84
1056 36 85
1057 36 86
1058 36 87
1059 36 92
1060 36 93
1061 36 94
1062 36 95
1063 36 96
1064 36 97
1065 36 98
1066 36 99
1067 36 100
1068 36 101
1069 36 102
1070 36 103
1071 36 104
1072 36 105
1073 36 106
1074 36 107
1075 36 108
1076 36 109
1077 36 110
1078 36 111
1079 36 113
1080 36 114
1081 36 115
1082 36 116
1083 36 117
1084 36 118
1085 36 122
1086 36 123
1087 36 137
1088 37 14
1089 37 20
1090 37 21
1091 37 30
1092 37 31
1093 37 32
1094 37 73
1095 37 74
1096 37 75
1097 37 76
1098 37 77
1099 37 78
1100 37 79
1101 37 113
1102 37 114
1103 37 115
1104 37 116
1105 37 117
1106 37 137
1107 38 14
1108 38 15
1109 38 16
1110 38 17
1111 38 20
1112 38 21
1113 38 30
1114 38 32
1115 38 49
1116 38 50
1117 38 51
1118 38 52
1119 38 53
1120 38 54
1121 38 55
1122 38 56
1123 38 57
1124 38 58
1125 38 59
1126 38 60
1127 38 61
1128 38 62
1129 38 63
1130 38 64
1131 38 68
1132 38 69
1133 38 70
1134 38 71
1135 38 72
1136 38 79
1137 39 20
1138 39 21
1139 39 30
1140 39 32
1141 39 49
1142 39 50
1143 39 51
1144 39 52
1145 39 53
1146 39 54
1147 39 61
1148 39 68
1149 39 79
1150 39 114
1151 39 115
1152 39 116
1153 39 117
1154 40 20
1155 40 21
1156 40 29
1157 40 32
1158 40 43
1159 40 44
1160 40 45
1161 40 46
1162 40 47
1163 40 48
1164 40 55
1165 40 61
1166 40 68
1167 40 79
1168 40 107
1169 40 108
1170 40 109
1171 40 113
1172 40 117
1173 41 20
1174 41 21
1175 41 29
1176 41 32
1177 41 40
1178 41 41
1179 41 42
1180 41 43
1181 41 44
1182 41 48
1183 41 55
1184 41 61
1185 41 68
1186 41 76
1187 41 77
1188 41 79
1189 41 107
1190 41 109
1191 41 113
1192 41 117
1193 42 20
1194 42 21
1195 42 29
1196 42 32
1197 42 45
1198 42 48
1199 42 55
1200 42 61
1201 42 68
1202 42 75
1203 42 78
1204 42 79
1205 42 107
1206 42 109
1207 42 113
1208 42 115
1209 42 116
1210 42 117
1211 43 20
1212 43 21
1213 43 29
1214 43 32
1215 43 45
1216 43 48
1217 43 55
1218 43 56
1219 43 57
1220 43 58
1221 43 59
1222 43 60
1223 43 61
1224 43 68
1225 43 69
1226 43 70
1227 43 71
1228 43 72
1229 43 73
1230 43 74
1231 43 75
1232 43 78
1233 43 79
1234 43 85
1235 43 86
1236 43 87
1237 43 88
1238 43 89
1239 43 90
1240 43 91
1241 43 92
1242 43 93
1243 43 94
1244 43 95
1245 43 96
1246 43 97
1247 43 98
1248 43 99
1249 43 100
1250 43 101
1251 43 102
1252 43 103
1253 43 104
1254 43 105
1255 43 106
1256 43 107
1257 43 108
1258 43 109
1259 43 113
1260 43 114
1261 43 119
1262 43 120
1263 43 121
1264 43 123
1265 43 128
1266 43 129
1267 43 130
1268 43 131
1269 43 132
1270 43 133
1271 43 134
1272 43 135
1273 43 136
1274 44 20
1275 44 21
1276 44 29
1277 44 32
1278 44 36
1279 44 45
1280 44 49
1281 44 50
1282 44 51
1283 44 52
1284 44 53
1285 44 54
1286 44 67
1287 44 76
1288 44 77
1289 44 80
1290 44 81
1291 44 82
1292 44 83
1293 44 84
1294 44 102
1295 44 109
1296 44 113
1297 44 114
1298 44 119
1299 44 121
1300 44 123
1301 44 128
1302 44 133
1303 44 134
1304 44 135
1305 44 136
1306 45 9
1307 45 10
1308 45 20
1309 45 21
1310 45 29
1311 45 32
1312 45 36
1313 45 45
1314 45 54
1315 45 67
1316 45 76
1317 45 78
1318 45 80
1319 45 88
1320 45 89
1321 45 90
1322 45 91
1323 45 92
1324 45 93
1325 45 94
1326 45 95
1327 45 96
1328 45 102
1329 45 109
1330 45 113
1331 45 114
1332 45 119
1333 45 121
1334 45 123
1335 45 128
1336 45 132
1337 46 9
1338 46 10
1339 46 20
1340 46 21
1341 46 24
1342 46 25
1343 46 26
1344 46 29
1345 46 32
1346 46 36
1347 46 45
1348 46 54
1349 46 67
1350 46 76
1351 46 78
1352 46 80
1353 46 81
1354 46 82
1355 46 83
1356 46 84
1357 46 85
1358 46 86
1359 46 87
1360 46 97
1361 46 98
1362 46 99
1363 46 100
1364 46 101
1365 46 102
1366 46 109
1367 46 113
1368 46 114
1369 46 119
1370 46 121
1371 46 123
1372 46 128
1373 46 132
1374 47 9
1375 47 10
1376 47 20
1377 47 21
1378 47 24
1379 47 25
1380 47 26
1381 47 29
1382 47 30
1383 47 31
1384 47 32
1385 47 36
1386 47 45
1387 47 54
1388 47 67
1389 47 76
1390 47 78
1391 47 109
1392 47 113
1393 47 114
1394 47 119
1395 47 121
1396 47 123
1397 47 128
1398 47 129
1399 47 130
1400 47 131
1401 47 132
1402 48 9
1403 48 10
1404 48 22
1405 48 23
1406 48 27
1407 48 28
1408 48 36
1409 48 45
1410 48 54
1411 48 63
1412 48 64
1413 48 65
1414 48 67
1415 48 76
1416 48 78
1417 48 109
1418 48 113
1419 48 114
1420 48 119
1421 48 122
1422 49 9
1423 49 10
1424 49 22
1425 49 23
1426 49 27
1427 49 28
1428 49 36
1429 49 45
1430 49 54
1431 49 63
1432 49 65
1433 49 67
1434 49 76
1435 49 78
1436 49 109
1437 49 113
1438 49 114
1439 49 119
1440 49 122
1441 49 153
1442 49 154
1443 49 155
1444 49 156
1445 50 9
1446 50 10
1447 50 18
1448 50 19
1449 50 20
1450 50 22
1451 50 23
1452 50 27
1453 50 28
1454 50 36
1455 50 45
1456 50 46
1457 50 47
1458 50 53
1459 50 63
1460 50 65
1461 50 67
1462 50 76
1463 50 77
1464 50 78
1465 50 80
1466 50 81
1467 50 82
1468 50 83
1469 50 84
1470 50 85
1471 50 86
1472 50 87
1473 50 109
1474 50 113
1475 50 114
1476 50 119
1477 50 120
1478 50 121
1479 50 122
1480 50 153
1481 50 156
1482 51 9
1483 51 10
1484 51 18
1485 51 20
1486 51 22
1487 51 23
1488 51 27
1489 51 28
1490 51 36
1491 51 48
1492 51 53
1493 51 63
1494 51 64
1495 51 65
1496 51 67
1497 51 74
1498 51 75
1499 51 79
1500 51 109
1501 51 113
1502 51 115
1503 51 116
1504 51 117
1505 51 118
1506 51 122
1507 51 153
1508 51 156
1509 52 9
1510 52 10
1511 52 18
1512 52 20
1513 52 22
1514 52 23
1515 52 27
1516 52 28
1517 52 36
1518 52 48
1519 52 49
1520 52 50
1521 52 51
1522 52 53
1523 52 68
1524 52 69
1525 52 70
1526 52 71
1527 52 72
1528 52 73
1529 52 79
1530 52 109
1531 52 113
1532 52 118
1533 52 122
1534 52 153
1535 52 155
1536 52 157
1537 52 158
1538 52 159
1539 52 160
1540 53 9
1541 53 10
1542 53 18
1543 53 20
1544 53 22
1545 53 23
1546 53 27
1547 53 28
1548 53 36
1549 53 37
1550 53 38
1551 53 45
1552 53 46
1553 53 47
1554 53 52
1555 53 53
1556 53 79
1557 53 109
1558 53 113
1559 53 114
1560 53 115
1561 53 116
1562 53 117
1563 53 118
1564 53 120
1565 53 121
1566 53 153
1567 53 155
1568 53 157
1569 53 160
1570 54 9
1571 54 10
1572 54 18
1573 54 20
1574 54 45
1575 54 47
1576 54 52
1577 54 53
1578 54 79
1579 54 122
1580 54 153
1581 54 155
1582 54 157
1583 54 160
1584 55 9
1585 55 10
1586 55 18
1587 55 20
1588 55 45
1589 55 47
1590 55 52
1591 55 53
1592 55 79
1593 55 153
1594 55 155
1595 55 157
1596 55 160
1597 56 9
1598 56 10
1599 56 18
1600 56 20
1601 56 27
1602 56 28
1603 56 45
1604 56 47
1605 56 52
1606 56 53
1607 56 69
1608 56 70
1609 56 71
1610 56 72
1611 56 73
1612 56 74
1613 56 75
1614 56 76
1615 56 77
1616 56 78
1617 56 80
1618 56 153
1619 56 155
1620 56 157
1621 56 160
1622 57 9
1623 57 10
1624 57 18
1625 57 20
1626 57 27
1627 57 28
1628 57 45
1629 57 46
1630 57 48
1631 57 49
1632 57 50
1633 57 51
1634 57 53
1635 57 69
1636 57 70
1637 57 71
1638 57 79
1639 57 88
1640 57 89
1641 57 98
1642 57 101
1643 57 104
1644 57 153
1645 57 155
1646 57 157
1647 57 160
1648 58 9
1649 58 10
1650 58 18
1651 58 20
1652 58 27
1653 58 28
1654 58 45
1655 58 46
1656 58 48
1657 58 53
1658 58 69
1659 58 102
1660 58 103
1661 58 104
1662 58 118
1663 58 153
1664 58 155
1665 58 157
1666 58 160
1667 59 9
1668 59 10
1669 59 18
1670 59 20
1671 59 27
1672 59 28
1673 59 45
1674 59 46
1675 59 48
1676 59 53
1677 59 102
1678 59 104
1679 59 118
1680 59 153
1681 59 154
1682 59 155
1683 59 157
1684 59 160
1685 60 9
1686 60 10
1687 60 18
1688 60 20
1689 60 27
1690 60 45
1691 60 46
1692 60 48
1693 60 49
1694 60 50
1695 60 51
1696 60 52
1697 60 53
1698 60 83
1699 60 84
1700 60 101
1701 60 104
1702 60 110
1703 60 111
1704 60 112
1705 60 113
1706 60 114
1707 60 115
1708 60 116
1709 60 117
1710 60 119
1711 60 120
1712 60 121
1713 60 122
1714 60 137
1715 60 143
1716 60 144
1717 60 145
1718 60 146
1719 60 151
1720 60 152
1721 60 156
1722 60 160
1723 61 9
1724 61 10
1725 61 18
1726 61 20
1727 61 27
1728 61 79
1729 61 80
1730 61 81
1731 61 82
1732 61 88
1733 61 89
1734 61 98
1735 61 101
1736 61 104
1737 61 105
1738 61 106
1739 61 110
1740 61 117
1741 61 119
1742 61 122
1743 61 129
1744 61 130
1745 61 131
1746 61 132
1747 61 133
1748 61 137
1749 61 151
1750 61 152
1751 61 156
1752 61 157
1753 61 160
1754 62 9
1755 62 10
1756 62 18
1757 62 20
1758 62 27
1759 62 79
1760 62 82
1761 62 88
1762 62 89
1763 62 98
1764 62 101
1765 62 102
1766 62 103
1767 62 106
1768 62 110
1769 62 117
1770 62 119
1771 62 121
1772 62 129
1773 62 133
1774 62 137
1775 62 153
1776 62 154
1777 62 155
1778 62 158
1779 62 160
1780 63 9
1781 63 10
1782 63 18
1783 63 20
1784 63 27
1785 63 32
1786 63 33
1787 63 34
1788 63 35
1789 63 36
1790 63 37
1791 63 38
1792 63 39
1793 63 40
1794 63 41
1795 63 42
1796 63 79
1797 63 82
1798 63 88
1799 63 98
1800 63 106
1801 63 110
1802 63 117
1803 63 119
1804 63 121
1805 63 129
1806 63 133
1807 63 137
1808 63 153
1809 63 155
1810 63 158
1811 63 160
1812 64 7
1813 64 8
1814 64 11
1815 64 12
1816 64 13
1817 64 18
1818 64 20
1819 64 27
1820 64 32
1821 64 36
1822 64 42
1823 64 49
1824 64 50
1825 64 51
1826 64 52
1827 64 79
1828 64 80
1829 64 81
1830 64 82
1831 64 88
1832 64 98
1833 64 106
1834 64 110
1835 64 117
1836 64 119
1837 64 120
1838 64 121
1839 64 129
1840 64 133
1841 64 137
1842 64 153
1843 64 155
1844 64 158
1845 64 160
1846 65 7
1847 65 8
1848 65 11
1849 65 13
1850 65 18
1851 65 21
1852 65 22
1853 65 23
1854 65 27
1855 65 32
1856 65 36
1857 65 42
1858 65 49
1859 65 52
1860 65 83
1861 65 84
1862 65 98
1863 65 106
1864 65 110
1865 65 115
1866 65 116
1867 65 117
1868 65 122
1869 65 123
1870 65 124
1871 65 127
1872 65 129
1873 65 133
1874 65 137
1875 65 153
1876 65 154
1877 65 155
1878 65 158
1879 65 160
1880 66 9
1881 66 10
1882 66 13
1883 66 18
1884 66 23
1885 66 27
1886 66 32
1887 66 36
1888 66 42
1889 66 49
1890 66 50
1891 66 51
1892 66 52
1893 66 83
1894 66 84
1895 66 98
1896 66 106
1897 66 110
1898 66 114
1899 66 122
1900 66 124
1901 66 130
1902 66 131
1903 66 133
1904 66 137
1905 66 138
1906 66 139
1907 66 140
1908 66 141
1909 66 142
1910 66 143
1911 66 144
1912 66 145
1913 66 146
1914 66 150
1915 66 151
1916 66 152
1917 66 156
1918 66 157
1919 66 160
1920 67 4
1921 67 5
1922 67 9
1923 67 13
1924 67 18
1925 67 23
1926 67 27
1927 67 32
1928 67 36
1929 67 43
1930 67 44
1931 67 45
1932 67 46
1933 67 83
1934 67 84
1935 67 98
1936 67 106
1937 67 110
1938 67 114
1939 67 122
1940 67 124
1941 67 129
1942 67 132
1943 67 133
1944 67 138
1945 67 146
1946 67 150
1947 67 152
1948 67 156
1949 67 160
1950 68 4
1951 68 5
1952 68 9
1953 68 12
1954 68 13
1955 68 14
1956 68 18
1957 68 19
1958 68 20
1959 68 23
1960 68 27
1961 68 32
1962 68 36
1963 68 37
1964 68 38
1965 68 39
1966 68 40
1967 68 41
1968 68 42
1969 68 43
1970 68 44
1971 68 45
1972 68 46
1973 68 83
1974 68 84
1975 68 98
1976 68 106
1977 68 110
1978 68 114
1979 68 122
1980 68 124
1981 68 129
1982 68 132
1983 68 133
1984 68 138
1985 68 146
1986 68 150
1987 68 152
1988 68 156
1989 68 160
1990 69 4
1991 69 5
1992 69 9
1993 69 11
1994 69 15
1995 69 16
1996 69 17
1997 69 21
1998 69 23
1999 69 27
2000 69 28
2001 69 29
2002 69 30
2003 69 31
2004 69 33
2005 69 34
2006 69 35
2007 69 53
2008 69 98
2009 69 106
2010 69 110
2011 69 111
2012 69 112
2013 69 113
2014 69 114
2015 69 122
2016 69 123
2017 69 124
2018 69 129
2019 69 132
2020 69 133
2021 69 138
2022 69 139
2023 69 140
2024 69 141
2025 69 142
2026 69 143
2027 69 144
2028 69 145
2029 69 146
2030 69 150
2031 69 151
2032 69 152
2033 69 156
2034 69 157
2035 69 158
2036 69 159
2037 69 160
2038 70 4
2039 70 5
2040 70 9
2041 70 11
2042 70 15
2043 70 17
2044 70 21
2045 70 23
2046 70 27
2047 70 31
2048 70 33
2049 70 35
2050 70 49
2051 70 50
2052 70 51
2053 70 52
2054 70 101
2055 70 102
2056 70 103
2057 70 104
2058 70 105
2059 70 115
2060 70 116
2061 70 117
2062 70 118
2063 70 119
2064 70 120
2065 70 121
2066 70 130
2067 70 131
2068 70 153
2069 70 154
2070 70 155
2071 71 4
2072 71 5
2073 71 9
2074 71 11
2075 71 15
2076 71 17
2077 71 21
2078 71 23
2079 71 27
2080 71 31
2081 71 33
2082 71 35
2083 71 49
2084 71 52
2085 71 101
2086 71 102
2087 71 103
2088 71 104
2089 71 105
2090 71 115
2091 71 116
2092 71 117
2093 71 118
2094 71 119
2095 71 120
2096 71 121
2097 71 130
2098 71 131
2099 71 153
2100 71 155
2101 72 4
2102 72 5
2103 72 9
2104 72 11
2105 72 15
2106 72 17
2107 72 21
2108 72 23
2109 72 27
2110 72 31
2111 72 33
2112 72 35
2113 72 49
2114 72 52
2115 72 101
2116 72 110
2117 72 111
2118 72 112
2119 72 113
2120 72 114
2121 72 122
2122 72 123
2123 72 124
2124 72 130
2125 72 131
2126 72 153
2127 72 155
2128 73 4
2129 73 5
2130 73 9
2131 73 11
2132 73 15
2133 73 17
2134 73 21
2135 73 23
2136 73 27
2137 73 28
2138 73 29
2139 73 30
2140 73 31
2141 73 33
2142 73 34
2143 73 35
2144 73 49
2145 73 52
2146 73 83
2147 73 84
2148 73 101
2149 73 110
2150 73 114
2151 73 122
2152 73 124
2153 73 130
2154 73 131
2155 73 153
2156 73 155
2157 74 4
2158 74 5
2159 74 9
2160 74 11
2161 74 15
2162 74 18
2163 74 19
2164 74 20
2165 74 23
2166 74 27
2167 74 32
2168 74 35
2169 74 49
2170 74 52
2171 74 83
2172 74 84
2173 74 101
2174 74 110
2175 74 114
2176 74 122
2177 74 124
2178 74 130
2179 74 131
2180 74 153
2181 74 154
2182 74 155
2183 75 4
2184 75 5
2185 75 9
2186 75 11
2187 75 15
2188 75 23
2189 75 27
2190 75 32
2191 75 36
2192 75 37
2193 75 38
2194 75 39
2195 75 40
2196 75 49
2197 75 52
2198 75 83
2199 75 84
2200 75 101
2201 75 110
2202 75 111
2203 75 112
2204 75 113
2205 75 114
2206 75 122
2207 75 123
2208 75 124
2209 75 130
2210 75 131
2211 76 4
2212 76 5
2213 76 9
2214 76 11
2215 76 15
2216 76 23
2217 76 27
2218 76 32
2219 76 36
2220 76 40
2221 76 49
2222 76 52
2223 76 67
2224 76 83
2225 76 84
2226 76 102
2227 76 103
2228 76 104
2229 76 105
2230 76 115
2231 76 116
2232 76 117
2233 76 118
2234 76 119
2235 76 120
2236 76 121
2237 76 130
2238 76 131
2239 77 4
2240 77 5
2241 77 9
2242 77 11
2243 77 15
2244 77 16
2245 77 17
2246 77 18
2247 77 19
2248 77 20
2249 77 21
2250 77 22
2251 77 23
2252 77 27
2253 77 32
2254 77 36
2255 77 40
2256 77 49
2257 77 52
2258 77 67
2259 77 83
2260 77 84
2261 77 102
2262 77 103
2263 77 104
2264 77 105
2265 77 115
2266 77 121
2267 77 130
2268 77 131
2269 78 4
2270 78 6
2271 78 7
2272 78 9
2273 78 12
2274 78 13
2275 78 14
2276 78 24
2277 78 27
2278 78 32
2279 78 36
2280 78 40
2281 78 49
2282 78 50
2283 78 51
2284 78 52
2285 78 67
2286 78 83
2287 78 84
2288 78 105
2289 78 115
2290 78 121
2291 78 130
2292 78 131
2293 78 153
2294 78 154
2295 78 155
2296 78 156
2297 78 157
2298 79 4
2299 79 6
2300 79 7
2301 79 9
2302 79 14
2303 79 24
2304 79 27
2305 79 32
2306 79 36
2307 79 41
2308 79 42
2309 79 43
2310 79 44
2311 79 45
2312 79 46
2313 79 47
2314 79 48
2315 79 67
2316 79 83
2317 79 84
2318 79 105
2319 79 115
2320 79 116
2321 79 121
2322 79 130
2323 79 131
2324 79 153
2325 79 157
2326 80 4
2327 80 6
2328 80 7
2329 80 9
2330 80 14
2331 80 24
2332 80 27
2333 80 32
2334 80 36
2335 80 48
2336 80 64
2337 80 65
2338 80 66
2339 80 68
2340 80 69
2341 80 70
2342 80 71
2343 80 72
2344 80 73
2345 80 74
2346 80 79
2347 80 80
2348 80 81
2349 80 82
2350 80 85
2351 80 86
2352 80 87
2353 80 88
2354 80 89
2355 80 102
2356 80 103
2357 80 104
2358 80 105
2359 80 115
2360 80 117
2361 80 121
2362 80 130
2363 80 131
2364 80 153
2365 80 157
2366 81 4
2367 81 6
2368 81 7
2369 81 9
2370 81 14
2371 81 24
2372 81 27
2373 81 32
2374 81 36
2375 81 48
2376 81 67
2377 81 83
2378 81 84
2379 81 88
2380 81 89
2381 81 102
2382 81 105
2383 81 115
2384 81 117
2385 81 122
2386 81 123
2387 81 124
2388 81 129
2389 81 132
2390 81 133
2391 81 153
2392 81 154
2393 81 155
2394 81 156
2395 81 157
2396 82 4
2397 82 6
2398 82 7
2399 82 9
2400 82 14
2401 82 24
2402 82 27
2403 82 32
2404 82 36
2405 82 37
2406 82 38
2407 82 39
2408 82 40
2409 82 41
2410 82 42
2411 82 43
2412 82 44
2413 82 45
2414 82 46
2415 82 47
2416 82 48
2417 82 67
2418 82 83
2419 82 84
2420 82 88
2421 82 89
2422 82 102
2423 82 103
2424 82 104
2425 82 105
2426 82 115
2427 82 117
2428 82 121
2429 82 130
2430 82 131
2431 82 143
2432 82 144
2433 82 145
2434 82 146
2435 82 150
2436 82 151
2437 82 152
2438 82 158
2439 82 159
2440 82 160
2441 83 4
2442 83 6
2443 83 7
2444 83 9
2445 83 14
2446 83 24
2447 83 27
2448 83 32
2449 83 67
2450 83 83
2451 83 84
2452 83 88
2453 83 89
2454 83 116
2455 83 121
2456 83 130
2457 83 131
2458 83 143
2459 83 146
2460 83 150
2461 83 152
2462 83 158
2463 83 160
2464 84 4
2465 84 6
2466 84 7
2467 84 9
2468 84 14
2469 84 24
2470 84 27
2471 84 32
2472 84 67
2473 84 74
2474 84 79
2475 84 80
2476 84 81
2477 84 82
2478 84 85
2479 84 86
2480 84 87
2481 84 90
2482 84 98
2483 84 116
2484 84 121
2485 84 130
2486 84 131
2487 84 143
2488 84 146
2489 84 148
2490 84 149
2491 84 152
2492 84 158
2493 84 160
2494 85 1
2495 85 2
2496 85 3
2497 85 6
2498 85 7
2499 85 9
2500 85 14
2501 85 24
2502 85 27
2503 85 32
2504 85 33
2505 85 36
2506 85 37
2507 85 38
2508 85 39
2509 85 40
2510 85 41
2511 85 42
2512 85 43
2513 85 47
2514 85 48
2515 85 62
2516 85 63
2517 85 64
2518 85 65
2519 85 66
2520 85 67
2521 85 74
2522 85 79
2523 85 82
2524 85 85
2525 85 87
2526 85 90
2527 85 98
2528 85 116
2529 85 121
2530 85 130
2531 85 131
2532 85 143
2533 85 144
2534 85 145
2535 85 146
2536 85 148
2537 85 152
2538 85 158
2539 85 160
2540 86 1
2541 86 3
2542 86 6
2543 86 7
2544 86 9
2545 86 14
2546 86 24
2547 86 27
2548 86 32
2549 86 33
2550 86 36
2551 86 43
2552 86 47
2553 86 48
2554 86 61
2555 86 68
2556 86 74
2557 86 79
2558 86 82
2559 86 85
2560 86 87
2561 86 90
2562 86 98
2563 86 116
2564 86 117
2565 86 118
2566 86 119
2567 86 120
2568 86 121
2569 86 130
2570 86 132
2571 86 133
2572 86 148
2573 86 152
2574 86 158
2575 86 160
2576 87 1
2577 87 3
2578 87 6
2579 87 7
2580 87 9
2581 87 14
2582 87 24
2583 87 27
2584 87 32
2585 87 33
2586 87 36
2587 87 37
2588 87 38
2589 87 39
2590 87 40
2591 87 41
2592 87 42
2593 87 43
2594 87 47
2595 87 48
2596 87 61
2597 87 68
2598 87 74
2599 87 79
2600 87 82
2601 87 85
2602 87 87
2603 87 90
2604 87 98
2605 87 102
2606 87 103
2607 87 104
2608 87 105
2609 87 108
2610 87 115
2611 87 122
2612 87 123
2613 87 124
2614 87 130
2615 87 133
2616 87 148
2617 87 152
2618 87 158
2619 87 160
2620 88 1
2621 88 3
2622 88 6
2623 88 7
2624 88 9
2625 88 14
2626 88 24
2627 88 62
2628 88 63
2629 88 64
2630 88 65
2631 88 66
2632 88 67
2633 88 68
2634 88 74
2635 88 79
2636 88 82
2637 88 85
2638 88 86
2639 88 88
2640 88 89
2641 88 90
2642 88 98
2643 88 102
2644 88 105
2645 88 108
2646 88 115
2647 88 122
2648 88 124
2649 88 130
2650 88 133
2651 88 148
2652 88 152
2653 88 158
2654 88 159
2655 89 1
2656 89 3
2657 89 6
2658 89 7
2659 89 9
2660 89 10
2661 89 11
2662 89 12
2663 89 13
2664 89 14
2665 89 24
2666 89 62
2667 89 68
2668 89 74
2669 89 79
2670 89 82
2671 89 85
2672 89 86
2673 89 88
2674 89 90
2675 89 98
2676 89 102
2677 89 105
2678 89 108
2679 89 115
2680 89 122
2681 89 124
2682 89 130
2683 89 133
2684 89 148
2685 89 152
2686 89 158
2687 89 159
2688 90 1
2689 90 3
2690 90 6
2691 90 7
2692 90 8
2693 90 15
2694 90 16
2695 90 17
2696 90 18
2697 90 19
2698 90 20
2699 90 21
2700 90 22
2701 90 23
2702 90 62
2703 90 63
2704 90 64
2705 90 65
2706 90 66
2707 90 67
2708 90 68
2709 90 73
2710 90 75
2711 90 79
2712 90 82
2713 90 85
2714 90 86
2715 90 88
2716 90 90
2717 90 98
2718 90 102
2719 90 105
2720 90 108
2721 90 115
2722 90 122
2723 90 124
2724 90 130
2725 90 133
2726 90 148
2727 90 152
2728 90 158
2729 90 159
2730 91 1
2731 91 2
2732 91 61
2733 91 69
2734 91 70
2735 91 73
2736 91 75
2737 91 79
2738 91 82
2739 91 85
2740 91 86
2741 91 88
2742 91 90
2743 91 98
2744 91 102
2745 91 105
2746 91 108
2747 91 115
2748 91 122
2749 91 124
2750 91 130
2751 91 133
2752 91 148
2753 91 153
2754 91 154
2755 91 155
2756 91 156
2757 91 157
2758 91 160
2759 92 1
2760 92 2
2761 92 61
2762 92 73
2763 92 75
2764 92 79
2765 92 82
2766 92 85
2767 92 86
2768 92 88
2769 92 90
2770 92 98
2771 92 102
2772 92 105
2773 92 108
2774 92 115
2775 92 122
2776 92 125
2777 92 130
2778 92 133
2779 92 148
2780 92 157
2781 92 160
2782 93 1
2783 93 2
2784 93 3
2785 93 61
2786 93 69
2787 93 70
2788 93 73
2789 93 75
2790 93 79
2791 93 82
2792 93 85
2793 93 86
2794 93 88
2795 93 90
2796 93 98
2797 93 102
2798 93 105
2799 93 108
2800 93 115
2801 93 122
2802 93 125
2803 93 130
2804 93 133
2805 93 148
2806 93 157
2807 93 160
2808 94 4
2809 94 5
2810 94 6
2811 94 7
2812 94 8
2813 94 15
2814 94 16
2815 94 17
2816 94 18
2817 94 19
2818 94 20
2819 94 21
2820 94 22
2821 94 23
2822 94 61
2823 94 69
2824 94 70
2825 94 73
2826 94 75
2827 94 79
2828 94 82
2829 94 85
2830 94 86
2831 94 88
2832 94 90
2833 94 98
2834 94 102
2835 94 103
2836 94 104
2837 94 105
2838 94 108
2839 94 109
2840 94 110
2841 94 111
2842 94 112
2843 94 115
2844 94 122
2845 94 125
2846 94 130
2847 94 133
2848 94 148
2849 94 157
2850 94 160
2851 95 4
2852 95 8
2853 95 15
2854 95 23
2855 95 61
2856 95 69
2857 95 70
2858 95 73
2859 95 75
2860 95 79
2861 95 82
2862 95 85
2863 95 88
2864 95 89
2865 95 90
2866 95 98
2867 95 106
2868 95 107
2869 95 110
2870 95 112
2871 95 115
2872 95 122
2873 95 125
2874 95 130
2875 95 133
2876 95 148
2877 95 157
2878 96 4
2879 96 8
2880 96 15
2881 96 23
2882 96 61
2883 96 69
2884 96 70
2885 96 73
2886 96 75
2887 96 79
2888 96 82
2889 96 85
2890 96 98
2891 96 106
2892 96 107
2893 96 110
2894 96 111
2895 96 112
2896 96 115
2897 96 116
2898 96 117
2899 96 122
2900 96 123
2901 96 124
2902 96 125
2903 96 130
2904 96 131
2905 96 132
2906 96 133
2907 96 148
2908 96 149
2909 96 150
2910 96 151
2911 96 152
2912 96 153
2913 96 154
2914 96 155
2915 96 156
2916 96 157
2917 97 4
2918 97 6
2919 97 7
2920 97 8
2921 97 15
2922 97 23
2923 97 36
2924 97 61
2925 97 69
2926 97 70
2927 97 73
2928 97 75
2929 97 79
2930 97 82
2931 97 102
2932 97 103
2933 97 104
2934 97 105
2935 97 108
2936 97 109
2937 97 160
2938 98 4
2939 98 5
2940 98 15
2941 98 23
2942 98 36
2943 98 61
2944 98 69
2945 98 70
2946 98 73
2947 98 75
2948 98 79
2949 98 82
2950 98 102
2951 98 105
2952 98 108
2953 98 109
2954 98 160
2955 99 4
2956 99 5
2957 99 15
2958 99 23
2959 99 27
2960 99 37
2961 99 38
2962 99 39
2963 99 61
2964 99 69
2965 99 70
2966 99 73
2967 99 75
2968 99 79
2969 99 82
2970 99 102
2971 99 105
2972 99 108
2973 99 109
2974 99 160
2975 100 4
2976 100 5
2977 100 11
2978 100 12
2979 100 13
2980 100 14
2981 100 22
2982 100 24
2983 100 25
2984 100 26
2985 100 37
2986 100 39
2987 100 61
2988 100 69
2989 100 70
2990 100 73
2991 100 75
2992 100 79
2993 100 82
2994 100 102
2995 100 103
2996 100 104
2997 100 105
2998 100 108
2999 100 109
3000 100 160
3001 101 4
3002 101 5
3003 101 11
3004 101 12
3005 101 13
3006 101 14
3007 101 15
3008 101 16
3009 101 17
3010 101 18
3011 101 19
3012 101 20
3013 101 21
3014 101 22
3015 101 24
3016 101 25
3017 101 26
3018 101 37
3019 101 39
3020 101 61
3021 101 69
3022 101 70
3023 101 73
3024 101 75
3025 101 79
3026 101 82
3027 101 85
3028 101 106
3029 101 107
3030 101 110
3031 101 111
3032 101 112
3033 101 115
3034 101 116
3035 101 117
3036 101 118
3037 101 119
3038 101 120
3039 101 121
3040 101 123
3041 101 124
3042 101 125
3043 101 129
3044 101 130
3045 101 131
3046 101 134
3047 101 135
3048 101 145
3049 101 146
3050 101 147
3051 101 148
3052 101 149
3053 101 150
3054 101 151
3055 101 152
3056 101 153
3057 101 154
3058 101 155
3059 101 156
3060 101 157
3061 102 0
3062 102 1
3063 102 2
3064 102 3
3065 102 23
3066 102 27
3067 102 37
3068 102 38
3069 102 39
3070 102 44
3071 102 61
3072 102 69
3073 102 70
3074 102 73
3075 102 75
3076 102 79
3077 102 82
3078 102 85
3079 102 106
3080 102 107
3081 102 110
3082 102 112
3083 102 115
3084 102 121
3085 102 123
3086 102 125
3087 102 129
3088 102 131
3089 102 136
3090 102 137
3091 102 143
3092 102 144
3093 102 151
3094 102 157
3095 103 0
3096 103 3
3097 103 23
3098 103 27
3099 103 39
3100 103 44
3101 103 62
3102 103 63
3103 103 64
3104 103 65
3105 103 66
3106 103 67
3107 103 68
3108 103 75
3109 103 79
3110 103 82
3111 103 85
3112 103 106
3113 103 107
3114 103 110
3115 103 112
3116 103 115
3117 103 121
3118 103 123
3119 103 125
3120 103 126
3121 103 127
3122 103 128
3123 103 129
3124 103 130
3125 103 131
3126 103 136
3127 103 137
3128 103 143
3129 103 144
3130 103 151
3131 103 152
3132 103 153
3133 103 154
3134 103 155
3135 103 156
3136 103 157
3137 104 0
3138 104 3
3139 104 23
3140 104 27
3141 104 39
3142 104 44
3143 104 62
3144 104 74
3145 104 79
3146 104 80
3147 104 82
3148 104 85
3149 104 106
3150 104 107
3151 104 110
3152 104 112
3153 104 115
3154 104 121
3155 104 123
3156 104 124
3157 104 132
3158 104 133
3159 104 134
3160 104 135
3161 104 145
3162 104 146
3163 104 147
3164 104 148
3165 104 149
3166 104 150
3167 104 160
3168 105 0
3169 105 3
3170 105 39
3171 105 44
3172 105 62
3173 105 74
3174 105 81
3175 105 82
3176 105 85
3177 105 106
3178 105 107
3179 105 110
3180 105 112
3181 105 115
3182 105 121
3183 105 123
3184 105 124
3185 105 132
3186 105 135
3187 105 145
3188 105 146
3189 105 147
3190 105 148
3191 105 149
3192 105 150
3193 105 153
3194 105 154
3195 105 155
3196 105 156
3197 105 157
3198 105 160
3199 106 0
3200 106 3
3201 106 39
3202 106 44
3203 106 52
3204 106 53
3205 106 54
3206 106 55
3207 106 56
3208 106 57
3209 106 61
3210 106 63
3211 106 64
3212 106 65
3213 106 66
3214 106 67
3215 106 68
3216 106 74
3217 106 81
3218 106 82
3219 106 85
3220 106 106
3221 106 107
3222 106 110
3223 106 112
3224 106 115
3225 106 121
3226 106 132
3227 106 135
3228 106 143
3229 106 144
3230 106 151
3231 106 152
3232 106 158
3233 106 159
3234 107 0
3235 107 1
3236 107 2
3237 107 3
3238 107 39
3239 107 40
3240 107 41
3241 107 42
3242 107 43
3243 107 44
3244 107 52
3245 107 53
3246 107 54
3247 107 55
3248 107 56
3249 107 57
3250 107 61
3251 107 63
3252 107 68
3253 107 74
3254 107 81
3255 107 82
3256 107 85
3257 107 106
3258 107 107
3259 107 110
3260 107 112
3261 107 115
3262 107 121
3263 107 132
3264 107 135
3265 107 145
3266 107 146
3267 107 147
3268 107 148
3269 107 149
3270 107 150
3271 107 152
3272 107 158
3273 107 159
3274 108 3
3275 108 23
3276 108 27
3277 108 38
3278 108 50
3279 108 51
3280 108 58
3281 108 63
3282 108 64
3283 108 65
3284 108 66
3285 108 67
3286 108 68
3287 108 73
3288 108 75
3289 108 78
3290 108 81
3291 108 82
3292 108 83
3293 108 84
3294 108 85
3295 108 106
3296 108 107
3297 108 110
3298 108 112
3299 108 115
3300 108 121
3301 108 132
3302 108 135
3303 108 145
3304 108 150
3305 108 152
3306 108 158
3307 108 159
3308 109 3
3309 109 13
3310 109 15
3311 109 39
3312 109 40
3313 109 41
3314 109 42
3315 109 43
3316 109 44
3317 109 52
3318 109 53
3319 109 54
3320 109 55
3321 109 56
3322 109 57
3323 109 61
3324 109 62
3325 109 73
3326 109 75
3327 109 79
3328 109 80
3329 109 106
3330 109 107
3331 109 110
3332 109 112
3333 109 115
3334 109 121
3335 109 132
3336 109 135
3337 109 145
3338 109 150
3339 109 152
3340 109 158
3341 109 159
3342 110 3
3343 110 7
3344 110 8
3345 110 10
3346 110 11
3347 110 13
3348 110 15
3349 110 57
3350 110 61
3351 110 62
3352 110 73
3353 110 75
3354 110 79
3355 110 80
3356 110 106
3357 110 107
3358 110 110
3359 110 111
3360 110 112
3361 110 115
3362 110 116
3363 110 117
3364 110 118
3365 110 119
3366 110 120
3367 110 121
3368 110 132
3369 110 135
3370 110 145
3371 110 150
3372 110 152
3373 110 158
3374 110 159
3375 111 3
3376 111 4
3377 111 5
3378 111 6
3379 111 8
3380 111 10
3381 111 11
3382 111 13
3383 111 15
3384 111 23
3385 111 52
3386 111 53
3387 111 54
3388 111 63
3389 111 64
3390 111 65
3391 111 66
3392 111 67
3393 111 68
3394 111 73
3395 111 75
3396 111 79
3397 111 80
3398 111 106
3399 111 108
3400 111 109
3401 111 132
3402 111 135
3403 111 145
3404 111 150
3405 111 152
3406 111 153
3407 111 154
3408 111 155
3409 111 158
3410 111 159
3411 112 0
3412 112 1
3413 112 2
3414 112 4
3415 112 6
3416 112 8
3417 112 10
3418 112 11
3419 112 13
3420 112 15
3421 112 23
3422 112 61
3423 112 62
3424 112 65
3425 112 68
3426 112 73
3427 112 75
3428 112 79
3429 112 80
3430 112 106
3431 112 109
3432 112 132
3433 112 135
3434 112 145
3435 112 150
3436 112 152
3437 112 155
3438 112 158
3439 112 159
3440 113 0
3441 113 3
3442 113 6
3443 113 8
3444 113 10
3445 113 11
3446 113 13
3447 113 23
3448 113 61
3449 113 62
3450 113 65
3451 113 68
3452 113 73
3453 113 75
3454 113 79
3455 113 80
3456 113 106
3457 113 109
3458 113 115
3459 113 116
3460 113 117
3461 113 118
3462 113 119
3463 113 120
3464 113 121
3465 113 123
3466 113 124
3467 113 125
3468 113 130
3469 113 131
3470 113 133
3471 113 135
3472 113 145
3473 113 150
3474 113 152
3475 113 154
3476 114 1
3477 114 5
3478 114 6
3479 114 8
3480 114 10
3481 114 11
3482 114 13
3483 114 23
3484 114 52
3485 114 61
3486 114 62
3487 114 65
3488 114 68
3489 114 73
3490 114 75
3491 114 106
3492 114 109
3493 114 115
3494 114 116
3495 114 117
3496 114 118
3497 114 119
3498 114 120
3499 114 121
3500 114 123
3501 114 125
3502 114 130
3503 114 131
3504 114 133
3505 114 135
3506 114 145
3507 114 150
3508 114 152
3509 114 154
3510 115 1
3511 115 4
3512 115 7
3513 115 13
3514 115 26
3515 115 27
3516 115 39
3517 115 40
3518 115 41
3519 115 42
3520 115 43
3521 115 44
3522 115 53
3523 115 61
3524 115 62
3525 115 65
3526 115 66
3527 115 67
3528 115 68
3529 115 73
3530 115 75
3531 115 106
3532 115 110
3533 115 111
3534 115 112
3535 115 113
3536 115 114
3537 115 122
3538 115 125
3539 115 130
3540 115 131
3541 115 133
3542 115 135
3543 115 145
3544 115 150
3545 115 152
3546 115 154
3547 116 1
3548 116 4
3549 116 7
3550 116 13
3551 116 26
3552 116 27
3553 116 39
3554 116 44
3555 116 53
3556 116 73
3557 116 75
3558 116 106
3559 116 114
3560 116 122
3561 116 125
3562 116 130
3563 116 131
3564 116 133
3565 116 135
3566 116 145
3567 116 150
3568 116 152
3569 116 154
3570 117 1
3571 117 4
3572 117 7
3573 117 14
3574 117 26
3575 117 39
3576 117 44
3577 117 53
3578 117 73
3579 117 75
3580 117 106
3581 117 114
3582 117 122
3583 117 125
3584 117 130
3585 117 131
3586 117 133
3587 117 135
3588 117 145
3589 117 150
3590 117 152
3591 117 154
3592 117 157
3593 117 160
3594 118 1
3595 118 3
3596 118 5
3597 118 6
3598 118 7
3599 118 39
3600 118 44
3601 118 53
3602 118 62
3603 118 73
3604 118 75
3605 118 102
3606 118 103
3607 118 104
3608 118 105
3609 118 107
3610 118 108
3611 118 109
3612 118 110
3613 118 111
3614 118 112
3615 118 114
3616 118 122
3617 118 125
3618 118 130
3619 118 131
3620 118 133
3621 118 135
3622 118 145
3623 118 150
3624 118 152
3625 118 153
3626 118 154
3627 118 157
3628 118 160
3629 119 1
3630 119 3
3631 119 8
3632 119 39
3633 119 44
3634 119 54
3635 119 62
3636 119 74
3637 119 102
3638 119 105
3639 119 107
3640 119 113
3641 119 114
3642 119 122
3643 119 125
3644 119 130
3645 119 131
3646 119 133
3647 119 135
3648 119 145
3649 119 146
3650 119 147
3651 119 148
3652 119 151
3653 119 155
3654 119 156
3655 119 158
3656 119 159
3657 119 160
3658 120 1
3659 120 3
3660 120 8
3661 120 39
3662 120 40
3663 120 41
3664 120 42
3665 120 43
3666 120 44
3667 120 54
3668 120 62
3669 120 74
3670 120 102
3671 120 105
3672 120 107
3673 120 113
3674 120 114
3675 120 122
3676 120 125
3677 120 130
3678 120 131
3679 120 133
3680 120 135
3681 120 149
3682 120 151
3683 120 155
3684 120 156
3685 120 158
3686 120 160
3687 121 1
3688 121 4
3689 121 5
3690 121 6
3691 121 7
3692 121 8
3693 121 32
3694 121 33
3695 121 36
3696 121 37
3697 121 38
3698 121 50
3699 121 51
3700 121 57
3701 121 62
3702 121 102
3703 121 105
3704 121 107
3705 121 113
3706 121 114
3707 121 122
3708 121 125
3709 121 130
3710 121 131
3711 121 133
3712 121 135
3713 121 149
3714 121 151
3715 121 155
3716 121 156
3717 121 158
3718 121 160
3719 122 1
3720 122 7
3721 122 24
3722 122 39
3723 122 40
3724 122 41
3725 122 42
3726 122 43
3727 122 44
3728 122 52
3729 122 53
3730 122 54
3731 122 55
3732 122 56
3733 122 102
3734 122 105
3735 122 107
3736 122 113
3737 122 114
3738 122 122
3739 122 125
3740 122 130
3741 122 131
3742 122 133
3743 122 135
3744 122 149
3745 122 151
3746 122 155
3747 122 156
3748 122 158
3749 122 160
3750 123 1
3751 123 7
3752 123 39
3753 123 40
3754 123 41
3755 123 42
3756 123 43
3757 123 44
3758 123 52
3759 123 56
3760 123 62
3761 123 102
3762 123 105
3763 123 107
3764 123 113
3765 123 114
3766 123 122
3767 123 125
3768 123 130
3769 123 131
3770 123 133
3771 123 135
3772 123 149
3773 123 152
3774 123 153
3775 123 155
3776 123 156
3777 123 158
3778 123 160
3779 124 1
3780 124 7
3781 124 52
3782 124 56
3783 124 62
3784 124 102
3785 124 105
3786 124 107
3787 124 113
3788 124 114
3789 124 122
3790 124 125
3791 124 130
3792 124 131
3793 124 133
3794 124 135
3795 124 149
3796 124 153
3797 124 155
3798 124 156
3799 124 158
3800 124 159
3801 124 160
3802 125 1
3803 125 6
3804 125 52
3805 125 56
3806 125 62
3807 125 102
3808 125 106
3809 125 108
3810 125 109
3811 125 113
3812 125 114
3813 125 122
3814 125 123
3815 125 124
3816 125 125
3817 125 130
3818 125 131
3819 125 133
3820 125 135
3821 125 149
3822 125 153
3823 125 155
3824 125 157
3825 126 1
3826 126 6
3827 126 15
3828 126 52
3829 126 56
3830 126 62
3831 126 63
3832 126 102
3833 126 103
3834 126 104
3835 126 105
3836 126 106
3837 126 107
3838 126 108
3839 126 109
3840 126 113
3841 126 114
3842 126 125
3843 126 130
3844 126 131
3845 126 133
3846 126 135
3847 126 149
3848 126 153
3849 126 155
3850 126 157
3851 127 1
3852 127 5
3853 127 15
3854 127 52
3855 127 56
3856 127 62
3857 127 63
3858 127 115
3859 127 116
3860 127 117
3861 127 118
3862 127 119
3863 127 120
3864 127 125
3865 127 130
3866 127 131
3867 127 133
3868 127 134
3869 127 135
3870 127 149
3871 127 150
3872 127 151
3873 127 152
3874 127 153
3875 127 155
3876 127 156
3877 127 157
3878 128 1
3879 128 5
3880 128 15
3881 128 52
3882 128 53
3883 128 54
3884 128 55
3885 128 56
3886 128 62
3887 128 63
3888 128 121
3889 128 122
3890 128 123
3891 128 124
3892 128 132
3893 128 145
3894 128 146
3895 128 147
3896 128 148
3897 128 154
3898 129 1
3899 129 2
3900 129 3
3901 129 4
3902 129 5
3903 129 15
3904 129 37
3905 129 38
3906 129 43
3907 129 44
3908 129 49
3909 129 50
3910 129 51
3911 129 57
3912 129 58
3913 129 61
3914 129 64
3915 129 65
3916 129 66
3917 129 67
3918 129 68
3919 129 90
3920 129 91
3921 129 92
3922 129 93
3923 129 94
3924 129 95
3925 129 96
3926 129 121
3927 129 124
3928 129 132
3929 130 15
3930 130 37
3931 130 38
3932 130 43
3933 130 44
3934 130 49
3935 130 51
3936 130 57
3937 130 58
3938 130 62
3939 130 63
3940 130 90
3941 130 96
3942 130 121
3943 130 124
3944 130 132
3945 130 133
3946 130 134
3947 131 43
3948 131 44
3949 131 49
3950 131 51
3951 131 57
3952 131 58
3953 131 62
3954 131 63
3955 131 90
3956 131 96
3957 131 105
3958 131 106
3959 131 107
3960 131 108
3961 131 109
3962 131 115
3963 131 121
3964 131 124
3965 131 132
3966 131 135
3967 131 145
3968 131 146
3969 131 147
3970 131 148
3971 131 154
3972 132 15
3973 132 43
3974 132 44
3975 132 49
3976 132 50
3977 132 51
3978 132 57
3979 132 58
3980 132 62
3981 132 63
3982 132 90
3983 132 96
3984 132 105
3985 132 106
3986 132 107
3987 132 108
3988 132 109
3989 132 115
3990 132 121
3991 132 124
3992 132 132
3993 132 135
3994 132 145
3995 132 148
3996 132 154
3997 133 1
3998 133 2
3999 133 3
4000 133 4
4001 133 5
4002 133 6
4003 133 7
4004 133 8
4005 133 9
4006 133 10
4007 133 11
4008 133 12
4009 133 15
4010 133 43
4011 133 44
4012 133 46
4013 133 47
4014 133 48
4015 133 49
4016 133 52
4017 133 53
4018 133 54
4019 133 55
4020 133 56
4021 133 90
4022 133 91
4023 133 92
4024 133 93
4025 133 94
4026 133 95
4027 133 96
4028 133 121
4029 133 122
4030 133 123
4031 133 124
4032 133 132
4033 133 135
4034 133 145
4035 133 148
4036 133 152
4037 133 153
4038 133 155
4039 133 156
4040 133 157
4041 134 1
4042 134 3
4043 134 6
4044 134 7
4045 134 15
4046 134 43
4047 134 44
4048 134 46
4049 134 47
4050 134 48
4051 134 49
4052 134 52
4053 134 53
4054 134 54
4055 134 55
4056 134 56
4057 134 132
4058 134 135
4059 134 145
4060 134 148
4061 134 152
4062 134 153
4063 134 155
4064 134 157
4065 135 1
4066 135 3
4067 135 6
4068 135 7
4069 135 15
4070 135 36
4071 135 43
4072 135 44
4073 135 132
4074 135 135
4075 135 145
4076 135 148
4077 135 152
4078 135 153
4079 135 155
4080 135 157
4081 136 1
4082 136 3
4083 136 6
4084 136 7
4085 136 15
4086 136 32
4087 136 33
4088 136 36
4089 136 43
4090 136 44
4091 136 93
4092 136 102
4093 136 103
4094 136 104
4095 136 105
4096 136 115
4097 136 116
4098 136 117
4099 136 118
4100 136 119
4101 136 132
4102 136 135
4103 136 145
4104 136 148
4105 136 152
4106 136 153
4107 136 155
4108 136 157
4109 137 1
4110 137 3
4111 137 6
4112 137 7
4113 137 15
4114 137 32
4115 137 33
4116 137 36
4117 137 46
4118 137 47
4119 137 48
4120 137 49
4121 137 50
4122 137 51
4123 137 57
4124 137 62
4125 137 63
4126 137 66
4127 137 67
4128 137 68
4129 137 69
4130 137 70
4131 137 71
4132 137 72
4133 137 73
4134 137 102
4135 137 105
4136 137 115
4137 137 119
4138 137 132
4139 137 135
4140 137 145
4141 137 148
4142 137 152
4143 137 153
4144 137 155
4145 137 157
4146 138 1
4147 138 3
4148 138 6
4149 138 7
4150 138 15
4151 138 32
4152 138 33
4153 138 36
4154 138 37
4155 138 38
4156 138 39
4157 138 40
4158 138 41
4159 138 42
4160 138 46
4161 138 51
4162 138 57
4163 138 62
4164 138 63
4165 138 66
4166 138 73
4167 138 102
4168 138 105
4169 138 115
4170 138 119
4171 138 123
4172 138 124
4173 138 132
4174 138 135
4175 138 145
4176 138 149
4177 138 150
4178 138 151
4179 138 155
4180 138 157
4181 139 1
4182 139 3
4183 139 6
4184 139 8
4185 139 15
4186 139 32
4187 139 33
4188 139 36
4189 139 42
4190 139 46
4191 139 51
4192 139 57
4193 139 58
4194 139 61
4195 139 64
4196 139 65
4197 139 66
4198 139 67
4199 139 68
4200 139 69
4201 139 70
4202 139 71
4203 139 72
4204 139 102
4205 139 105
4206 139 115
4207 139 118
4208 139 119
4209 139 122
4210 139 124
4211 139 132
4212 139 134
4213 139 135
4214 139 145
4215 139 151
4216 139 155
4217 139 157
4218 140 1
4219 140 3
4220 140 6
4221 140 8
4222 140 13
4223 140 14
4224 140 32
4225 140 33
4226 140 36
4227 140 37
4228 140 38
4229 140 39
4230 140 42
4231 140 46
4232 140 47
4233 140 48
4234 140 49
4235 140 50
4236 140 51
4237 140 57
4238 140 58
4239 140 61
4240 140 73
4241 140 102
4242 140 105
4243 140 115
4244 140 117
4245 140 120
4246 140 121
4247 140 124
4248 140 132
4249 140 133
4250 140 145
4251 140 148
4252 140 149
4253 140 150
4254 140 151
4255 140 155
4256 140 156
4257 140 157
4258 141 1
4259 141 3
4260 141 6
4261 141 8
4262 141 13
4263 141 14
4264 141 16
4265 141 24
4266 141 25
4267 141 26
4268 141 27
4269 141 30
4270 141 31
4271 141 34
4272 141 35
4273 141 40
4274 141 41
4275 141 43
4276 141 44
4277 141 45
4278 141 52
4279 141 53
4280 141 54
4281 141 55
4282 141 56
4283 141 58
4284 141 61
4285 141 73
4286 141 102
4287 141 105
4288 141 115
4289 141 116
4290 141 117
4291 141 120
4292 141 121
4293 141 122
4294 141 123
4295 141 124
4296 141 132
4297 141 133
4298 141 145
4299 141 147
4300 141 152
4301 141 153
4302 141 154
4303 142 1
4304 142 2
4305 142 3
4306 142 6
4307 142 8
4308 142 13
4309 142 14
4310 142 16
4311 142 24
4312 142 26
4313 142 27
4314 142 32
4315 142 33
4316 142 36
4317 142 37
4318 142 38
4319 142 39
4320 142 42
4321 142 43
4322 142 44
4323 142 45
4324 142 52
4325 142 56
4326 142 58
4327 142 61
4328 142 73
4329 142 102
4330 142 105
4331 142 115
4332 142 118
4333 142 119
4334 142 132
4335 142 133
4336 142 145
4337 142 147
4338 142 152
4339 142 154
4340 143 1
4341 143 4
4342 143 6
4343 143 8
4344 143 13
4345 143 14
4346 143 16
4347 143 24
4348 143 25
4349 143 45
4350 143 52
4351 143 53
4352 143 54
4353 143 55
4354 143 56
4355 143 58
4356 143 61
4357 143 73
4358 143 102
4359 143 105
4360 143 132
4361 143 133
4362 143 145
4363 143 147
4364 143 152
4365 143 153
4366 143 154
4367 144 1
4368 144 4
4369 144 6
4370 144 7
4371 144 8
4372 144 13
4373 144 14
4374 144 16
4375 144 19
4376 144 24
4377 144 25
4378 144 45
4379 144 62
4380 144 63
4381 144 64
4382 144 65
4383 144 66
4384 144 67
4385 144 68
4386 144 69
4387 144 70
4388 144 71
4389 144 72
4390 144 73
4391 144 102
4392 144 103
4393 144 104
4394 144 105
4395 144 132
4396 144 134
4397 144 145
4398 144 147
4399 145 1
4400 145 4
4401 145 9
4402 145 10
4403 145 11
4404 145 12
4405 145 15
4406 145 45
4407 145 62
4408 145 63
4409 145 64
4410 145 65
4411 145 66
4412 145 67
4413 145 68
4414 145 69
4415 145 70
4416 145 71
4417 145 72
4418 145 73
4419 145 132
4420 145 133
4421 145 134
4422 145 145
4423 145 146
4424 145 147
4425 145 148
4426 145 149
4427 145 150
4428 145 151
4429 145 152
4430 145 153
4431 145 154
4432 146 1
4433 146 4
4434 146 9
4435 146 12
4436 146 15
4437 146 45
4438 146 58
4439 146 61
4440 146 74
4441 146 77
4442 146 78
4443 146 79
4444 146 80
4445 146 102
4446 146 103
4447 146 104
4448 146 105
4449 146 109
4450 147 1
4451 147 4
4452 147 9
4453 147 12
4454 147 15
4455 147 44
4456 147 58
4457 147 61
4458 147 74
4459 147 77
4460 147 78
4461 147 79
4462 147 80
4463 147 102
4464 147 103
4465 147 104
4466 147 105
4467 147 109
4468 147 132
4469 147 133
4470 147 134
4471 147 145
4472 147 146
4473 147 147
4474 147 148
4475 147 149
4476 147 150
4477 147 151
4478 147 152
4479 147 153
4480 147 154
4481 148 1
4482 148 4
4483 148 9
4484 148 12
4485 148 15
4486 148 44
4487 148 62
4488 148 63
4489 148 64
4490 148 65
4491 148 66
4492 148 67
4493 148 68
4494 148 69
4495 148 70
4496 148 71
4497 148 72
4498 148 73
4499 148 155
4500 148 156
4501 148 157
4502 149 1
4503 149 4
4504 149 9
4505 149 12
4506 149 15
4507 149 42
4508 149 43
4509 149 44
4510 149 62
4511 149 70
4512 149 71
4513 149 72
4514 149 73
4515 149 155
4516 149 157
4517 150 1
4518 150 4
4519 150 9
4520 150 12
4521 150 15
4522 150 42
4523 150 44
4524 150 62
4525 150 69
4526 150 142
4527 150 143
4528 150 144
4529 150 155
4530 150 157
4531 151 1
4532 151 4
4533 151 5
4534 151 9
4535 151 12
4536 151 15
4537 151 42
4538 151 43
4539 151 44
4540 151 62
4541 151 66
4542 151 67
4543 151 68
4544 151 69
4545 151 142
4546 151 144
4547 151 155
4548 151 157
4549 152 4
4550 152 5
4551 152 9
4552 152 12
4553 152 15
4554 152 62
4555 152 65
4556 152 70
4557 152 71
4558 152 72
4559 152 73
4560 152 78
4561 152 79
4562 152 80
4563 152 81
4564 152 82
4565 152 102
4566 152 103
4567 152 104
4568 152 105
4569 152 142
4570 152 144
4571 152 155
4572 152 157
4573 153 0
4574 153 1
4575 153 4
4576 153 5
4577 153 9
4578 153 12
4579 153 15
4580 153 62
4581 153 63
4582 153 64
4583 153 65
4584 153 70
4585 153 73
4586 153 78
4587 153 82
4588 153 102
4589 153 103
4590 153 104
4591 153 105
4592 153 142
4593 153 144
4594 153 155
4595 153 156
4596 153 157
4597 153 159
4598 154 0
4599 154 1
4600 154 4
4601 154 5
4602 154 9
4603 154 12
4604 154 15
4605 154 58
4606 154 61
4607 154 70
4608 154 73
4609 154 78
4610 154 82
4611 154 90
4612 154 91
4613 154 92
4614 154 93
4615 154 94
4616 154 95
4617 154 96
4618 154 99
4619 154 100
4620 154 101
4621 154 106
4622 154 107
4623 154 108
4624 154 109
4625 154 110
4626 154 113
4627 154 114
4628 154 142
4629 154 144
4630 154 151
4631 154 152
4632 154 153
4633 154 154
4634 155 0
4635 155 1
4636 155 4
4637 155 5
4638 155 9
4639 155 12
4640 155 15
4641 155 58
4642 155 61
4643 155 70
4644 155 71
4645 155 72
4646 155 73
4647 155 74
4648 155 78
4649 155 82
4650 155 90
4651 155 96
4652 155 99
4653 155 102
4654 155 103
4655 155 104
4656 155 105
4657 155 143
4658 155 144
4659 155 151
4660 155 154
4661 156 0
4662 156 1
4663 156 4
4664 156 5
4665 156 9
4666 156 12
4667 156 15
4668 156 61
4669 156 78
4670 156 82
4671 156 90
4672 156 96
4673 156 99
4674 156 105
4675 156 143
4676 156 144
4677 156 151
4678 156 154
4679 157 0
4680 157 1
4681 157 4
4682 157 5
4683 157 9
4684 157 10
4685 157 11
4686 157 12
4687 157 15
4688 157 62
4689 157 63
4690 157 64
4691 157 65
4692 157 66
4693 157 67
4694 157 68
4695 157 69
4696 157 70
4697 157 71
4698 157 72
4699 157 73
4700 157 78
4701 157 79
4702 157 80
4703 157 81
4704 157 82
4705 157 90
4706 157 91
4707 157 92
4708 157 93
4709 157 94
4710 157 96
4711 157 99
4712 157 105
4713 157 120
4714 157 143
4715 157 144
4716 157 151
4717 157 152
4718 157 153
4719 157 154
4720 157 156
4721 157 157
4722 158 0
4723 158 1
4724 158 4
4725 158 6
4726 158 7
4727 158 8
4728 158 13
4729 158 14
4730 158 16
4731 158 62
4732 158 74
4733 158 95
4734 158 96
4735 158 99
4736 158 104
4737 158 106
4738 158 107
4739 158 108
4740 158 109
4741 158 110
4742 158 113
4743 158 114
4744 158 115
4745 158 116
4746 158 117
4747 158 118
4748 158 119
4749 158 120
4750 158 145
4751 158 146
4752 158 147
4753 158 148
4754 158 149
4755 158 150
4756 159 0
4757 159 1
4758 159 4
4759 159 6
4760 159 8
4761 159 13
4762 159 14
4763 159 16
4764 159 26
4765 159 27
4766 159 32
4767 159 33
4768 159 62
4769 159 74
4770 159 95
4771 159 96
4772 159 97
4773 159 99
4774 159 104
4775 159 106
4776 159 110
4777 159 113
4778 159 120
4779 159 149
4780 159 150
4781 160 0
4782 160 1
4783 160 4
4784 160 6
4785 160 7
4786 160 8
4787 160 13
4788 160 14
4789 160 16
4790 160 26
4791 160 27
4792 160 32
4793 160 33
4794 160 62
4795 160 63
4796 160 64
4797 160 65
4798 160 66
4799 160 67
4800 160 68
4801 160 69
4802 160 70
4803 160 71
4804 160 72
4805 160 73
4806 160 74
4807 160 99
4808 160 100
4809 160 101
4810 160 102
4811 160 103
4812 160 104
4813 160 106
4814 160 107
4815 160 108
4816 160 109
4817 160 110
4818 160 113
4819 160 114
4820 160 115
4821 160 116
4822 160 117
4823 160 118
4824 160 119
4825 160 120
4826 160 121
4827 160 122
4828 160 123
4829 160 124
4830 160 129
4831 160 130
4832 160 131
4833 160 132
4834 160 133
4835 160 134
4836 160 145
4837 160 146
4838 160 147
4839 160 148
4840 160 150
