8238
0 0 0
1 0 1
2 0 2
3 0 3
4 0 4
5 0 5
6 0 6
7 0 7
8 0 8
9 0 9
10 0 21
11 0 22
12 0 23
13 0 24
14 0 25
15 0 26
16 0 27
17 0 28
18 0 29
19 0 30
20 0 31
21 0 32
22 0 33
23 0 34
24 0 35
25 0 36
26 0 52
27 0 53
28 0 54
29 0 55
30 0 56
31 0 57
32 0 58
33 0 59
34 0 60
35 0 61
36 0 62
37 0 63
38 0 64
39 0 65
40 0 66
41 0 67
42 0 68
43 0 69
44 0 70
45 0 71
46 0 72
47 0 73
48 0 74
49 0 75
50 0 76
51 0 77
52 0 78
53 0 79
54 0 80
55 0 81
56 0 82
57 0 83
58 0 84
59 0 85
60 0 86
61 0 104
62 0 105
63 0 106
64 0 107
65 0 108
66 0 109
67 0 110
68 0 111
69 0 112
70 0 113
71 0 114
72 0 119
73 0 120
74 0 121
75 0 122
76 0 123
77 0 124
78 0 125
79 0 126
80 0 127
81 0 128
82 0 129
83 0 130
84 0 131
85 0 132
86 0 133
87 0 134
88 0 135
89 0 136
90 0 137
91 0 138
92 0 139
93 0 140
94 0 141
95 0 142
96 0 143
97 0 144
98 0 145
99 0 146
100 0 147
101 0 148
102 0 149
103 0 150
104 0 151
105 0 152
106 0 153
107 0 154
108 0 155
109 0 156
110 0 157
111 0 158
112 0 159
113 0 160
114 1 0
115 1 2
116 1 5
117 1 9
118 1 21
119 1 36
120 1 76
121 1 86
122 1 104
123 1 105
124 1 114
125 1 119
126 1 160
127 2 0
128 2 2
129 2 5
130 2 6
131 2 7
132 2 8
133 2 9
134 2 22
135 2 34
136 2 35
137 2 36
138 2 76
139 2 84
140 2 85
141 2 86
142 2 87
143 2 88
144 2 89
145 2 90
146 2 91
147 2 92
148 2 93
149 2 94
150 2 95
151 2 96
152 2 97
153 2 98
154 2 99
155 2 100
156 2 106
157 2 108
158 2 109
159 2 110
160 2 111
161 2 112
162 2 113
163 2 114
164 2 119
165 2 160
166 3 0
167 3 2
168 3 5
169 3 22
170 3 33
171 3 54
172 3 55
173 3 56
174 3 57
175 3 58
176 3 59
177 3 60
178 3 61
179 3 62
180 3 63
181 3 64
182 3 65
183 3 66
184 3 67
185 3 68
186 3 69
187 3 70
188 3 71
189 3 72
190 3 73
191 3 74
192 3 75
193 3 83
194 3 96
195 3 101
196 3 102
197 3 103
198 3 104
199 3 105
200 3 107
201 3 115
202 3 116
203 3 117
204 3 118
205 3 119
206 3 120
207 3 121
208 3 122
209 3 123
210 3 124
211 3 125
212 3 126
213 3 127
214 3 128
215 3 129
216 3 130
217 3 131
218 3 132
219 3 133
220 3 134
221 3 135
222 3 136
223 3 137
224 3 138
225 3 139
226 3 140
227 3 141
228 3 142
229 3 143
230 3 144
231 3 145
232 3 146
233 3 147
234 3 148
235 3 149
236 3 150
237 3 151
238 3 152
239 3 153
240 3 154
241 3 155
242 3 156
243 3 157
244 3 158
245 3 159
246 3 160
247 4 0
248 4 2
249 4 22
250 4 33
251 4 58
252 4 59
253 4 60
254 4 61
255 4 62
256 4 63
257 4 64
258 4 65
259 4 66
260 4 83
261 4 96
262 4 107
263 5 0
264 5 2
265 5 22
266 5 33
267 5 67
268 5 68
269 5 69
270 5 70
271 5 71
272 5 72
273 5 73
274 5 83
275 5 96
276 5 101
277 5 102
278 5 103
279 5 104
280 5 105
281 5 106
282 5 107
283 6 0
284 6 2
285 6 20
286 6 21
287 6 33
288 6 74
289 6 75
290 6 76
291 6 77
292 6 78
293 6 79
294 6 80
295 6 81
296 6 82
297 6 83
298 6 96
299 6 97
300 6 98
301 6 99
302 6 100
303 6 123
304 6 124
305 6 125
306 7 0
307 7 2
308 7 20
309 7 33
310 7 52
311 7 53
312 7 54
313 7 55
314 7 56
315 7 57
316 7 58
317 7 59
318 7 60
319 7 61
320 7 62
321 7 63
322 7 64
323 7 65
324 7 66
325 7 67
326 7 68
327 7 69
328 7 70
329 7 71
330 7 72
331 7 73
332 7 84
333 7 85
334 7 86
335 7 87
336 7 88
337 7 89
338 7 90
339 7 91
340 7 92
341 7 93
342 7 94
343 7 95
344 7 101
345 7 102
346 7 103
347 7 104
348 7 105
349 7 106
350 7 107
351 7 108
352 7 109
353 7 110
354 7 111
355 7 112
356 7 113
357 7 114
358 7 115
359 7 116
360 7 117
361 7 118
362 7 119
363 7 120
364 7 121
365 7 122
366 7 126
367 7 127
368 7 128
369 7 129
370 7 130
371 7 131
372 7 134
373 7 135
374 7 136
375 7 137
376 7 138
377 7 139
378 7 140
379 7 141
380 7 142
381 7 143
382 7 144
383 7 145
384 7 146
385 7 147
386 7 148
387 7 149
388 7 150
389 7 151
390 7 152
391 7 153
392 7 154
393 7 155
394 7 156
395 7 157
396 7 158
397 7 159
398 7 160
399 8 0
400 8 2
401 8 20
402 8 33
403 8 52
404 8 69
405 8 73
406 8 84
407 8 95
408 8 100
409 8 105
410 8 108
411 8 114
412 8 120
413 8 122
414 8 126
415 8 131
416 8 134
417 8 160
418 9 0
419 9 2
420 9 20
421 9 33
422 9 52
423 9 69
424 9 70
425 9 71
426 9 72
427 9 73
428 9 84
429 9 85
430 9 86
431 9 87
432 9 88
433 9 89
434 9 90
435 9 91
436 9 92
437 9 93
438 9 94
439 9 95
440 9 100
441 9 101
442 9 102
443 9 103
444 9 104
445 9 105
446 9 108
447 9 109
448 9 110
449 9 111
450 9 112
451 9 113
452 9 114
453 9 120
454 9 121
455 9 122
456 9 126
457 9 128
458 9 129
459 9 130
460 9 131
461 9 134
462 9 160
463 10 0
464 10 2
465 10 20
466 10 34
467 10 35
468 10 52
469 10 58
470 10 59
471 10 60
472 10 61
473 10 62
474 10 63
475 10 64
476 10 65
477 10 66
478 10 67
479 10 68
480 10 74
481 10 75
482 10 76
483 10 77
484 10 78
485 10 79
486 10 80
487 10 81
488 10 82
489 10 83
490 10 95
491 10 96
492 10 97
493 10 98
494 10 99
495 10 106
496 10 107
497 10 115
498 10 116
499 10 117
500 10 118
501 10 119
502 10 123
503 10 126
504 10 127
505 10 134
506 10 160
507 11 0
508 11 2
509 11 20
510 11 36
511 11 37
512 11 38
513 11 39
514 11 40
515 11 41
516 11 42
517 11 43
518 11 44
519 11 45
520 11 46
521 11 47
522 11 48
523 11 49
524 11 50
525 11 51
526 11 58
527 11 68
528 11 82
529 11 83
530 11 94
531 11 106
532 11 107
533 11 115
534 11 119
535 11 123
536 11 126
537 11 127
538 11 134
539 11 160
540 12 0
541 12 2
542 12 20
543 12 51
544 12 58
545 12 59
546 12 60
547 12 68
548 12 82
549 12 83
550 12 94
551 12 106
552 12 107
553 12 115
554 12 119
555 12 123
556 12 126
557 12 127
558 12 134
559 12 160
560 13 0
561 13 2
562 13 20
563 13 52
564 13 53
565 13 54
566 13 55
567 13 56
568 13 57
569 13 61
570 13 67
571 13 75
572 13 76
573 13 77
574 13 78
575 13 79
576 13 80
577 13 81
578 13 83
579 13 94
580 13 95
581 13 96
582 13 97
583 13 98
584 13 99
585 13 100
586 13 101
587 13 102
588 13 103
589 13 104
590 13 105
591 13 108
592 13 109
593 13 110
594 13 115
595 13 119
596 13 123
597 13 126
598 13 127
599 13 134
600 13 160
601 14 0
602 14 2
603 14 20
604 14 57
605 14 61
606 14 62
607 14 63
608 14 64
609 14 65
610 14 66
611 14 67
612 14 75
613 14 83
614 14 89
615 14 90
616 14 91
617 14 92
618 14 93
619 14 106
620 14 107
621 14 110
622 14 115
623 14 117
624 14 118
625 14 119
626 14 123
627 14 126
628 14 127
629 14 134
630 14 146
631 14 147
632 14 148
633 14 149
634 14 150
635 14 151
636 14 152
637 14 153
638 14 154
639 14 155
640 14 156
641 14 157
642 14 158
643 14 159
644 14 160
645 15 0
646 15 2
647 15 20
648 15 58
649 15 59
650 15 60
651 15 70
652 15 71
653 15 76
654 15 77
655 15 78
656 15 79
657 15 80
658 15 81
659 15 83
660 15 89
661 15 93
662 15 106
663 15 107
664 15 108
665 15 109
666 15 110
667 15 115
668 15 116
669 15 123
670 15 126
671 15 127
672 15 134
673 15 145
674 16 0
675 16 2
676 16 20
677 16 61
678 16 62
679 16 63
680 16 64
681 16 65
682 16 66
683 16 67
684 16 68
685 16 69
686 16 72
687 16 73
688 16 74
689 16 75
690 16 82
691 16 83
692 16 89
693 16 94
694 16 95
695 16 96
696 16 97
697 16 98
698 16 99
699 16 100
700 16 101
701 16 102
702 16 103
703 16 104
704 16 105
705 16 115
706 16 116
707 16 123
708 16 126
709 16 127
710 16 134
711 16 145
712 17 0
713 17 2
714 17 16
715 17 17
716 17 18
717 17 19
718 17 69
719 17 72
720 17 76
721 17 77
722 17 78
723 17 79
724 17 82
725 17 83
726 17 89
727 17 105
728 17 115
729 17 116
730 17 123
731 17 126
732 17 127
733 17 134
734 17 135
735 17 136
736 17 137
737 17 138
738 17 139
739 17 140
740 17 141
741 17 142
742 17 143
743 17 144
744 17 145
745 18 0
746 18 2
747 18 16
748 18 70
749 18 71
750 18 73
751 18 74
752 18 75
753 18 76
754 18 77
755 18 78
756 18 79
757 18 82
758 18 83
759 18 89
760 18 90
761 18 91
762 18 92
763 18 105
764 18 115
765 18 117
766 18 118
767 18 119
768 18 120
769 18 121
770 18 122
771 18 123
772 18 128
773 18 129
774 18 130
775 18 131
776 18 132
777 18 133
778 18 146
779 18 147
780 18 148
781 18 149
782 18 150
783 18 151
784 18 152
785 18 153
786 18 154
787 18 155
788 18 156
789 18 157
790 18 158
791 18 159
792 18 160
793 19 0
794 19 1
795 19 16
796 19 71
797 19 73
798 19 80
799 19 81
800 19 84
801 19 85
802 19 86
803 19 87
804 19 88
805 19 93
806 19 94
807 19 95
808 19 96
809 19 97
810 19 98
811 19 99
812 19 100
813 19 101
814 19 102
815 19 103
816 19 104
817 19 105
818 19 115
819 19 123
820 19 128
821 19 133
822 19 146
823 19 160
824 20 0
825 20 1
826 20 16
827 20 71
828 20 73
829 20 75
830 20 76
831 20 77
832 20 78
833 20 79
834 20 82
835 20 83
836 20 89
837 20 90
838 20 91
839 20 92
840 20 106
841 20 107
842 20 108
843 20 109
844 20 110
845 20 115
846 20 123
847 20 128
848 20 129
849 20 130
850 20 131
851 20 132
852 20 133
853 20 146
854 20 160
855 21 0
856 21 1
857 21 16
858 21 17
859 21 18
860 21 19
861 21 20
862 21 21
863 21 22
864 21 72
865 21 75
866 21 79
867 21 82
868 21 83
869 21 89
870 21 92
871 21 106
872 21 110
873 21 115
874 21 123
875 21 126
876 21 127
877 21 146
878 21 147
879 21 148
880 21 149
881 21 150
882 21 151
883 21 152
884 21 153
885 21 154
886 21 155
887 21 156
888 21 157
889 21 158
890 21 159
891 21 160
892 22 0
893 22 1
894 22 23
895 22 72
896 22 75
897 22 79
898 22 82
899 22 83
900 22 89
901 22 92
902 22 106
903 22 110
904 22 115
905 22 116
906 22 117
907 22 118
908 22 119
909 22 123
910 22 126
911 22 127
912 22 134
913 22 135
914 22 136
915 22 137
916 22 138
917 22 139
918 22 140
919 22 141
920 22 142
921 22 143
922 22 144
923 22 145
924 23 0
925 23 1
926 23 23
927 23 72
928 23 75
929 23 79
930 23 82
931 23 83
932 23 89
933 23 92
934 23 106
935 23 110
936 23 114
937 23 120
938 23 121
939 23 122
940 23 123
941 23 128
942 23 129
943 23 130
944 23 131
945 23 132
946 23 133
947 23 134
948 23 140
949 24 0
950 24 1
951 24 23
952 24 59
953 24 60
954 24 61
955 24 62
956 24 63
957 24 64
958 24 65
959 24 66
960 24 67
961 24 72
962 24 75
963 24 80
964 24 81
965 24 83
966 24 89
967 24 93
968 24 94
969 24 95
970 24 96
971 24 97
972 24 98
973 24 99
974 24 100
975 24 101
976 24 102
977 24 103
978 24 104
979 24 106
980 24 110
981 24 124
982 24 125
983 24 126
984 24 127
985 24 135
986 24 140
987 24 159
988 24 160
989 25 0
990 25 1
991 25 23
992 25 58
993 25 68
994 25 72
995 25 75
996 25 83
997 25 89
998 25 104
999 25 106
1000 25 107
1001 25 108
1002 25 109
1003 25 110
1004 25 124
1005 25 125
1006 25 126
1007 25 127
1008 25 135
1009 25 136
1010 25 137
1011 25 138
1012 25 139
1013 25 140
1014 25 141
1015 25 159
1016 25 160
1017 26 0
1018 26 1
1019 26 23
1020 26 58
1021 26 68
1022 26 72
1023 26 75
1024 26 84
1025 26 89
1026 26 105
1027 26 122
1028 26 123
1029 26 128
1030 26 129
1031 26 130
1032 26 131
1033 26 132
1034 26 133
1035 26 134
1036 26 142
1037 26 143
1038 26 144
1039 26 145
1040 26 146
1041 26 147
1042 26 148
1043 26 149
1044 26 150
1045 26 151
1046 26 152
1047 26 153
1048 26 154
1049 26 155
1050 26 156
1051 26 157
1052 26 158
1053 27 0
1054 27 1
1055 27 23
1056 27 56
1057 27 57
1058 27 58
1059 27 68
1060 27 72
1061 27 75
1062 27 84
1063 27 89
1064 27 100
1065 27 101
1066 27 102
1067 27 103
1068 27 104
1069 27 105
1070 27 126
1071 27 127
1072 27 135
1073 27 136
1074 27 137
1075 27 138
1076 27 139
1077 27 140
1078 27 141
1079 27 152
1080 27 153
1081 27 154
1082 27 157
1083 27 158
1084 27 159
1085 27 160
1086 28 0
1087 28 1
1088 28 23
1089 28 55
1090 28 68
1091 28 69
1092 28 70
1093 28 71
1094 28 72
1095 28 75
1096 28 76
1097 28 77
1098 28 78
1099 28 79
1100 28 80
1101 28 81
1102 28 82
1103 28 83
1104 28 84
1105 28 89
1106 28 99
1107 28 106
1108 28 108
1109 28 120
1110 28 121
1111 28 122
1112 28 123
1113 28 124
1114 28 125
1115 28 128
1116 28 129
1117 28 130
1118 28 131
1119 28 132
1120 28 133
1121 28 134
1122 28 135
1123 28 136
1124 28 137
1125 28 138
1126 28 139
1127 28 140
1128 28 141
1129 28 142
1130 28 143
1131 28 144
1132 28 145
1133 28 151
1134 28 155
1135 28 156
1136 29 0
1137 29 1
1138 29 23
1139 29 55
1140 29 61
1141 29 62
1142 29 63
1143 29 64
1144 29 65
1145 29 66
1146 29 67
1147 29 73
1148 29 74
1149 29 89
1150 29 99
1151 29 106
1152 29 108
1153 29 126
1154 29 127
1155 29 146
1156 29 151
1157 29 155
1158 29 156
1159 30 0
1160 30 1
1161 30 23
1162 30 40
1163 30 41
1164 30 42
1165 30 43
1166 30 44
1167 30 45
1168 30 46
1169 30 47
1170 30 48
1171 30 49
1172 30 50
1173 30 51
1174 30 52
1175 30 53
1176 30 54
1177 30 55
1178 30 61
1179 30 66
1180 30 73
1181 30 74
1182 30 89
1183 30 99
1184 30 106
1185 30 107
1186 30 109
1187 30 110
1188 30 111
1189 30 112
1190 30 113
1191 30 114
1192 30 115
1193 30 116
1194 30 117
1195 30 118
1196 30 119
1197 30 120
1198 30 121
1199 30 122
1200 30 123
1201 30 124
1202 30 125
1203 30 139
1204 30 140
1205 30 141
1206 30 142
1207 30 143
1208 30 144
1209 30 145
1210 30 152
1211 30 153
1212 30 154
1213 30 160
1214 31 0
1215 31 1
1216 31 23
1217 31 39
1218 31 61
1219 31 66
1220 31 73
1221 31 74
1222 31 89
1223 31 90
1224 31 91
1225 31 92
1226 31 93
1227 31 94
1228 31 95
1229 31 96
1230 31 97
1231 31 99
1232 31 106
1233 31 107
1234 31 109
1235 31 125
1236 31 142
1237 31 155
1238 31 156
1239 31 157
1240 31 158
1241 31 160
1242 32 0
1243 32 1
1244 32 23
1245 32 24
1246 32 25
1247 32 39
1248 32 59
1249 32 60
1250 32 62
1251 32 66
1252 32 73
1253 32 74
1254 32 98
1255 32 99
1256 32 106
1257 32 107
1258 32 109
1259 32 125
1260 32 142
1261 32 143
1262 32 144
1263 32 145
1264 32 146
1265 32 147
1266 32 148
1267 32 149
1268 32 150
1269 32 151
1270 32 152
1271 32 153
1272 32 154
1273 32 155
1274 32 156
1275 32 157
1276 32 158
1277 32 160
1278 33 0
1279 33 1
1280 33 13
1281 33 14
1282 33 15
1283 33 16
1284 33 17
1285 33 18
1286 33 19
1287 33 20
1288 33 21
1289 33 22
1290 33 26
1291 33 39
1292 33 56
1293 33 57
1294 33 58
1295 33 60
1296 33 62
1297 33 66
1298 33 73
1299 33 74
1300 33 98
1301 33 100
1302 33 101
1303 33 102
1304 33 103
1305 33 104
1306 33 105
1307 33 108
1308 33 110
1309 33 111
1310 33 112
1311 33 113
1312 33 114
1313 33 115
1314 33 116
1315 33 117
1316 33 118
1317 33 119
1318 33 120
1319 33 121
1320 33 122
1321 33 123
1322 33 124
1323 33 125
1324 33 159
1325 34 0
1326 34 1
1327 34 13
1328 34 21
1329 34 22
1330 34 26
1331 34 39
1332 34 56
1333 34 58
1334 34 59
1335 34 60
1336 34 62
1337 34 63
1338 34 64
1339 34 65
1340 34 66
1341 34 73
1342 34 74
1343 34 89
1344 34 90
1345 34 91
1346 34 92
1347 34 93
1348 34 94
1349 34 95
1350 34 96
1351 34 97
1352 34 99
1353 34 105
1354 34 108
1355 34 109
1356 34 126
1357 34 127
1358 34 128
1359 34 129
1360 34 130
1361 34 131
1362 34 132
1363 34 133
1364 34 134
1365 34 135
1366 34 136
1367 34 137
1368 34 138
1369 34 139
1370 34 140
1371 34 141
1372 34 142
1373 34 143
1374 34 144
1375 34 145
1376 34 146
1377 34 147
1378 34 148
1379 34 149
1380 34 150
1381 34 151
1382 34 152
1383 34 153
1384 34 154
1385 34 155
1386 34 156
1387 34 157
1388 34 158
1389 34 160
1390 35 0
1391 35 1
1392 35 14
1393 35 20
1394 35 26
1395 35 40
1396 35 41
1397 35 42
1398 35 56
1399 35 57
1400 35 61
1401 35 73
1402 35 74
1403 35 87
1404 35 88
1405 35 98
1406 35 105
1407 35 108
1408 35 109
1409 35 126
1410 35 148
1411 35 149
1412 35 150
1413 35 151
1414 35 152
1415 35 153
1416 35 154
1417 35 155
1418 35 156
1419 35 157
1420 35 158
1421 35 160
1422 36 0
1423 36 2
1424 36 3
1425 36 4
1426 36 5
1427 36 6
1428 36 7
1429 36 14
1430 36 20
1431 36 26
1432 36 27
1433 36 39
1434 36 43
1435 36 44
1436 36 56
1437 36 57
1438 36 61
1439 36 73
1440 36 74
1441 36 87
1442 36 88
1443 36 91
1444 36 92
1445 36 93
1446 36 94
1447 36 95
1448 36 96
1449 36 97
1450 36 98
1451 36 99
1452 36 100
1453 36 101
1454 36 102
1455 36 103
1456 36 104
1457 36 105
1458 36 108
1459 36 109
1460 36 126
1461 36 140
1462 36 141
1463 36 142
1464 36 143
1465 36 144
1466 36 145
1467 36 146
1468 36 147
1469 36 159
1470 37 0
1471 37 7
1472 37 14
1473 37 20
1474 37 25
1475 37 28
1476 37 39
1477 37 43
1478 37 44
1479 37 56
1480 37 57
1481 37 61
1482 37 65
1483 37 66
1484 37 67
1485 37 68
1486 37 69
1487 37 70
1488 37 71
1489 37 72
1490 37 75
1491 37 76
1492 37 77
1493 37 78
1494 37 79
1495 37 80
1496 37 81
1497 37 82
1498 37 83
1499 37 84
1500 37 85
1501 37 86
1502 37 89
1503 37 90
1504 37 95
1505 37 108
1506 37 109
1507 37 121
1508 37 122
1509 37 123
1510 37 124
1511 37 126
1512 37 137
1513 37 138
1514 37 139
1515 37 159
1516 38 0
1517 38 7
1518 38 14
1519 38 20
1520 38 25
1521 38 28
1522 38 39
1523 38 43
1524 38 44
1525 38 56
1526 38 57
1527 38 61
1528 38 62
1529 38 63
1530 38 64
1531 38 73
1532 38 74
1533 38 84
1534 38 86
1535 38 89
1536 38 90
1537 38 91
1538 38 92
1539 38 93
1540 38 94
1541 38 95
1542 38 103
1543 38 104
1544 38 105
1545 38 106
1546 38 107
1547 38 109
1548 38 121
1549 38 122
1550 38 123
1551 38 124
1552 38 126
1553 38 127
1554 38 128
1555 38 129
1556 38 130
1557 38 131
1558 38 136
1559 38 140
1560 38 141
1561 38 159
1562 39 0
1563 39 7
1564 39 14
1565 39 16
1566 39 17
1567 39 18
1568 39 19
1569 39 20
1570 39 25
1571 39 28
1572 39 39
1573 39 43
1574 39 44
1575 39 56
1576 39 57
1577 39 61
1578 39 64
1579 39 71
1580 39 72
1581 39 74
1582 39 84
1583 39 86
1584 39 95
1585 39 103
1586 39 107
1587 39 110
1588 39 111
1589 39 112
1590 39 113
1591 39 114
1592 39 115
1593 39 116
1594 39 117
1595 39 118
1596 39 119
1597 39 120
1598 39 125
1599 39 132
1600 39 133
1601 39 134
1602 39 135
1603 39 136
1604 39 137
1605 39 138
1606 39 139
1607 39 140
1608 39 141
1609 39 160
1610 40 0
1611 40 6
1612 40 8
1613 40 9
1614 40 10
1615 40 14
1616 40 15
1617 40 25
1618 40 28
1619 40 39
1620 40 43
1621 40 44
1622 40 56
1623 40 57
1624 40 61
1625 40 64
1626 40 71
1627 40 74
1628 40 84
1629 40 85
1630 40 87
1631 40 88
1632 40 89
1633 40 90
1634 40 91
1635 40 92
1636 40 93
1637 40 94
1638 40 96
1639 40 97
1640 40 98
1641 40 99
1642 40 100
1643 40 101
1644 40 102
1645 40 107
1646 40 110
1647 40 120
1648 40 126
1649 40 127
1650 40 128
1651 40 129
1652 40 130
1653 40 131
1654 40 142
1655 40 143
1656 40 144
1657 40 145
1658 40 146
1659 40 147
1660 40 148
1661 40 149
1662 40 150
1663 40 151
1664 40 152
1665 40 153
1666 40 154
1667 40 155
1668 40 156
1669 40 157
1670 40 158
1671 40 159
1672 41 0
1673 41 6
1674 41 8
1675 41 10
1676 41 25
1677 41 28
1678 41 39
1679 41 43
1680 41 44
1681 41 56
1682 41 57
1683 41 61
1684 41 64
1685 41 71
1686 41 74
1687 41 84
1688 41 85
1689 41 87
1690 41 88
1691 41 89
1692 41 90
1693 41 91
1694 41 92
1695 41 93
1696 41 94
1697 41 95
1698 41 96
1699 41 97
1700 41 98
1701 41 99
1702 41 100
1703 41 101
1704 41 102
1705 41 103
1706 41 104
1707 41 105
1708 41 106
1709 41 107
1710 41 110
1711 41 111
1712 41 112
1713 41 113
1714 41 114
1715 41 115
1716 41 116
1717 41 117
1718 41 118
1719 41 119
1720 41 120
1721 41 126
1722 41 127
1723 41 128
1724 41 129
1725 41 130
1726 41 131
1727 41 142
1728 41 143
1729 41 144
1730 41 159
1731 42 0
1732 42 6
1733 42 8
1734 42 10
1735 42 25
1736 42 28
1737 42 39
1738 42 43
1739 42 44
1740 42 50
1741 42 51
1742 42 52
1743 42 53
1744 42 54
1745 42 55
1746 42 61
1747 42 64
1748 42 71
1749 42 74
1750 42 84
1751 42 85
1752 42 108
1753 42 109
1754 42 121
1755 42 122
1756 42 123
1757 42 124
1758 42 125
1759 42 131
1760 42 132
1761 42 133
1762 42 134
1763 42 135
1764 42 136
1765 42 137
1766 42 138
1767 42 139
1768 42 140
1769 42 141
1770 42 145
1771 42 149
1772 42 150
1773 42 151
1774 42 152
1775 42 153
1776 42 154
1777 42 155
1778 42 156
1779 42 157
1780 42 158
1781 42 159
1782 43 0
1783 43 3
1784 43 4
1785 43 5
1786 43 6
1787 43 8
1788 43 9
1789 43 10
1790 43 25
1791 43 27
1792 43 39
1793 43 42
1794 43 44
1795 43 50
1796 43 53
1797 43 61
1798 43 65
1799 43 71
1800 43 74
1801 43 84
1802 43 85
1803 43 108
1804 43 109
1805 43 121
1806 43 122
1807 43 123
1808 43 124
1809 43 125
1810 43 131
1811 43 132
1812 43 133
1813 43 134
1814 43 135
1815 43 136
1816 43 137
1817 43 138
1818 43 139
1819 43 140
1820 43 141
1821 43 145
1822 43 146
1823 43 147
1824 43 148
1825 43 160
1826 44 0
1827 44 2
1828 44 7
1829 44 11
1830 44 12
1831 44 13
1832 44 25
1833 44 27
1834 44 39
1835 44 42
1836 44 44
1837 44 50
1838 44 53
1839 44 61
1840 44 65
1841 44 71
1842 44 74
1843 44 86
1844 44 87
1845 44 88
1846 44 89
1847 44 90
1848 44 91
1849 44 92
1850 44 108
1851 44 109
1852 44 126
1853 44 127
1854 44 128
1855 44 129
1856 44 130
1857 44 142
1858 44 143
1859 44 144
1860 44 149
1861 44 150
1862 44 151
1863 44 152
1864 44 153
1865 44 154
1866 44 155
1867 44 156
1868 44 157
1869 44 158
1870 44 159
1871 45 0
1872 45 2
1873 45 7
1874 45 11
1875 45 12
1876 45 13
1877 45 14
1878 45 15
1879 45 16
1880 45 17
1881 45 18
1882 45 19
1883 45 20
1884 45 21
1885 45 22
1886 45 23
1887 45 24
1888 45 25
1889 45 27
1890 45 39
1891 45 42
1892 45 44
1893 45 50
1894 45 53
1895 45 61
1896 45 65
1897 45 71
1898 45 74
1899 45 86
1900 45 92
1901 45 108
1902 45 109
1903 45 126
1904 45 127
1905 45 142
1906 45 144
1907 45 148
1908 45 160
1909 46 0
1910 46 3
1911 46 4
1912 46 5
1913 46 6
1914 46 8
1915 46 9
1916 46 10
1917 46 18
1918 46 25
1919 46 27
1920 46 39
1921 46 42
1922 46 44
1923 46 50
1924 46 53
1925 46 61
1926 46 65
1927 46 71
1928 46 74
1929 46 86
1930 46 87
1931 46 88
1932 46 89
1933 46 92
1934 46 106
1935 46 107
1936 46 110
1937 46 111
1938 46 112
1939 46 113
1940 46 114
1941 46 115
1942 46 116
1943 46 117
1944 46 118
1945 46 119
1946 46 120
1947 46 121
1948 46 122
1949 46 123
1950 46 124
1951 46 125
1952 46 128
1953 46 129
1954 46 130
1955 46 131
1956 46 132
1957 46 133
1958 46 134
1959 46 135
1960 46 136
1961 46 137
1962 46 142
1963 46 144
1964 46 148
1965 46 149
1966 46 150
1967 46 151
1968 46 152
1969 46 153
1970 46 154
1971 46 155
1972 46 156
1973 46 157
1974 46 158
1975 46 159
1976 47 0
1977 47 5
1978 47 8
1979 47 10
1980 47 18
1981 47 25
1982 47 27
1983 47 39
1984 47 42
1985 47 44
1986 47 50
1987 47 53
1988 47 61
1989 47 65
1990 47 72
1991 47 74
1992 47 85
1993 47 90
1994 47 92
1995 47 106
1996 47 107
1997 47 110
1998 47 111
1999 47 112
2000 47 113
2001 47 114
2002 47 115
2003 47 116
2004 47 117
2005 47 118
2006 47 119
2007 47 120
2008 47 121
2009 47 122
2010 47 123
2011 47 124
2012 47 125
2013 47 128
2014 47 129
2015 47 130
2016 47 142
2017 47 145
2018 47 146
2019 47 147
2020 47 160
2021 48 0
2022 48 5
2023 48 8
2024 48 10
2025 48 18
2026 48 25
2027 48 27
2028 48 39
2029 48 42
2030 48 44
2031 48 50
2032 48 53
2033 48 61
2034 48 65
2035 48 72
2036 48 74
2037 48 78
2038 48 79
2039 48 80
2040 48 81
2041 48 82
2042 48 83
2043 48 90
2044 48 92
2045 48 106
2046 48 107
2047 48 110
2048 48 126
2049 48 127
2050 48 131
2051 48 132
2052 48 133
2053 48 134
2054 48 135
2055 48 136
2056 48 137
2057 48 142
2058 48 144
2059 48 160
2060 49 0
2061 49 5
2062 49 8
2063 49 10
2064 49 18
2065 49 25
2066 49 27
2067 49 39
2068 49 42
2069 49 44
2070 49 50
2071 49 53
2072 49 61
2073 49 65
2074 49 72
2075 49 74
2076 49 78
2077 49 83
2078 49 90
2079 49 92
2080 49 106
2081 49 108
2082 49 109
2083 49 128
2084 49 129
2085 49 142
2086 49 144
2087 49 160
2088 50 0
2089 50 1
2090 50 2
2091 50 3
2092 50 4
2093 50 5
2094 50 8
2095 50 9
2096 50 10
2097 50 17
2098 50 25
2099 50 27
2100 50 37
2101 50 38
2102 50 39
2103 50 42
2104 50 43
2105 50 44
2106 50 50
2107 50 53
2108 50 61
2109 50 65
2110 50 72
2111 50 74
2112 50 78
2113 50 83
2114 50 90
2115 50 92
2116 50 106
2117 50 107
2118 50 108
2119 50 109
2120 50 128
2121 50 129
2122 50 142
2123 50 143
2124 50 144
2125 50 148
2126 50 149
2127 50 150
2128 50 151
2129 50 152
2130 50 153
2131 50 154
2132 50 155
2133 50 156
2134 50 157
2135 50 158
2136 50 159
2137 51 6
2138 51 7
2139 51 11
2140 51 12
2141 51 13
2142 51 14
2143 51 15
2144 51 16
2145 51 25
2146 51 27
2147 51 28
2148 51 29
2149 51 30
2150 51 31
2151 51 32
2152 51 33
2153 51 34
2154 51 35
2155 51 36
2156 51 40
2157 51 41
2158 51 50
2159 51 51
2160 51 52
2161 51 53
2162 51 61
2163 51 65
2164 51 72
2165 51 74
2166 51 78
2167 51 83
2168 51 90
2169 51 92
2170 51 110
2171 51 111
2172 51 112
2173 51 113
2174 51 114
2175 51 115
2176 51 116
2177 51 117
2178 51 118
2179 51 119
2180 51 120
2181 51 121
2182 51 122
2183 51 123
2184 51 124
2185 51 125
2186 51 126
2187 51 127
2188 51 130
2189 51 131
2190 51 132
2191 51 133
2192 51 134
2193 51 135
2194 51 136
2195 51 137
2196 51 138
2197 51 139
2198 51 140
2199 51 141
2200 51 148
2201 51 159
2202 52 6
2203 52 7
2204 52 11
2205 52 15
2206 52 16
2207 52 17
2208 52 18
2209 52 19
2210 52 20
2211 52 21
2212 52 22
2213 52 23
2214 52 24
2215 52 26
2216 52 37
2217 52 38
2218 52 39
2219 52 42
2220 52 43
2221 52 44
2222 52 45
2223 52 46
2224 52 47
2225 52 48
2226 52 49
2227 52 54
2228 52 55
2229 52 56
2230 52 57
2231 52 58
2232 52 59
2233 52 60
2234 52 65
2235 52 72
2236 52 74
2237 52 78
2238 52 83
2239 52 90
2240 52 92
2241 52 110
2242 52 126
2243 52 127
2244 52 130
2245 52 132
2246 52 142
2247 52 143
2248 52 148
2249 52 159
2250 53 6
2251 53 7
2252 53 11
2253 53 12
2254 53 13
2255 53 14
2256 53 25
2257 53 26
2258 53 37
2259 53 38
2260 53 39
2261 53 42
2262 53 43
2263 53 44
2264 53 45
2265 53 46
2266 53 54
2267 53 65
2268 53 72
2269 53 74
2270 53 78
2271 53 79
2272 53 83
2273 53 90
2274 53 92
2275 53 110
2276 53 111
2277 53 112
2278 53 125
2279 53 130
2280 53 132
2281 53 142
2282 53 143
2283 53 148
2284 53 157
2285 53 158
2286 53 159
2287 54 0
2288 54 1
2289 54 2
2290 54 3
2291 54 4
2292 54 5
2293 54 8
2294 54 9
2295 54 10
2296 54 15
2297 54 16
2298 54 17
2299 54 18
2300 54 19
2301 54 20
2302 54 21
2303 54 22
2304 54 23
2305 54 24
2306 54 27
2307 54 28
2308 54 29
2309 54 30
2310 54 31
2311 54 32
2312 54 33
2313 54 34
2314 54 35
2315 54 36
2316 54 40
2317 54 41
2318 54 47
2319 54 48
2320 54 49
2321 54 50
2322 54 54
2323 54 61
2324 54 62
2325 54 63
2326 54 64
2327 54 65
2328 54 72
2329 54 74
2330 54 80
2331 54 83
2332 54 90
2333 54 92
2334 54 107
2335 54 108
2336 54 109
2337 54 113
2338 54 125
2339 54 130
2340 54 132
2341 54 142
2342 54 143
2343 54 148
2344 54 149
2345 54 150
2346 54 151
2347 54 152
2348 54 156
2349 54 160
2350 55 0
2351 55 3
2352 55 8
2353 55 10
2354 55 15
2355 55 24
2356 55 27
2357 55 34
2358 55 47
2359 55 50
2360 55 54
2361 55 60
2362 55 72
2363 55 74
2364 55 80
2365 55 83
2366 55 90
2367 55 92
2368 55 107
2369 55 108
2370 55 109
2371 55 113
2372 55 114
2373 55 115
2374 55 116
2375 55 117
2376 55 118
2377 55 119
2378 55 120
2379 55 121
2380 55 122
2381 55 123
2382 55 124
2383 55 125
2384 55 130
2385 55 132
2386 55 142
2387 55 144
2388 55 145
2389 55 146
2390 55 147
2391 55 153
2392 55 154
2393 55 155
2394 55 156
2395 55 160
2396 56 0
2397 56 3
2398 56 8
2399 56 10
2400 56 15
2401 56 24
2402 56 27
2403 56 34
2404 56 47
2405 56 50
2406 56 54
2407 56 60
2408 56 72
2409 56 74
2410 56 80
2411 56 81
2412 56 82
2413 56 83
2414 56 90
2415 56 91
2416 56 92
2417 56 101
2418 56 102
2419 56 103
2420 56 104
2421 56 105
2422 56 106
2423 56 110
2424 56 111
2425 56 112
2426 56 126
2427 56 127
2428 56 128
2429 56 129
2430 56 133
2431 56 134
2432 56 135
2433 56 136
2434 56 137
2435 56 138
2436 56 139
2437 56 142
2438 56 148
2439 56 149
2440 56 150
2441 56 151
2442 56 152
2443 56 157
2444 56 158
2445 56 159
2446 57 0
2447 57 3
2448 57 7
2449 57 10
2450 57 15
2451 57 24
2452 57 27
2453 57 34
2454 57 47
2455 57 50
2456 57 54
2457 57 60
2458 57 72
2459 57 74
2460 57 90
2461 57 93
2462 57 94
2463 57 95
2464 57 96
2465 57 97
2466 57 98
2467 57 99
2468 57 100
2469 57 107
2470 57 108
2471 57 109
2472 57 112
2473 57 129
2474 57 139
2475 57 142
2476 57 152
2477 57 157
2478 57 158
2479 57 159
2480 58 0
2481 58 3
2482 58 7
2483 58 10
2484 58 15
2485 58 20
2486 58 21
2487 58 22
2488 58 23
2489 58 24
2490 58 27
2491 58 28
2492 58 29
2493 58 30
2494 58 31
2495 58 32
2496 58 33
2497 58 34
2498 58 47
2499 58 48
2500 58 49
2501 58 50
2502 58 54
2503 58 55
2504 58 56
2505 58 57
2506 58 58
2507 58 59
2508 58 60
2509 58 72
2510 58 74
2511 58 90
2512 58 93
2513 58 94
2514 58 95
2515 58 96
2516 58 97
2517 58 98
2518 58 99
2519 58 100
2520 58 101
2521 58 102
2522 58 103
2523 58 104
2524 58 105
2525 58 106
2526 58 107
2527 58 108
2528 58 109
2529 58 110
2530 58 111
2531 58 112
2532 58 129
2533 58 130
2534 58 131
2535 58 132
2536 58 140
2537 58 141
2538 58 153
2539 58 154
2540 58 155
2541 58 156
2542 58 160
2543 59 0
2544 59 3
2545 59 7
2546 59 10
2547 59 15
2548 59 19
2549 59 25
2550 59 26
2551 59 35
2552 59 36
2553 59 37
2554 59 38
2555 59 39
2556 59 40
2557 59 41
2558 59 42
2559 59 43
2560 59 44
2561 59 45
2562 59 46
2563 59 51
2564 59 52
2565 59 53
2566 59 72
2567 59 74
2568 59 78
2569 59 79
2570 59 80
2571 59 81
2572 59 82
2573 59 83
2574 59 84
2575 59 85
2576 59 86
2577 59 87
2578 59 88
2579 59 89
2580 59 91
2581 59 92
2582 59 113
2583 59 114
2584 59 115
2585 59 116
2586 59 117
2587 59 118
2588 59 119
2589 59 120
2590 59 121
2591 59 122
2592 59 133
2593 59 134
2594 59 135
2595 59 136
2596 59 137
2597 59 138
2598 59 139
2599 59 140
2600 59 141
2601 59 142
2602 59 143
2603 59 144
2604 59 145
2605 59 146
2606 59 147
2607 59 148
2608 59 149
2609 59 150
2610 59 151
2611 59 152
2612 59 153
2613 59 154
2614 59 155
2615 59 156
2616 59 160
2617 60 0
2618 60 3
2619 60 7
2620 60 10
2621 60 15
2622 60 19
2623 60 25
2624 60 26
2625 60 35
2626 60 44
2627 60 45
2628 60 46
2629 60 51
2630 60 53
2631 60 72
2632 60 73
2633 60 74
2634 60 75
2635 60 76
2636 60 77
2637 60 90
2638 60 93
2639 60 103
2640 60 104
2641 60 105
2642 60 106
2643 60 107
2644 60 108
2645 60 109
2646 60 110
2647 60 111
2648 60 112
2649 60 113
2650 60 114
2651 60 115
2652 60 116
2653 60 117
2654 60 118
2655 60 119
2656 60 120
2657 60 121
2658 60 122
2659 60 133
2660 60 160
2661 61 0
2662 61 2
2663 61 3
2664 61 7
2665 61 10
2666 61 15
2667 61 19
2668 61 25
2669 61 26
2670 61 35
2671 61 43
2672 61 47
2673 61 48
2674 61 49
2675 61 50
2676 61 52
2677 61 54
2678 61 55
2679 61 56
2680 61 57
2681 61 58
2682 61 59
2683 61 60
2684 61 61
2685 61 62
2686 61 63
2687 61 64
2688 61 65
2689 61 66
2690 61 67
2691 61 68
2692 61 69
2693 61 70
2694 61 71
2695 61 78
2696 61 79
2697 61 80
2698 61 81
2699 61 82
2700 61 83
2701 61 84
2702 61 85
2703 61 86
2704 61 87
2705 61 88
2706 61 89
2707 61 91
2708 61 92
2709 61 94
2710 61 95
2711 61 96
2712 61 97
2713 61 98
2714 61 99
2715 61 100
2716 61 101
2717 61 102
2718 61 123
2719 61 124
2720 61 125
2721 61 126
2722 61 127
2723 61 128
2724 61 129
2725 61 130
2726 61 131
2727 61 132
2728 61 133
2729 61 160
2730 62 0
2731 62 1
2732 62 7
2733 62 10
2734 62 15
2735 62 16
2736 62 17
2737 62 18
2738 62 19
2739 62 24
2740 62 27
2741 62 28
2742 62 29
2743 62 30
2744 62 35
2745 62 43
2746 62 47
2747 62 50
2748 62 52
2749 62 53
2750 62 71
2751 62 78
2752 62 89
2753 62 91
2754 62 92
2755 62 94
2756 62 102
2757 62 123
2758 62 133
2759 62 145
2760 62 146
2761 62 147
2762 62 148
2763 62 149
2764 62 150
2765 62 151
2766 62 152
2767 62 153
2768 62 154
2769 62 155
2770 62 156
2771 62 157
2772 62 158
2773 62 159
2774 62 160
2775 63 0
2776 63 1
2777 63 7
2778 63 10
2779 63 14
2780 63 19
2781 63 20
2782 63 21
2783 63 22
2784 63 23
2785 63 27
2786 63 30
2787 63 35
2788 63 43
2789 63 47
2790 63 49
2791 63 51
2792 63 54
2793 63 71
2794 63 78
2795 63 89
2796 63 91
2797 63 93
2798 63 102
2799 63 123
2800 63 133
2801 63 139
2802 63 140
2803 63 141
2804 63 142
2805 63 143
2806 63 144
2807 63 147
2808 63 160
2809 64 0
2810 64 1
2811 64 7
2812 64 10
2813 64 14
2814 64 19
2815 64 20
2816 64 21
2817 64 22
2818 64 23
2819 64 27
2820 64 28
2821 64 29
2822 64 30
2823 64 35
2824 64 36
2825 64 37
2826 64 38
2827 64 39
2828 64 40
2829 64 43
2830 64 47
2831 64 49
2832 64 51
2833 64 54
2834 64 71
2835 64 78
2836 64 79
2837 64 89
2838 64 91
2839 64 93
2840 64 102
2841 64 124
2842 64 125
2843 64 126
2844 64 127
2845 64 128
2846 64 129
2847 64 130
2848 64 131
2849 64 132
2850 64 133
2851 64 139
2852 64 142
2853 64 143
2854 64 144
2855 64 147
2856 64 148
2857 64 149
2858 64 150
2859 64 152
2860 64 160
2861 65 0
2862 65 7
2863 65 8
2864 65 9
2865 65 10
2866 65 14
2867 65 16
2868 65 17
2869 65 18
2870 65 24
2871 65 25
2872 65 26
2873 65 31
2874 65 32
2875 65 33
2876 65 34
2877 65 41
2878 65 43
2879 65 47
2880 65 49
2881 65 51
2882 65 54
2883 65 71
2884 65 80
2885 65 90
2886 65 92
2887 65 99
2888 65 100
2889 65 101
2890 65 102
2891 65 103
2892 65 104
2893 65 105
2894 65 106
2895 65 107
2896 65 108
2897 65 109
2898 65 110
2899 65 111
2900 65 112
2901 65 113
2902 65 114
2903 65 115
2904 65 116
2905 65 117
2906 65 118
2907 65 119
2908 65 120
2909 65 121
2910 65 122
2911 65 123
2912 65 134
2913 65 135
2914 65 136
2915 65 137
2916 65 138
2917 65 141
2918 65 145
2919 65 146
2920 65 151
2921 65 153
2922 65 160
2923 66 0
2924 66 4
2925 66 5
2926 66 6
2927 66 11
2928 66 12
2929 66 13
2930 66 14
2931 66 16
2932 66 18
2933 66 19
2934 66 20
2935 66 21
2936 66 22
2937 66 23
2938 66 27
2939 66 28
2940 66 29
2941 66 30
2942 66 35
2943 66 41
2944 66 42
2945 66 44
2946 66 47
2947 66 48
2948 66 49
2949 66 51
2950 66 54
2951 66 71
2952 66 80
2953 66 98
2954 66 110
2955 66 123
2956 66 134
2957 66 141
2958 66 145
2959 66 146
2960 66 151
2961 66 153
2962 66 160
2963 67 0
2964 67 4
2965 67 5
2966 67 6
2967 67 7
2968 67 8
2969 67 11
2970 67 12
2971 67 13
2972 67 14
2973 67 16
2974 67 17
2975 67 24
2976 67 25
2977 67 26
2978 67 30
2979 67 35
2980 67 41
2981 67 42
2982 67 44
2983 67 46
2984 67 51
2985 67 54
2986 67 71
2987 67 80
2988 67 95
2989 67 96
2990 67 97
2991 67 98
2992 67 110
2993 67 111
2994 67 112
2995 67 113
2996 67 114
2997 67 115
2998 67 116
2999 67 117
3000 67 118
3001 67 119
3002 67 120
3003 67 121
3004 67 122
3005 67 123
3006 67 134
3007 67 135
3008 67 136
3009 67 137
3010 67 138
3011 67 139
3012 67 140
3013 67 141
3014 67 145
3015 67 146
3016 67 151
3017 67 153
3018 67 154
3019 67 155
3020 67 156
3021 67 157
3022 67 158
3023 67 159
3024 67 160
3025 68 0
3026 68 1
3027 68 2
3028 68 3
3029 68 9
3030 68 10
3031 68 15
3032 68 17
3033 68 24
3034 68 30
3035 68 35
3036 68 41
3037 68 42
3038 68 44
3039 68 46
3040 68 51
3041 68 54
3042 68 71
3043 68 80
3044 68 94
3045 68 99
3046 68 100
3047 68 101
3048 68 102
3049 68 103
3050 68 104
3051 68 105
3052 68 106
3053 68 107
3054 68 108
3055 68 109
3056 68 123
3057 68 141
3058 68 145
3059 68 146
3060 68 150
3061 68 152
3062 69 0
3063 69 3
3064 69 9
3065 69 10
3066 69 15
3067 69 17
3068 69 20
3069 69 21
3070 69 22
3071 69 23
3072 69 30
3073 69 35
3074 69 41
3075 69 42
3076 69 44
3077 69 46
3078 69 51
3079 69 54
3080 69 61
3081 69 62
3082 69 63
3083 69 64
3084 69 65
3085 69 66
3086 69 67
3087 69 68
3088 69 69
3089 69 70
3090 69 71
3091 69 80
3092 69 94
3093 69 99
3094 69 109
3095 69 113
3096 69 114
3097 69 115
3098 69 116
3099 69 117
3100 69 118
3101 69 119
3102 69 120
3103 69 121
3104 69 122
3105 69 124
3106 69 125
3107 69 126
3108 69 127
3109 69 128
3110 69 129
3111 69 130
3112 69 131
3113 69 132
3114 69 133
3115 69 134
3116 69 135
3117 69 136
3118 69 137
3119 69 138
3120 69 139
3121 69 140
3122 69 142
3123 69 143
3124 69 144
3125 69 147
3126 69 148
3127 69 149
3128 69 150
3129 69 151
3130 69 152
3131 70 0
3132 70 3
3133 70 9
3134 70 10
3135 70 12
3136 70 13
3137 70 15
3138 70 17
3139 70 20
3140 70 30
3141 70 35
3142 70 40
3143 70 42
3144 70 44
3145 70 46
3146 70 51
3147 70 54
3148 70 58
3149 70 59
3150 70 60
3151 70 72
3152 70 80
3153 70 94
3154 70 99
3155 70 100
3156 70 101
3157 70 102
3158 70 103
3159 70 109
3160 70 113
3161 70 122
3162 70 141
3163 70 145
3164 70 146
3165 70 153
3166 70 154
3167 70 155
3168 70 156
3169 70 157
3170 70 158
3171 71 0
3172 71 3
3173 71 9
3174 71 10
3175 71 12
3176 71 13
3177 71 15
3178 71 17
3179 71 20
3180 71 30
3181 71 35
3182 71 40
3183 71 42
3184 71 44
3185 71 46
3186 71 51
3187 71 54
3188 71 56
3189 71 57
3190 71 72
3191 71 80
3192 71 95
3193 71 96
3194 71 97
3195 71 98
3196 71 104
3197 71 109
3198 71 113
3199 71 114
3200 71 123
3201 71 126
3202 71 127
3203 71 128
3204 71 129
3205 71 130
3206 71 131
3207 71 132
3208 71 133
3209 71 134
3210 71 135
3211 71 136
3212 71 137
3213 71 138
3214 71 139
3215 71 140
3216 71 142
3217 71 143
3218 71 144
3219 71 147
3220 71 148
3221 71 149
3222 71 153
3223 71 158
3224 72 0
3225 72 3
3226 72 9
3227 72 10
3228 72 12
3229 72 13
3230 72 15
3231 72 16
3232 72 17
3233 72 20
3234 72 30
3235 72 35
3236 72 40
3237 72 42
3238 72 44
3239 72 46
3240 72 47
3241 72 48
3242 72 49
3243 72 50
3244 72 52
3245 72 53
3246 72 55
3247 72 58
3248 72 59
3249 72 60
3250 72 61
3251 72 62
3252 72 63
3253 72 64
3254 72 65
3255 72 66
3256 72 67
3257 72 68
3258 72 69
3259 72 70
3260 72 71
3261 72 72
3262 72 80
3263 72 98
3264 72 104
3265 72 110
3266 72 111
3267 72 112
3268 72 115
3269 72 123
3270 72 126
3271 72 128
3272 72 129
3273 72 130
3274 72 131
3275 72 132
3276 72 133
3277 72 134
3278 72 135
3279 72 136
3280 72 137
3281 72 138
3282 72 139
3283 72 140
3284 72 142
3285 72 143
3286 72 144
3287 72 147
3288 72 148
3289 72 149
3290 72 153
3291 72 154
3292 72 155
3293 72 156
3294 72 157
3295 72 158
3296 73 0
3297 73 3
3298 73 9
3299 73 11
3300 73 14
3301 73 18
3302 73 20
3303 73 29
3304 73 35
3305 73 40
3306 73 42
3307 73 44
3308 73 45
3309 73 51
3310 73 52
3311 73 53
3312 73 54
3313 73 55
3314 73 58
3315 73 59
3316 73 60
3317 73 61
3318 73 62
3319 73 63
3320 73 64
3321 73 65
3322 73 66
3323 73 67
3324 73 68
3325 73 69
3326 73 70
3327 73 72
3328 73 80
3329 73 90
3330 73 91
3331 73 92
3332 73 93
3333 73 94
3334 73 98
3335 73 104
3336 73 105
3337 73 106
3338 73 107
3339 73 108
3340 73 109
3341 73 110
3342 73 111
3343 73 112
3344 73 115
3345 73 116
3346 73 117
3347 73 123
3348 73 126
3349 73 127
3350 73 141
3351 73 145
3352 73 146
3353 73 150
3354 73 151
3355 73 152
3356 73 159
3357 73 160
3358 74 0
3359 74 3
3360 74 9
3361 74 11
3362 74 14
3363 74 18
3364 74 20
3365 74 30
3366 74 31
3367 74 32
3368 74 33
3369 74 34
3370 74 35
3371 74 40
3372 74 42
3373 74 44
3374 74 45
3375 74 46
3376 74 47
3377 74 48
3378 74 49
3379 74 50
3380 74 56
3381 74 57
3382 74 71
3383 74 72
3384 74 80
3385 74 89
3386 74 95
3387 74 98
3388 74 100
3389 74 101
3390 74 102
3391 74 103
3392 74 113
3393 74 114
3394 74 118
3395 74 123
3396 74 126
3397 74 127
3398 74 141
3399 74 145
3400 74 146
3401 74 150
3402 74 152
3403 74 159
3404 74 160
3405 75 0
3406 75 1
3407 75 2
3408 75 3
3409 75 9
3410 75 11
3411 75 14
3412 75 18
3413 75 20
3414 75 35
3415 75 40
3416 75 42
3417 75 44
3418 75 50
3419 75 56
3420 75 57
3421 75 71
3422 75 72
3423 75 80
3424 75 89
3425 75 95
3426 75 98
3427 75 100
3428 75 103
3429 75 113
3430 75 114
3431 75 118
3432 75 119
3433 75 120
3434 75 121
3435 75 122
3436 75 123
3437 75 126
3438 75 127
3439 75 141
3440 75 142
3441 75 145
3442 75 146
3443 75 150
3444 75 152
3445 75 155
3446 75 156
3447 75 157
3448 75 158
3449 76 0
3450 76 4
3451 76 9
3452 76 11
3453 76 14
3454 76 18
3455 76 20
3456 76 33
3457 76 34
3458 76 35
3459 76 40
3460 76 41
3461 76 43
3462 76 45
3463 76 46
3464 76 47
3465 76 48
3466 76 49
3467 76 51
3468 76 52
3469 76 53
3470 76 54
3471 76 55
3472 76 58
3473 76 59
3474 76 60
3475 76 61
3476 76 62
3477 76 63
3478 76 64
3479 76 65
3480 76 66
3481 76 67
3482 76 68
3483 76 69
3484 76 70
3485 76 73
3486 76 74
3487 76 75
3488 76 76
3489 76 77
3490 76 78
3491 76 79
3492 76 89
3493 76 95
3494 76 98
3495 76 100
3496 76 103
3497 76 113
3498 76 114
3499 76 117
3500 76 124
3501 76 125
3502 76 126
3503 76 128
3504 76 129
3505 76 141
3506 76 142
3507 76 145
3508 76 146
3509 76 150
3510 76 152
3511 76 155
3512 76 158
3513 77 4
3514 77 9
3515 77 11
3516 77 14
3517 77 18
3518 77 20
3519 77 32
3520 77 40
3521 77 41
3522 77 43
3523 77 45
3524 77 49
3525 77 56
3526 77 57
3527 77 73
3528 77 89
3529 77 95
3530 77 98
3531 77 100
3532 77 101
3533 77 102
3534 77 103
3535 77 113
3536 77 114
3537 77 117
3538 77 124
3539 77 126
3540 77 128
3541 77 129
3542 77 137
3543 77 138
3544 77 139
3545 77 140
3546 77 143
3547 77 144
3548 77 147
3549 77 150
3550 77 151
3551 77 152
3552 77 155
3553 77 156
3554 77 157
3555 77 158
3556 78 4
3557 78 9
3558 78 11
3559 78 14
3560 78 18
3561 78 20
3562 78 22
3563 78 23
3564 78 24
3565 78 25
3566 78 26
3567 78 27
3568 78 28
3569 78 29
3570 78 30
3571 78 31
3572 78 32
3573 78 40
3574 78 41
3575 78 43
3576 78 45
3577 78 46
3578 78 47
3579 78 48
3580 78 49
3581 78 56
3582 78 57
3583 78 73
3584 78 89
3585 78 95
3586 78 98
3587 78 113
3588 78 114
3589 78 117
3590 78 118
3591 78 124
3592 78 126
3593 78 128
3594 78 129
3595 78 137
3596 78 140
3597 78 143
3598 78 144
3599 78 147
3600 78 148
3601 78 149
3602 78 153
3603 78 154
3604 78 159
3605 78 160
3606 79 4
3607 79 9
3608 79 10
3609 79 12
3610 79 13
3611 79 15
3612 79 16
3613 79 17
3614 79 19
3615 79 21
3616 79 33
3617 79 34
3618 79 35
3619 79 36
3620 79 37
3621 79 38
3622 79 39
3623 79 42
3624 79 44
3625 79 56
3626 79 57
3627 79 73
3628 79 89
3629 79 95
3630 79 98
3631 79 101
3632 79 102
3633 79 103
3634 79 104
3635 79 113
3636 79 114
3637 79 117
3638 79 118
3639 79 124
3640 79 127
3641 79 130
3642 79 131
3643 79 132
3644 79 133
3645 79 134
3646 79 135
3647 79 136
3648 79 140
3649 79 143
3650 79 144
3651 79 147
3652 79 149
3653 79 153
3654 79 154
3655 79 159
3656 79 160
3657 80 4
3658 80 9
3659 80 10
3660 80 12
3661 80 13
3662 80 15
3663 80 17
3664 80 19
3665 80 21
3666 80 33
3667 80 39
3668 80 42
3669 80 44
3670 80 52
3671 80 53
3672 80 54
3673 80 55
3674 80 57
3675 80 73
3676 80 89
3677 80 95
3678 80 96
3679 80 97
3680 80 98
3681 80 101
3682 80 102
3683 80 103
3684 80 104
3685 80 113
3686 80 114
3687 80 117
3688 80 118
3689 80 124
3690 80 126
3691 80 127
3692 80 130
3693 80 140
3694 80 143
3695 80 144
3696 80 147
3697 80 149
3698 80 153
3699 80 154
3700 80 159
3701 80 160
3702 81 0
3703 81 1
3704 81 4
3705 81 9
3706 81 10
3707 81 12
3708 81 13
3709 81 15
3710 81 16
3711 81 17
3712 81 19
3713 81 20
3714 81 21
3715 81 33
3716 81 34
3717 81 35
3718 81 36
3719 81 37
3720 81 38
3721 81 42
3722 81 44
3723 81 52
3724 81 58
3725 81 59
3726 81 60
3727 81 61
3728 81 62
3729 81 63
3730 81 64
3731 81 65
3732 81 66
3733 81 67
3734 81 68
3735 81 69
3736 81 70
3737 81 73
3738 81 89
3739 81 93
3740 81 94
3741 81 99
3742 81 100
3743 81 105
3744 81 113
3745 81 114
3746 81 117
3747 81 118
3748 81 124
3749 81 125
3750 81 130
3751 81 140
3752 81 143
3753 81 144
3754 81 146
3755 81 149
3756 81 153
3757 81 154
3758 81 159
3759 81 160
3760 82 0
3761 82 3
3762 82 5
3763 82 6
3764 82 7
3765 82 8
3766 82 11
3767 82 14
3768 82 18
3769 82 22
3770 82 23
3771 82 24
3772 82 25
3773 82 26
3774 82 27
3775 82 28
3776 82 29
3777 82 30
3778 82 31
3779 82 32
3780 82 42
3781 82 44
3782 82 52
3783 82 70
3784 82 73
3785 82 76
3786 82 77
3787 82 78
3788 82 79
3789 82 80
3790 82 81
3791 82 82
3792 82 83
3793 82 89
3794 82 93
3795 82 94
3796 82 99
3797 82 100
3798 82 105
3799 82 113
3800 82 114
3801 82 117
3802 82 118
3803 82 124
3804 82 125
3805 82 130
3806 82 140
3807 82 143
3808 82 144
3809 82 146
3810 82 149
3811 82 153
3812 82 154
3813 82 159
3814 82 160
3815 83 0
3816 83 3
3817 83 5
3818 83 9
3819 83 10
3820 83 14
3821 83 18
3822 83 22
3823 83 24
3824 83 25
3825 83 26
3826 83 27
3827 83 28
3828 83 29
3829 83 30
3830 83 31
3831 83 32
3832 83 42
3833 83 45
3834 83 46
3835 83 47
3836 83 48
3837 83 49
3838 83 52
3839 83 53
3840 83 54
3841 83 55
3842 83 70
3843 83 73
3844 83 74
3845 83 75
3846 83 84
3847 83 85
3848 83 86
3849 83 87
3850 83 88
3851 83 89
3852 83 95
3853 83 96
3854 83 97
3855 83 98
3856 83 101
3857 83 105
3858 83 113
3859 83 114
3860 83 117
3861 83 118
3862 83 124
3863 83 125
3864 83 130
3865 83 131
3866 83 132
3867 83 133
3868 83 134
3869 83 135
3870 83 136
3871 83 137
3872 83 138
3873 83 139
3874 83 140
3875 83 143
3876 83 144
3877 83 146
3878 83 149
3879 83 153
3880 83 154
3881 84 0
3882 84 3
3883 84 5
3884 84 6
3885 84 7
3886 84 8
3887 84 9
3888 84 10
3889 84 14
3890 84 18
3891 84 22
3892 84 23
3893 84 33
3894 84 34
3895 84 35
3896 84 36
3897 84 37
3898 84 38
3899 84 39
3900 84 40
3901 84 41
3902 84 43
3903 84 44
3904 84 50
3905 84 51
3906 84 56
3907 84 69
3908 84 71
3909 84 72
3910 84 90
3911 84 91
3912 84 92
3913 84 93
3914 84 94
3915 84 101
3916 84 105
3917 84 106
3918 84 107
3919 84 108
3920 84 109
3921 84 110
3922 84 111
3923 84 112
3924 84 117
3925 84 118
3926 84 124
3927 84 125
3928 84 141
3929 84 142
3930 84 145
3931 84 149
3932 84 153
3933 84 154
3934 85 0
3935 85 3
3936 85 5
3937 85 11
3938 85 12
3939 85 13
3940 85 15
3941 85 16
3942 85 17
3943 85 19
3944 85 20
3945 85 21
3946 85 23
3947 85 33
3948 85 34
3949 85 35
3950 85 36
3951 85 37
3952 85 42
3953 85 43
3954 85 44
3955 85 56
3956 85 57
3957 85 58
3958 85 59
3959 85 60
3960 85 61
3961 85 62
3962 85 63
3963 85 64
3964 85 65
3965 85 66
3966 85 67
3967 85 68
3968 85 69
3969 85 71
3970 85 72
3971 85 90
3972 85 91
3973 85 92
3974 85 93
3975 85 94
3976 85 101
3977 85 105
3978 85 110
3979 85 111
3980 85 112
3981 85 117
3982 85 118
3983 85 124
3984 85 125
3985 85 141
3986 85 142
3987 85 145
3988 85 149
3989 85 153
3990 85 154
3991 86 0
3992 86 3
3993 86 4
3994 86 6
3995 86 7
3996 86 8
3997 86 9
3998 86 10
3999 86 14
4000 86 15
4001 86 16
4002 86 17
4003 86 19
4004 86 20
4005 86 21
4006 86 22
4007 86 23
4008 86 32
4009 86 42
4010 86 54
4011 86 55
4012 86 70
4013 86 73
4014 86 74
4015 86 75
4016 86 76
4017 86 77
4018 86 95
4019 86 96
4020 86 97
4021 86 98
4022 86 99
4023 86 100
4024 86 105
4025 86 109
4026 86 113
4027 86 114
4028 86 115
4029 86 116
4030 86 119
4031 86 120
4032 86 121
4033 86 122
4034 86 123
4035 86 141
4036 86 142
4037 86 145
4038 86 149
4039 86 153
4040 86 154
4041 87 0
4042 87 3
4043 87 4
4044 87 6
4045 87 9
4046 87 11
4047 87 12
4048 87 13
4049 87 18
4050 87 32
4051 87 42
4052 87 45
4053 87 46
4054 87 47
4055 87 48
4056 87 49
4057 87 50
4058 87 51
4059 87 52
4060 87 54
4061 87 55
4062 87 61
4063 87 62
4064 87 63
4065 87 64
4066 87 65
4067 87 66
4068 87 67
4069 87 68
4070 87 69
4071 87 71
4072 87 72
4073 87 78
4074 87 79
4075 87 80
4076 87 81
4077 87 82
4078 87 83
4079 87 84
4080 87 85
4081 87 86
4082 87 87
4083 87 88
4084 87 89
4085 87 90
4086 87 91
4087 87 92
4088 87 93
4089 87 94
4090 87 98
4091 87 99
4092 87 100
4093 87 105
4094 87 109
4095 87 113
4096 87 114
4097 87 117
4098 87 118
4099 87 119
4100 87 124
4101 87 125
4102 87 126
4103 87 127
4104 87 132
4105 87 133
4106 87 134
4107 87 135
4108 87 141
4109 87 142
4110 87 145
4111 87 149
4112 87 153
4113 87 154
4114 88 0
4115 88 3
4116 88 4
4117 88 6
4118 88 9
4119 88 11
4120 88 12
4121 88 13
4122 88 18
4123 88 32
4124 88 42
4125 88 45
4126 88 46
4127 88 47
4128 88 48
4129 88 49
4130 88 50
4131 88 51
4132 88 52
4133 88 54
4134 88 55
4135 88 61
4136 88 69
4137 88 71
4138 88 72
4139 88 77
4140 88 85
4141 88 87
4142 88 88
4143 88 89
4144 88 90
4145 88 91
4146 88 92
4147 88 93
4148 88 94
4149 88 98
4150 88 100
4151 88 105
4152 88 106
4153 88 107
4154 88 108
4155 88 109
4156 88 113
4157 88 114
4158 88 117
4159 88 118
4160 88 119
4161 88 124
4162 88 127
4163 88 132
4164 88 135
4165 88 141
4166 88 142
4167 88 145
4168 88 149
4169 88 153
4170 88 154
4171 89 0
4172 89 3
4173 89 4
4174 89 6
4175 89 7
4176 89 8
4177 89 9
4178 89 13
4179 89 18
4180 89 32
4181 89 35
4182 89 36
4183 89 37
4184 89 38
4185 89 39
4186 89 40
4187 89 41
4188 89 43
4189 89 44
4190 89 53
4191 89 61
4192 89 69
4193 89 71
4194 89 72
4195 89 77
4196 89 85
4197 89 86
4198 89 95
4199 89 96
4200 89 97
4201 89 99
4202 89 101
4203 89 102
4204 89 103
4205 89 104
4206 89 113
4207 89 115
4208 89 116
4209 89 124
4210 89 125
4211 89 127
4212 89 132
4213 89 135
4214 89 141
4215 89 142
4216 89 145
4217 89 149
4218 89 153
4219 89 154
4220 90 1
4221 90 2
4222 90 5
4223 90 10
4224 90 11
4225 90 12
4226 90 14
4227 90 15
4228 90 16
4229 90 17
4230 90 19
4231 90 20
4232 90 21
4233 90 22
4234 90 23
4235 90 24
4236 90 25
4237 90 26
4238 90 27
4239 90 28
4240 90 29
4241 90 30
4242 90 31
4243 90 32
4244 90 35
4245 90 42
4246 90 45
4247 90 46
4248 90 47
4249 90 48
4250 90 49
4251 90 50
4252 90 51
4253 90 52
4254 90 54
4255 90 55
4256 90 56
4257 90 57
4258 90 58
4259 90 59
4260 90 60
4261 90 65
4262 90 66
4263 90 67
4264 90 68
4265 90 69
4266 90 71
4267 90 72
4268 90 77
4269 90 85
4270 90 86
4271 90 95
4272 90 96
4273 90 97
4274 90 100
4275 90 104
4276 90 113
4277 90 115
4278 90 116
4279 90 126
4280 90 127
4281 90 132
4282 90 135
4283 90 141
4284 90 142
4285 90 145
4286 90 149
4287 90 153
4288 90 154
4289 91 1
4290 91 2
4291 91 5
4292 91 10
4293 91 12
4294 91 14
4295 91 15
4296 91 16
4297 91 17
4298 91 19
4299 91 28
4300 91 29
4301 91 32
4302 91 35
4303 91 42
4304 91 45
4305 91 46
4306 91 47
4307 91 48
4308 91 49
4309 91 50
4310 91 51
4311 91 52
4312 91 54
4313 91 64
4314 91 69
4315 91 71
4316 91 72
4317 91 77
4318 91 85
4319 91 86
4320 91 93
4321 91 94
4322 91 98
4323 91 99
4324 91 104
4325 91 113
4326 91 115
4327 91 116
4328 91 126
4329 91 127
4330 91 132
4331 91 135
4332 91 141
4333 91 142
4334 91 145
4335 91 149
4336 91 153
4337 91 154
4338 92 1
4339 92 2
4340 92 5
4341 92 10
4342 92 11
4343 92 12
4344 92 14
4345 92 17
4346 92 19
4347 92 27
4348 92 30
4349 92 31
4350 92 32
4351 92 35
4352 92 40
4353 92 41
4354 92 43
4355 92 44
4356 92 54
4357 92 55
4358 92 56
4359 92 64
4360 92 69
4361 92 71
4362 92 72
4363 92 77
4364 92 85
4365 92 86
4366 92 93
4367 92 94
4368 92 98
4369 92 104
4370 92 114
4371 92 117
4372 92 118
4373 92 126
4374 92 127
4375 92 132
4376 92 135
4377 92 141
4378 92 142
4379 92 145
4380 92 149
4381 92 153
4382 92 154
4383 93 1
4384 93 2
4385 93 5
4386 93 10
4387 93 13
4388 93 15
4389 93 16
4390 93 17
4391 93 19
4392 93 20
4393 93 21
4394 93 22
4395 93 23
4396 93 24
4397 93 25
4398 93 26
4399 93 27
4400 93 30
4401 93 33
4402 93 35
4403 93 36
4404 93 37
4405 93 38
4406 93 39
4407 93 42
4408 93 45
4409 93 46
4410 93 47
4411 93 48
4412 93 49
4413 93 50
4414 93 51
4415 93 52
4416 93 53
4417 93 57
4418 93 64
4419 93 69
4420 93 71
4421 93 72
4422 93 77
4423 93 85
4424 93 86
4425 93 93
4426 93 94
4427 93 98
4428 93 104
4429 93 114
4430 93 119
4431 93 120
4432 93 121
4433 93 122
4434 93 123
4435 93 124
4436 93 125
4437 93 128
4438 93 129
4439 93 130
4440 93 131
4441 93 135
4442 93 141
4443 93 142
4444 93 145
4445 93 149
4446 93 153
4447 93 154
4448 94 0
4449 94 3
4450 94 4
4451 94 6
4452 94 7
4453 94 8
4454 94 9
4455 94 11
4456 94 12
4457 94 14
4458 94 18
4459 94 30
4460 94 33
4461 94 40
4462 94 41
4463 94 42
4464 94 44
4465 94 54
4466 94 55
4467 94 57
4468 94 65
4469 94 66
4470 94 67
4471 94 68
4472 94 69
4473 94 71
4474 94 72
4475 94 77
4476 94 78
4477 94 79
4478 94 80
4479 94 81
4480 94 82
4481 94 83
4482 94 84
4483 94 93
4484 94 94
4485 94 98
4486 94 105
4487 94 106
4488 94 107
4489 94 108
4490 94 109
4491 94 110
4492 94 111
4493 94 112
4494 94 113
4495 94 119
4496 94 136
4497 94 137
4498 94 138
4499 94 139
4500 94 140
4501 94 142
4502 94 145
4503 94 149
4504 94 153
4505 94 154
4506 95 0
4507 95 3
4508 95 4
4509 95 6
4510 95 9
4511 95 11
4512 95 13
4513 95 18
4514 95 30
4515 95 33
4516 95 40
4517 95 42
4518 95 44
4519 95 54
4520 95 55
4521 95 57
4522 95 58
4523 95 59
4524 95 60
4525 95 61
4526 95 62
4527 95 63
4528 95 64
4529 95 65
4530 95 66
4531 95 67
4532 95 68
4533 95 69
4534 95 70
4535 95 73
4536 95 74
4537 95 75
4538 95 76
4539 95 77
4540 95 78
4541 95 79
4542 95 80
4543 95 81
4544 95 82
4545 95 83
4546 95 84
4547 95 91
4548 95 92
4549 95 95
4550 95 96
4551 95 97
4552 95 104
4553 95 114
4554 95 119
4555 95 120
4556 95 121
4557 95 122
4558 95 123
4559 95 124
4560 95 142
4561 95 145
4562 95 149
4563 95 153
4564 95 154
4565 96 0
4566 96 3
4567 96 4
4568 96 6
4569 96 9
4570 96 11
4571 96 13
4572 96 18
4573 96 30
4574 96 33
4575 96 35
4576 96 36
4577 96 37
4578 96 38
4579 96 39
4580 96 41
4581 96 43
4582 96 45
4583 96 46
4584 96 47
4585 96 48
4586 96 49
4587 96 50
4588 96 51
4589 96 52
4590 96 53
4591 96 56
4592 96 71
4593 96 72
4594 96 85
4595 96 86
4596 96 87
4597 96 88
4598 96 89
4599 96 90
4600 96 91
4601 96 92
4602 96 95
4603 96 96
4604 96 97
4605 96 98
4606 96 105
4607 96 106
4608 96 107
4609 96 108
4610 96 109
4611 96 110
4612 96 111
4613 96 112
4614 96 113
4615 96 115
4616 96 116
4617 96 117
4618 96 118
4619 96 125
4620 96 126
4621 96 127
4622 96 128
4623 96 129
4624 96 130
4625 96 131
4626 96 132
4627 96 133
4628 96 134
4629 96 135
4630 96 136
4631 96 137
4632 96 138
4633 96 139
4634 96 140
4635 96 141
4636 96 142
4637 96 145
4638 96 149
4639 96 153
4640 96 154
4641 97 0
4642 97 1
4643 97 2
4644 97 5
4645 97 7
4646 97 9
4647 97 11
4648 97 13
4649 97 18
4650 97 30
4651 97 33
4652 97 35
4653 97 41
4654 97 43
4655 97 45
4656 97 46
4657 97 54
4658 97 55
4659 97 57
4660 97 58
4661 97 59
4662 97 60
4663 97 61
4664 97 62
4665 97 63
4666 97 64
4667 97 65
4668 97 66
4669 97 67
4670 97 68
4671 97 69
4672 97 70
4673 97 85
4674 97 88
4675 97 93
4676 97 94
4677 97 99
4678 97 113
4679 97 117
4680 97 118
4681 97 120
4682 97 121
4683 97 122
4684 97 123
4685 97 145
4686 97 149
4687 97 153
4688 97 154
4689 98 0
4690 98 2
4691 98 5
4692 98 7
4693 98 9
4694 98 11
4695 98 13
4696 98 17
4697 98 19
4698 98 27
4699 98 28
4700 98 29
4701 98 31
4702 98 32
4703 98 35
4704 98 41
4705 98 43
4706 98 45
4707 98 46
4708 98 54
4709 98 55
4710 98 57
4711 98 70
4712 98 85
4713 98 88
4714 98 95
4715 98 96
4716 98 97
4717 98 99
4718 98 113
4719 98 117
4720 98 118
4721 98 120
4722 98 124
4723 98 125
4724 98 145
4725 98 149
4726 98 153
4727 98 154
4728 98 159
4729 98 160
4730 99 0
4731 99 2
4732 99 5
4733 99 7
4734 99 9
4735 99 11
4736 99 13
4737 99 17
4738 99 19
4739 99 27
4740 99 29
4741 99 31
4742 99 32
4743 99 35
4744 99 41
4745 99 43
4746 99 45
4747 99 46
4748 99 54
4749 99 55
4750 99 57
4751 99 58
4752 99 59
4753 99 60
4754 99 61
4755 99 62
4756 99 65
4757 99 66
4758 99 67
4759 99 68
4760 99 70
4761 99 85
4762 99 86
4763 99 87
4764 99 88
4765 99 89
4766 99 90
4767 99 91
4768 99 92
4769 99 93
4770 99 94
4771 99 97
4772 99 99
4773 99 100
4774 99 101
4775 99 102
4776 99 103
4777 99 104
4778 99 105
4779 99 106
4780 99 107
4781 99 108
4782 99 109
4783 99 110
4784 99 113
4785 99 117
4786 99 118
4787 99 120
4788 99 125
4789 99 145
4790 99 149
4791 99 159
4792 99 160
4793 100 0
4794 100 2
4795 100 5
4796 100 7
4797 100 9
4798 100 11
4799 100 13
4800 100 17
4801 100 19
4802 100 28
4803 100 29
4804 100 31
4805 100 32
4806 100 35
4807 100 36
4808 100 37
4809 100 38
4810 100 39
4811 100 40
4812 100 41
4813 100 43
4814 100 45
4815 100 46
4816 100 49
4817 100 50
4818 100 51
4819 100 52
4820 100 53
4821 100 56
4822 100 63
4823 100 64
4824 100 69
4825 100 71
4826 100 72
4827 100 73
4828 100 74
4829 100 75
4830 100 76
4831 100 77
4832 100 78
4833 100 79
4834 100 80
4835 100 81
4836 100 82
4837 100 83
4838 100 84
4839 100 95
4840 100 96
4841 100 98
4842 100 111
4843 100 113
4844 100 117
4845 100 118
4846 100 120
4847 100 125
4848 100 145
4849 100 149
4850 100 152
4851 100 153
4852 100 154
4853 100 155
4854 100 156
4855 100 157
4856 100 158
4857 101 0
4858 101 2
4859 101 5
4860 101 7
4861 101 8
4862 101 10
4863 101 13
4864 101 17
4865 101 19
4866 101 28
4867 101 29
4868 101 31
4869 101 32
4870 101 34
4871 101 42
4872 101 44
4873 101 49
4874 101 50
4875 101 51
4876 101 52
4877 101 53
4878 101 56
4879 101 63
4880 101 64
4881 101 65
4882 101 66
4883 101 67
4884 101 68
4885 101 70
4886 101 85
4887 101 86
4888 101 87
4889 101 88
4890 101 89
4891 101 90
4892 101 91
4893 101 92
4894 101 93
4895 101 94
4896 101 97
4897 101 108
4898 101 109
4899 101 110
4900 101 113
4901 101 117
4902 101 119
4903 101 125
4904 101 145
4905 101 146
4906 101 149
4907 101 152
4908 101 158
4909 102 0
4910 102 2
4911 102 5
4912 102 7
4913 102 8
4914 102 10
4915 102 13
4916 102 17
4917 102 19
4918 102 28
4919 102 29
4920 102 31
4921 102 32
4922 102 34
4923 102 42
4924 102 44
4925 102 54
4926 102 55
4927 102 57
4928 102 58
4929 102 59
4930 102 60
4931 102 61
4932 102 62
4933 102 67
4934 102 69
4935 102 71
4936 102 72
4937 102 73
4938 102 74
4939 102 75
4940 102 76
4941 102 77
4942 102 78
4943 102 79
4944 102 80
4945 102 81
4946 102 82
4947 102 83
4948 102 84
4949 102 95
4950 102 96
4951 102 98
4952 102 99
4953 102 100
4954 102 101
4955 102 102
4956 102 103
4957 102 104
4958 102 105
4959 102 106
4960 102 107
4961 102 111
4962 102 113
4963 102 117
4964 102 125
4965 102 143
4966 102 144
4967 102 147
4968 102 149
4969 102 152
4970 102 158
4971 103 0
4972 103 2
4973 103 5
4974 103 7
4975 103 8
4976 103 10
4977 103 13
4978 103 17
4979 103 19
4980 103 28
4981 103 29
4982 103 31
4983 103 32
4984 103 34
4985 103 42
4986 103 44
4987 103 54
4988 103 55
4989 103 57
4990 103 58
4991 103 59
4992 103 60
4993 103 61
4994 103 62
4995 103 67
4996 103 68
4997 103 70
4998 103 71
4999 103 72
5000 103 73
5001 103 74
5002 103 85
5003 103 86
5004 103 87
5005 103 88
5006 103 89
5007 103 90
5008 103 91
5009 103 92
5010 103 95
5011 103 96
5012 103 98
5013 103 99
5014 103 100
5015 103 101
5016 103 107
5017 103 111
5018 103 112
5019 103 113
5020 103 117
5021 103 118
5022 103 119
5023 103 120
5024 103 121
5025 103 122
5026 103 123
5027 103 124
5028 103 125
5029 103 138
5030 103 139
5031 103 140
5032 103 141
5033 103 142
5034 103 145
5035 103 146
5036 103 149
5037 103 152
5038 103 158
5039 104 0
5040 104 2
5041 104 5
5042 104 7
5043 104 8
5044 104 10
5045 104 13
5046 104 17
5047 104 19
5048 104 28
5049 104 29
5050 104 30
5051 104 33
5052 104 35
5053 104 36
5054 104 37
5055 104 38
5056 104 39
5057 104 40
5058 104 41
5059 104 43
5060 104 45
5061 104 46
5062 104 47
5063 104 48
5064 104 49
5065 104 50
5066 104 51
5067 104 52
5068 104 53
5069 104 56
5070 104 63
5071 104 64
5072 104 65
5073 104 66
5074 104 69
5075 104 75
5076 104 76
5077 104 77
5078 104 78
5079 104 79
5080 104 80
5081 104 81
5082 104 82
5083 104 83
5084 104 84
5085 104 93
5086 104 94
5087 104 97
5088 104 102
5089 104 103
5090 104 104
5091 104 105
5092 104 106
5093 104 107
5094 104 114
5095 104 115
5096 104 116
5097 104 126
5098 104 127
5099 104 128
5100 104 129
5101 104 130
5102 104 131
5103 104 132
5104 104 133
5105 104 138
5106 104 142
5107 104 145
5108 104 149
5109 104 152
5110 104 158
5111 105 0
5112 105 2
5113 105 5
5114 105 7
5115 105 8
5116 105 10
5117 105 13
5118 105 17
5119 105 19
5120 105 33
5121 105 42
5122 105 44
5123 105 56
5124 105 63
5125 105 64
5126 105 65
5127 105 66
5128 105 69
5129 105 75
5130 105 84
5131 105 93
5132 105 94
5133 105 97
5134 105 98
5135 105 99
5136 105 100
5137 105 101
5138 105 108
5139 105 109
5140 105 110
5141 105 111
5142 105 112
5143 105 113
5144 105 117
5145 105 118
5146 105 119
5147 105 120
5148 105 121
5149 105 122
5150 105 123
5151 105 124
5152 105 125
5153 105 133
5154 105 134
5155 105 138
5156 105 142
5157 105 145
5158 105 147
5159 105 148
5160 105 149
5161 105 152
5162 105 153
5163 105 154
5164 105 155
5165 105 156
5166 105 157
5167 105 158
5168 106 0
5169 106 2
5170 106 5
5171 106 8
5172 106 10
5173 106 13
5174 106 17
5175 106 19
5176 106 29
5177 106 33
5178 106 34
5179 106 35
5180 106 36
5181 106 37
5182 106 42
5183 106 44
5184 106 49
5185 106 50
5186 106 51
5187 106 52
5188 106 53
5189 106 54
5190 106 55
5191 106 57
5192 106 58
5193 106 59
5194 106 60
5195 106 61
5196 106 62
5197 106 69
5198 106 75
5199 106 84
5200 106 93
5201 106 94
5202 106 97
5203 106 98
5204 106 99
5205 106 100
5206 106 101
5207 106 108
5208 106 113
5209 106 117
5210 106 125
5211 106 133
5212 106 134
5213 106 138
5214 106 142
5215 106 145
5216 106 146
5217 106 150
5218 106 151
5219 107 0
5220 107 2
5221 107 5
5222 107 8
5223 107 10
5224 107 13
5225 107 17
5226 107 19
5227 107 29
5228 107 33
5229 107 37
5230 107 42
5231 107 44
5232 107 49
5233 107 55
5234 107 57
5235 107 62
5236 107 70
5237 107 75
5238 107 84
5239 107 92
5240 107 95
5241 107 96
5242 107 108
5243 107 113
5244 107 117
5245 107 125
5246 107 133
5247 107 134
5248 107 138
5249 107 139
5250 107 140
5251 107 141
5252 107 142
5253 107 145
5254 107 146
5255 107 150
5256 107 151
5257 108 0
5258 108 2
5259 108 5
5260 108 8
5261 108 10
5262 108 13
5263 108 17
5264 108 19
5265 108 29
5266 108 33
5267 108 37
5268 108 44
5269 108 49
5270 108 50
5271 108 51
5272 108 52
5273 108 53
5274 108 54
5275 108 55
5276 108 57
5277 108 62
5278 108 64
5279 108 70
5280 108 75
5281 108 76
5282 108 77
5283 108 78
5284 108 79
5285 108 80
5286 108 81
5287 108 82
5288 108 83
5289 108 84
5290 108 92
5291 108 95
5292 108 96
5293 108 105
5294 108 106
5295 108 107
5296 108 109
5297 108 110
5298 108 113
5299 108 117
5300 108 125
5301 108 135
5302 108 136
5303 108 137
5304 108 143
5305 108 144
5306 108 147
5307 108 148
5308 108 149
5309 109 0
5310 109 2
5311 109 5
5312 109 8
5313 109 10
5314 109 13
5315 109 17
5316 109 19
5317 109 29
5318 109 33
5319 109 37
5320 109 44
5321 109 45
5322 109 46
5323 109 47
5324 109 48
5325 109 57
5326 109 62
5327 109 64
5328 109 69
5329 109 71
5330 109 72
5331 109 73
5332 109 74
5333 109 85
5334 109 86
5335 109 87
5336 109 88
5337 109 89
5338 109 90
5339 109 91
5340 109 93
5341 109 94
5342 109 97
5343 109 98
5344 109 101
5345 109 102
5346 109 103
5347 109 104
5348 109 105
5349 109 108
5350 109 111
5351 109 112
5352 109 113
5353 109 117
5354 109 121
5355 109 122
5356 109 123
5357 109 124
5358 109 125
5359 109 135
5360 109 137
5361 109 143
5362 109 144
5363 109 147
5364 109 149
5365 110 0
5366 110 2
5367 110 5
5368 110 6
5369 110 7
5370 110 8
5371 110 10
5372 110 13
5373 110 17
5374 110 19
5375 110 29
5376 110 30
5377 110 31
5378 110 33
5379 110 37
5380 110 49
5381 110 57
5382 110 62
5383 110 64
5384 110 69
5385 110 71
5386 110 74
5387 110 77
5388 110 78
5389 110 79
5390 110 80
5391 110 81
5392 110 82
5393 110 83
5394 110 84
5395 110 91
5396 110 93
5397 110 94
5398 110 97
5399 110 98
5400 110 101
5401 110 102
5402 110 103
5403 110 106
5404 110 107
5405 110 109
5406 110 110
5407 110 114
5408 110 115
5409 110 116
5410 110 120
5411 110 126
5412 110 127
5413 110 128
5414 110 129
5415 110 130
5416 110 131
5417 110 132
5418 110 133
5419 110 134
5420 110 137
5421 110 147
5422 110 149
5423 111 0
5424 111 2
5425 111 6
5426 111 8
5427 111 10
5428 111 13
5429 111 17
5430 111 19
5431 111 29
5432 111 31
5433 111 33
5434 111 37
5435 111 49
5436 111 57
5437 111 58
5438 111 62
5439 111 64
5440 111 69
5441 111 71
5442 111 74
5443 111 77
5444 111 83
5445 111 84
5446 111 85
5447 111 86
5448 111 87
5449 111 91
5450 111 93
5451 111 94
5452 111 97
5453 111 99
5454 111 100
5455 111 104
5456 111 105
5457 111 108
5458 111 111
5459 111 112
5460 111 113
5461 111 114
5462 111 115
5463 111 116
5464 111 117
5465 111 118
5466 111 119
5467 111 120
5468 111 126
5469 111 127
5470 111 128
5471 111 129
5472 111 130
5473 111 131
5474 111 132
5475 111 133
5476 111 134
5477 111 135
5478 111 136
5479 111 137
5480 111 147
5481 111 148
5482 111 149
5483 112 0
5484 112 2
5485 112 6
5486 112 8
5487 112 10
5488 112 13
5489 112 17
5490 112 19
5491 112 29
5492 112 31
5493 112 33
5494 112 37
5495 112 47
5496 112 48
5497 112 49
5498 112 53
5499 112 54
5500 112 55
5501 112 56
5502 112 59
5503 112 60
5504 112 61
5505 112 62
5506 112 64
5507 112 69
5508 112 71
5509 112 74
5510 112 77
5511 112 82
5512 112 88
5513 112 91
5514 112 93
5515 112 94
5516 112 97
5517 112 100
5518 112 104
5519 112 105
5520 112 108
5521 112 121
5522 112 122
5523 112 123
5524 112 124
5525 112 125
5526 112 138
5527 112 139
5528 112 140
5529 112 141
5530 112 142
5531 112 143
5532 112 144
5533 112 145
5534 112 146
5535 112 150
5536 112 151
5537 112 152
5538 112 153
5539 113 0
5540 113 2
5541 113 6
5542 113 8
5543 113 10
5544 113 13
5545 113 19
5546 113 29
5547 113 31
5548 113 33
5549 113 36
5550 113 37
5551 113 47
5552 113 49
5553 113 53
5554 113 57
5555 113 58
5556 113 64
5557 113 69
5558 113 71
5559 113 74
5560 113 77
5561 113 82
5562 113 88
5563 113 91
5564 113 93
5565 113 94
5566 113 97
5567 113 101
5568 113 102
5569 113 103
5570 113 106
5571 113 107
5572 113 109
5573 113 110
5574 113 111
5575 113 112
5576 113 113
5577 113 114
5578 113 115
5579 113 116
5580 113 117
5581 113 118
5582 113 119
5583 113 120
5584 113 126
5585 113 138
5586 113 139
5587 113 147
5588 113 148
5589 113 149
5590 113 154
5591 113 155
5592 113 156
5593 113 157
5594 113 158
5595 113 159
5596 113 160
5597 114 0
5598 114 2
5599 114 6
5600 114 7
5601 114 9
5602 114 13
5603 114 19
5604 114 29
5605 114 31
5606 114 33
5607 114 35
5608 114 38
5609 114 39
5610 114 40
5611 114 41
5612 114 42
5613 114 43
5614 114 44
5615 114 47
5616 114 49
5617 114 53
5618 114 58
5619 114 64
5620 114 69
5621 114 71
5622 114 72
5623 114 74
5624 114 77
5625 114 80
5626 114 81
5627 114 82
5628 114 88
5629 114 91
5630 114 93
5631 114 94
5632 114 97
5633 114 98
5634 114 99
5635 114 100
5636 114 101
5637 114 102
5638 114 103
5639 114 106
5640 114 107
5641 114 109
5642 114 110
5643 114 111
5644 114 112
5645 114 120
5646 114 126
5647 114 138
5648 114 139
5649 114 147
5650 114 148
5651 114 149
5652 114 153
5653 114 154
5654 114 155
5655 114 156
5656 114 157
5657 114 158
5658 114 159
5659 114 160
5660 115 0
5661 115 2
5662 115 6
5663 115 7
5664 115 9
5665 115 13
5666 115 19
5667 115 23
5668 115 24
5669 115 29
5670 115 31
5671 115 33
5672 115 35
5673 115 38
5674 115 44
5675 115 47
5676 115 49
5677 115 53
5678 115 55
5679 115 56
5680 115 57
5681 115 58
5682 115 64
5683 115 65
5684 115 66
5685 115 67
5686 115 68
5687 115 70
5688 115 73
5689 115 74
5690 115 77
5691 115 79
5692 115 88
5693 115 91
5694 115 93
5695 115 94
5696 115 97
5697 115 104
5698 115 105
5699 115 108
5700 115 113
5701 115 114
5702 115 115
5703 115 116
5704 115 117
5705 115 118
5706 115 119
5707 115 120
5708 115 121
5709 115 122
5710 115 123
5711 115 124
5712 115 125
5713 115 127
5714 115 128
5715 115 129
5716 115 130
5717 115 131
5718 115 132
5719 115 133
5720 115 134
5721 115 135
5722 115 136
5723 115 137
5724 115 140
5725 115 141
5726 115 142
5727 115 143
5728 115 144
5729 115 145
5730 115 146
5731 115 150
5732 115 151
5733 115 152
5734 116 0
5735 116 2
5736 116 6
5737 116 7
5738 116 9
5739 116 10
5740 116 11
5741 116 13
5742 116 19
5743 116 23
5744 116 24
5745 116 29
5746 116 31
5747 116 33
5748 116 35
5749 116 38
5750 116 44
5751 116 47
5752 116 49
5753 116 53
5754 116 54
5755 116 64
5756 116 65
5757 116 69
5758 116 71
5759 116 72
5760 116 75
5761 116 76
5762 116 79
5763 116 88
5764 116 91
5765 116 93
5766 116 94
5767 116 97
5768 116 104
5769 116 105
5770 116 108
5771 116 126
5772 116 138
5773 116 139
5774 116 141
5775 116 146
5776 116 150
5777 116 152
5778 117 0
5779 117 2
5780 117 6
5781 117 7
5782 117 9
5783 117 12
5784 117 13
5785 117 19
5786 117 23
5787 117 24
5788 117 29
5789 117 31
5790 117 33
5791 117 34
5792 117 35
5793 117 38
5794 117 44
5795 117 47
5796 117 50
5797 117 51
5798 117 52
5799 117 55
5800 117 56
5801 117 57
5802 117 58
5803 117 59
5804 117 60
5805 117 61
5806 117 62
5807 117 63
5808 117 66
5809 117 67
5810 117 68
5811 117 70
5812 117 71
5813 117 72
5814 117 75
5815 117 79
5816 117 88
5817 117 91
5818 117 93
5819 117 94
5820 117 97
5821 117 104
5822 117 105
5823 117 108
5824 117 117
5825 117 118
5826 117 119
5827 117 120
5828 117 126
5829 117 138
5830 117 139
5831 117 141
5832 117 146
5833 117 150
5834 117 152
5835 118 0
5836 118 2
5837 118 5
5838 118 8
5839 118 9
5840 118 19
5841 118 23
5842 118 24
5843 118 29
5844 118 31
5845 118 33
5846 118 38
5847 118 44
5848 118 47
5849 118 52
5850 118 55
5851 118 56
5852 118 60
5853 118 63
5854 118 66
5855 118 69
5856 118 75
5857 118 79
5858 118 88
5859 118 91
5860 118 93
5861 118 94
5862 118 97
5863 118 104
5864 118 105
5865 118 108
5866 118 117
5867 118 120
5868 118 126
5869 118 138
5870 118 139
5871 118 141
5872 118 146
5873 118 150
5874 118 152
5875 119 0
5876 119 2
5877 119 5
5878 119 8
5879 119 9
5880 119 12
5881 119 13
5882 119 14
5883 119 15
5884 119 16
5885 119 17
5886 119 19
5887 119 23
5888 119 24
5889 119 29
5890 119 32
5891 119 38
5892 119 39
5893 119 40
5894 119 41
5895 119 42
5896 119 43
5897 119 44
5898 119 47
5899 119 52
5900 119 55
5901 119 56
5902 119 60
5903 119 63
5904 119 66
5905 119 69
5906 119 75
5907 119 79
5908 119 88
5909 119 91
5910 119 93
5911 119 94
5912 119 97
5913 119 104
5914 119 105
5915 119 108
5916 119 117
5917 119 120
5918 119 126
5919 119 138
5920 119 139
5921 119 141
5922 119 142
5923 119 143
5924 119 146
5925 119 150
5926 119 151
5927 119 152
5928 120 0
5929 120 2
5930 120 5
5931 120 8
5932 120 9
5933 120 12
5934 120 17
5935 120 19
5936 120 23
5937 120 24
5938 120 29
5939 120 32
5940 120 34
5941 120 35
5942 120 36
5943 120 37
5944 120 47
5945 120 52
5946 120 55
5947 120 56
5948 120 60
5949 120 63
5950 120 65
5951 120 68
5952 120 70
5953 120 71
5954 120 75
5955 120 79
5956 120 88
5957 120 91
5958 120 93
5959 120 94
5960 120 97
5961 120 104
5962 120 105
5963 120 108
5964 120 117
5965 120 120
5966 120 123
5967 120 124
5968 120 125
5969 120 127
5970 120 128
5971 120 129
5972 120 130
5973 120 131
5974 120 132
5975 120 133
5976 120 134
5977 120 135
5978 120 136
5979 120 137
5980 120 140
5981 120 144
5982 120 147
5983 120 148
5984 120 149
5985 120 153
5986 120 154
5987 120 155
5988 120 156
5989 120 157
5990 120 158
5991 120 159
5992 120 160
5993 121 0
5994 121 2
5995 121 5
5996 121 8
5997 121 9
5998 121 12
5999 121 17
6000 121 19
6001 121 23
6002 121 24
6003 121 29
6004 121 32
6005 121 34
6006 121 37
6007 121 47
6008 121 52
6009 121 55
6010 121 56
6011 121 60
6012 121 63
6013 121 65
6014 121 66
6015 121 67
6016 121 68
6017 121 70
6018 121 71
6019 121 75
6020 121 79
6021 121 88
6022 121 91
6023 121 93
6024 121 94
6025 121 97
6026 121 104
6027 121 105
6028 121 108
6029 121 117
6030 121 118
6031 121 119
6032 121 120
6033 121 123
6034 121 124
6035 121 125
6036 121 127
6037 121 137
6038 121 140
6039 121 144
6040 121 149
6041 121 153
6042 121 160
6043 122 0
6044 122 2
6045 122 5
6046 122 6
6047 122 7
6048 122 8
6049 122 12
6050 122 17
6051 122 19
6052 122 23
6053 122 24
6054 122 29
6055 122 32
6056 122 34
6057 122 37
6058 122 47
6059 122 52
6060 122 55
6061 122 56
6062 122 60
6063 122 63
6064 122 69
6065 122 72
6066 122 75
6067 122 79
6068 122 88
6069 122 91
6070 122 95
6071 122 96
6072 122 98
6073 122 99
6074 122 100
6075 122 101
6076 122 102
6077 122 103
6078 122 106
6079 122 107
6080 122 109
6081 122 110
6082 122 111
6083 122 112
6084 122 113
6085 122 114
6086 122 115
6087 122 116
6088 122 121
6089 122 122
6090 122 123
6091 122 126
6092 122 137
6093 122 140
6094 122 144
6095 122 149
6096 122 153
6097 122 155
6098 122 156
6099 122 157
6100 122 158
6101 122 159
6102 122 160
6103 123 0
6104 123 2
6105 123 5
6106 123 8
6107 123 12
6108 123 17
6109 123 19
6110 123 23
6111 123 24
6112 123 29
6113 123 30
6114 123 32
6115 123 34
6116 123 37
6117 123 47
6118 123 52
6119 123 55
6120 123 56
6121 123 60
6122 123 63
6123 123 69
6124 123 72
6125 123 75
6126 123 79
6127 123 88
6128 123 90
6129 123 91
6130 123 92
6131 123 93
6132 123 94
6133 123 96
6134 123 98
6135 123 103
6136 123 106
6137 123 107
6138 123 109
6139 123 116
6140 123 121
6141 123 123
6142 123 126
6143 123 132
6144 123 133
6145 123 134
6146 123 135
6147 123 136
6148 123 137
6149 123 140
6150 123 144
6151 123 149
6152 123 153
6153 123 154
6154 124 0
6155 124 2
6156 124 5
6157 124 8
6158 124 12
6159 124 17
6160 124 19
6161 124 23
6162 124 24
6163 124 26
6164 124 27
6165 124 28
6166 124 31
6167 124 32
6168 124 34
6169 124 37
6170 124 47
6171 124 52
6172 124 55
6173 124 56
6174 124 60
6175 124 64
6176 124 65
6177 124 66
6178 124 69
6179 124 73
6180 124 74
6181 124 76
6182 124 77
6183 124 78
6184 124 79
6185 124 88
6186 124 89
6187 124 93
6188 124 94
6189 124 95
6190 124 96
6191 124 98
6192 124 99
6193 124 100
6194 124 101
6195 124 103
6196 124 106
6197 124 107
6198 124 109
6199 124 110
6200 124 111
6201 124 112
6202 124 113
6203 124 114
6204 124 115
6205 124 116
6206 124 121
6207 124 123
6208 124 126
6209 124 131
6210 124 138
6211 124 139
6212 124 144
6213 124 149
6214 124 153
6215 124 154
6216 125 0
6217 125 2
6218 125 5
6219 125 8
6220 125 12
6221 125 17
6222 125 19
6223 125 23
6224 125 24
6225 125 26
6226 125 28
6227 125 31
6228 125 32
6229 125 34
6230 125 37
6231 125 47
6232 125 48
6233 125 49
6234 125 50
6235 125 51
6236 125 52
6237 125 55
6238 125 56
6239 125 60
6240 125 64
6241 125 65
6242 125 66
6243 125 69
6244 125 73
6245 125 80
6246 125 81
6247 125 82
6248 125 83
6249 125 84
6250 125 85
6251 125 86
6252 125 87
6253 125 90
6254 125 91
6255 125 92
6256 125 97
6257 125 102
6258 125 104
6259 125 105
6260 125 108
6261 125 121
6262 125 122
6263 125 123
6264 125 126
6265 125 127
6266 125 128
6267 125 129
6268 125 130
6269 125 131
6270 125 138
6271 125 139
6272 125 144
6273 125 149
6274 125 153
6275 125 154
6276 126 0
6277 126 2
6278 126 5
6279 126 7
6280 126 8
6281 126 12
6282 126 17
6283 126 19
6284 126 23
6285 126 24
6286 126 26
6287 126 28
6288 126 31
6289 126 32
6290 126 34
6291 126 37
6292 126 42
6293 126 43
6294 126 44
6295 126 46
6296 126 53
6297 126 54
6298 126 56
6299 126 60
6300 126 63
6301 126 67
6302 126 68
6303 126 70
6304 126 71
6305 126 73
6306 126 80
6307 126 87
6308 126 90
6309 126 91
6310 126 92
6311 126 97
6312 126 102
6313 126 105
6314 126 108
6315 126 117
6316 126 118
6317 126 119
6318 126 120
6319 126 124
6320 126 125
6321 126 132
6322 126 133
6323 126 134
6324 126 135
6325 126 136
6326 126 137
6327 126 144
6328 126 149
6329 126 153
6330 126 154
6331 127 0
6332 127 2
6333 127 5
6334 127 6
6335 127 9
6336 127 12
6337 127 17
6338 127 19
6339 127 23
6340 127 24
6341 127 26
6342 127 28
6343 127 31
6344 127 32
6345 127 34
6346 127 37
6347 127 42
6348 127 44
6349 127 46
6350 127 53
6351 127 56
6352 127 60
6353 127 63
6354 127 67
6355 127 68
6356 127 70
6357 127 71
6358 127 73
6359 127 80
6360 127 88
6361 127 89
6362 127 93
6363 127 94
6364 127 95
6365 127 97
6366 127 102
6367 127 105
6368 127 108
6369 127 117
6370 127 120
6371 127 124
6372 127 125
6373 127 132
6374 127 137
6375 127 144
6376 127 149
6377 127 153
6378 127 154
6379 127 156
6380 127 157
6381 127 158
6382 127 159
6383 127 160
6384 128 0
6385 128 2
6386 128 5
6387 128 6
6388 128 9
6389 128 12
6390 128 17
6391 128 19
6392 128 23
6393 128 24
6394 128 26
6395 128 28
6396 128 31
6397 128 32
6398 128 34
6399 128 38
6400 128 39
6401 128 40
6402 128 41
6403 128 44
6404 128 46
6405 128 53
6406 128 56
6407 128 60
6408 128 63
6409 128 67
6410 128 68
6411 128 70
6412 128 71
6413 128 73
6414 128 80
6415 128 83
6416 128 84
6417 128 85
6418 128 86
6419 128 87
6420 128 88
6421 128 89
6422 128 93
6423 128 94
6424 128 95
6425 128 97
6426 128 102
6427 128 105
6428 128 108
6429 128 117
6430 128 121
6431 128 122
6432 128 123
6433 128 125
6434 128 132
6435 128 133
6436 128 134
6437 128 135
6438 128 136
6439 128 137
6440 128 144
6441 128 149
6442 128 153
6443 128 154
6444 128 156
6445 128 160
6446 129 0
6447 129 2
6448 129 5
6449 129 6
6450 129 9
6451 129 12
6452 129 17
6453 129 19
6454 129 22
6455 129 25
6456 129 28
6457 129 31
6458 129 32
6459 129 34
6460 129 44
6461 129 46
6462 129 53
6463 129 56
6464 129 60
6465 129 61
6466 129 62
6467 129 63
6468 129 67
6469 129 68
6470 129 70
6471 129 71
6472 129 73
6473 129 80
6474 129 81
6475 129 82
6476 129 90
6477 129 96
6478 129 97
6479 129 102
6480 129 105
6481 129 108
6482 129 117
6483 129 123
6484 129 126
6485 129 127
6486 129 128
6487 129 129
6488 129 130
6489 129 131
6490 129 138
6491 129 139
6492 129 144
6493 129 148
6494 129 153
6495 129 154
6496 129 156
6497 129 160
6498 130 0
6499 130 2
6500 130 5
6501 130 6
6502 130 9
6503 130 12
6504 130 17
6505 130 19
6506 130 22
6507 130 25
6508 130 28
6509 130 31
6510 130 32
6511 130 34
6512 130 44
6513 130 46
6514 130 53
6515 130 54
6516 130 55
6517 130 56
6518 130 59
6519 130 64
6520 130 65
6521 130 66
6522 130 69
6523 130 72
6524 130 74
6525 130 75
6526 130 76
6527 130 77
6528 130 78
6529 130 79
6530 130 83
6531 130 84
6532 130 85
6533 130 86
6534 130 87
6535 130 88
6536 130 89
6537 130 90
6538 130 96
6539 130 97
6540 130 102
6541 130 105
6542 130 108
6543 130 117
6544 130 123
6545 130 126
6546 130 132
6547 130 133
6548 130 138
6549 130 139
6550 130 144
6551 130 148
6552 130 153
6553 130 154
6554 130 156
6555 130 157
6556 130 158
6557 130 159
6558 130 160
6559 131 0
6560 131 2
6561 131 5
6562 131 6
6563 131 9
6564 131 12
6565 131 17
6566 131 19
6567 131 22
6568 131 25
6569 131 26
6570 131 27
6571 131 28
6572 131 31
6573 131 33
6574 131 44
6575 131 46
6576 131 48
6577 131 49
6578 131 51
6579 131 52
6580 131 57
6581 131 58
6582 131 60
6583 131 61
6584 131 62
6585 131 63
6586 131 67
6587 131 68
6588 131 70
6589 131 71
6590 131 74
6591 131 75
6592 131 79
6593 131 83
6594 131 90
6595 131 96
6596 131 97
6597 131 102
6598 131 105
6599 131 108
6600 131 117
6601 131 121
6602 131 122
6603 131 123
6604 131 126
6605 131 132
6606 131 133
6607 131 138
6608 131 139
6609 131 144
6610 131 148
6611 131 153
6612 131 154
6613 132 0
6614 132 2
6615 132 5
6616 132 6
6617 132 9
6618 132 12
6619 132 17
6620 132 19
6621 132 20
6622 132 21
6623 132 22
6624 132 24
6625 132 31
6626 132 44
6627 132 47
6628 132 49
6629 132 51
6630 132 52
6631 132 57
6632 132 58
6633 132 60
6634 132 63
6635 132 67
6636 132 68
6637 132 70
6638 132 71
6639 132 76
6640 132 79
6641 132 83
6642 132 84
6643 132 85
6644 132 86
6645 132 87
6646 132 88
6647 132 89
6648 132 90
6649 132 96
6650 132 97
6651 132 102
6652 132 105
6653 132 108
6654 132 117
6655 132 120
6656 132 124
6657 132 125
6658 132 127
6659 132 128
6660 132 129
6661 132 130
6662 132 131
6663 132 134
6664 132 135
6665 132 136
6666 132 137
6667 132 139
6668 132 144
6669 132 148
6670 132 153
6671 132 154
6672 133 0
6673 133 2
6674 133 5
6675 133 6
6676 133 9
6677 133 12
6678 133 13
6679 133 17
6680 133 19
6681 133 20
6682 133 21
6683 133 22
6684 133 24
6685 133 31
6686 133 44
6687 133 47
6688 133 49
6689 133 51
6690 133 52
6691 133 57
6692 133 58
6693 133 60
6694 133 63
6695 133 67
6696 133 68
6697 133 70
6698 133 71
6699 133 76
6700 133 79
6701 133 91
6702 133 92
6703 133 93
6704 133 94
6705 133 95
6706 133 97
6707 133 102
6708 133 103
6709 133 104
6710 133 105
6711 133 108
6712 133 117
6713 133 120
6714 133 124
6715 133 125
6716 133 127
6717 133 131
6718 133 134
6719 133 137
6720 133 139
6721 133 144
6722 133 146
6723 133 147
6724 133 148
6725 133 153
6726 133 154
6727 134 0
6728 134 2
6729 134 5
6730 134 7
6731 134 9
6732 134 10
6733 134 11
6734 134 14
6735 134 16
6736 134 18
6737 134 23
6738 134 24
6739 134 29
6740 134 30
6741 134 44
6742 134 47
6743 134 49
6744 134 51
6745 134 52
6746 134 57
6747 134 58
6748 134 60
6749 134 63
6750 134 67
6751 134 68
6752 134 70
6753 134 71
6754 134 76
6755 134 79
6756 134 91
6757 134 97
6758 134 99
6759 134 100
6760 134 101
6761 134 106
6762 134 107
6763 134 109
6764 134 110
6765 134 111
6766 134 112
6767 134 117
6768 134 120
6769 134 124
6770 134 125
6771 134 127
6772 134 131
6773 134 134
6774 134 135
6775 134 136
6776 134 137
6777 134 139
6778 134 144
6779 134 145
6780 134 153
6781 134 154
6782 135 0
6783 135 2
6784 135 5
6785 135 7
6786 135 9
6787 135 10
6788 135 11
6789 135 14
6790 135 16
6791 135 18
6792 135 23
6793 135 24
6794 135 29
6795 135 44
6796 135 47
6797 135 49
6798 135 51
6799 135 52
6800 135 57
6801 135 58
6802 135 60
6803 135 61
6804 135 62
6805 135 63
6806 135 67
6807 135 68
6808 135 70
6809 135 71
6810 135 76
6811 135 79
6812 135 91
6813 135 97
6814 135 99
6815 135 101
6816 135 106
6817 135 107
6818 135 109
6819 135 113
6820 135 114
6821 135 115
6822 135 116
6823 135 118
6824 135 119
6825 135 120
6826 135 124
6827 135 125
6828 135 127
6829 135 132
6830 135 133
6831 135 138
6832 135 140
6833 135 141
6834 135 142
6835 135 143
6836 135 146
6837 135 147
6838 135 148
6839 135 149
6840 135 150
6841 135 151
6842 135 152
6843 135 154
6844 136 0
6845 136 2
6846 136 5
6847 136 8
6848 136 12
6849 136 13
6850 136 16
6851 136 18
6852 136 23
6853 136 24
6854 136 29
6855 136 44
6856 136 47
6857 136 49
6858 136 51
6859 136 52
6860 136 57
6861 136 59
6862 136 64
6863 136 65
6864 136 67
6865 136 68
6866 136 70
6867 136 71
6868 136 76
6869 136 79
6870 136 87
6871 136 88
6872 136 91
6873 136 92
6874 136 97
6875 136 99
6876 136 101
6877 136 108
6878 136 117
6879 136 120
6880 136 124
6881 136 125
6882 136 127
6883 136 128
6884 136 129
6885 136 130
6886 136 131
6887 136 133
6888 136 138
6889 136 140
6890 136 141
6891 136 142
6892 136 143
6893 136 146
6894 136 147
6895 136 148
6896 136 149
6897 136 150
6898 136 151
6899 136 152
6900 136 154
6901 137 0
6902 137 2
6903 137 5
6904 137 8
6905 137 12
6906 137 16
6907 137 18
6908 137 23
6909 137 24
6910 137 29
6911 137 44
6912 137 47
6913 137 49
6914 137 51
6915 137 52
6916 137 57
6917 137 59
6918 137 64
6919 137 65
6920 137 67
6921 137 68
6922 137 70
6923 137 71
6924 137 76
6925 137 79
6926 137 84
6927 137 85
6928 137 86
6929 137 89
6930 137 90
6931 137 93
6932 137 97
6933 137 99
6934 137 101
6935 137 109
6936 137 117
6937 137 120
6938 137 126
6939 137 132
6940 137 133
6941 137 138
6942 137 139
6943 137 140
6944 137 144
6945 137 145
6946 137 153
6947 138 0
6948 138 2
6949 138 5
6950 138 8
6951 138 12
6952 138 16
6953 138 18
6954 138 22
6955 138 24
6956 138 29
6957 138 44
6958 138 47
6959 138 49
6960 138 51
6961 138 52
6962 138 57
6963 138 59
6964 138 64
6965 138 65
6966 138 67
6967 138 68
6968 138 70
6969 138 71
6970 138 76
6971 138 79
6972 138 84
6973 138 86
6974 138 89
6975 138 90
6976 138 93
6977 138 97
6978 138 99
6979 138 101
6980 138 109
6981 138 110
6982 138 111
6983 138 112
6984 138 113
6985 138 114
6986 138 117
6987 138 120
6988 138 126
6989 138 132
6990 138 133
6991 138 138
6992 138 140
6993 138 144
6994 138 145
6995 138 153
6996 139 0
6997 139 2
6998 139 5
6999 139 8
7000 139 12
7001 139 13
7002 139 16
7003 139 18
7004 139 22
7005 139 24
7006 139 29
7007 139 44
7008 139 47
7009 139 48
7010 139 49
7011 139 51
7012 139 52
7013 139 57
7014 139 59
7015 139 64
7016 139 65
7017 139 67
7018 139 68
7019 139 70
7020 139 71
7021 139 76
7022 139 77
7023 139 78
7024 139 79
7025 139 84
7026 139 86
7027 139 89
7028 139 90
7029 139 93
7030 139 97
7031 139 99
7032 139 101
7033 139 104
7034 139 105
7035 139 106
7036 139 107
7037 139 108
7038 139 115
7039 139 117
7040 139 120
7041 139 126
7042 139 132
7043 139 133
7044 139 138
7045 139 139
7046 139 141
7047 139 142
7048 139 143
7049 139 146
7050 139 147
7051 139 151
7052 139 152
7053 139 154
7054 139 155
7055 139 156
7056 139 158
7057 139 159
7058 140 0
7059 140 2
7060 140 5
7061 140 8
7062 140 10
7063 140 11
7064 140 14
7065 140 16
7066 140 18
7067 140 22
7068 140 24
7069 140 29
7070 140 44
7071 140 47
7072 140 49
7073 140 51
7074 140 52
7075 140 58
7076 140 59
7077 140 66
7078 140 69
7079 140 80
7080 140 81
7081 140 82
7082 140 84
7083 140 86
7084 140 89
7085 140 90
7086 140 93
7087 140 97
7088 140 99
7089 140 101
7090 140 104
7091 140 108
7092 140 115
7093 140 117
7094 140 120
7095 140 126
7096 140 134
7097 140 135
7098 140 136
7099 140 137
7100 140 140
7101 140 146
7102 140 147
7103 140 151
7104 140 152
7105 140 154
7106 140 155
7107 140 156
7108 140 158
7109 140 160
7110 141 0
7111 141 2
7112 141 5
7113 141 6
7114 141 7
7115 141 8
7116 141 10
7117 141 11
7118 141 14
7119 141 15
7120 141 16
7121 141 18
7122 141 22
7123 141 24
7124 141 29
7125 141 42
7126 141 43
7127 141 44
7128 141 47
7129 141 49
7130 141 51
7131 141 52
7132 141 58
7133 141 59
7134 141 67
7135 141 68
7136 141 70
7137 141 71
7138 141 72
7139 141 73
7140 141 74
7141 141 75
7142 141 76
7143 141 77
7144 141 78
7145 141 79
7146 141 84
7147 141 86
7148 141 89
7149 141 90
7150 141 93
7151 141 97
7152 141 99
7153 141 101
7154 141 104
7155 141 108
7156 141 115
7157 141 117
7158 141 120
7159 141 126
7160 141 134
7161 141 135
7162 141 136
7163 141 137
7164 141 141
7165 141 142
7166 141 143
7167 141 144
7168 141 145
7169 141 151
7170 141 152
7171 141 156
7172 141 158
7173 141 160
7174 142 0
7175 142 3
7176 142 4
7177 142 9
7178 142 12
7179 142 13
7180 142 16
7181 142 18
7182 142 22
7183 142 24
7184 142 29
7185 142 41
7186 142 44
7187 142 47
7188 142 49
7189 142 51
7190 142 52
7191 142 58
7192 142 59
7193 142 67
7194 142 68
7195 142 70
7196 142 79
7197 142 84
7198 142 85
7199 142 86
7200 142 89
7201 142 90
7202 142 93
7203 142 94
7204 142 95
7205 142 96
7206 142 97
7207 142 99
7208 142 100
7209 142 101
7210 142 104
7211 142 105
7212 142 106
7213 142 107
7214 142 108
7215 142 115
7216 142 117
7217 142 120
7218 142 126
7219 142 128
7220 142 129
7221 142 130
7222 142 131
7223 142 132
7224 142 133
7225 142 138
7226 142 139
7227 142 140
7228 142 144
7229 142 145
7230 142 151
7231 142 152
7232 142 156
7233 142 158
7234 142 160
7235 143 0
7236 143 4
7237 143 9
7238 143 12
7239 143 13
7240 143 16
7241 143 18
7242 143 22
7243 143 24
7244 143 29
7245 143 32
7246 143 33
7247 143 38
7248 143 39
7249 143 40
7250 143 41
7251 143 44
7252 143 47
7253 143 49
7254 143 51
7255 143 52
7256 143 58
7257 143 59
7258 143 67
7259 143 68
7260 143 70
7261 143 79
7262 143 83
7263 143 87
7264 143 88
7265 143 91
7266 143 92
7267 143 98
7268 143 102
7269 143 103
7270 143 109
7271 143 110
7272 143 111
7273 143 112
7274 143 113
7275 143 114
7276 143 117
7277 143 120
7278 143 126
7279 143 128
7280 143 133
7281 143 138
7282 143 139
7283 143 140
7284 143 144
7285 143 145
7286 143 151
7287 143 152
7288 143 156
7289 143 158
7290 143 160
7291 144 0
7292 144 4
7293 144 9
7294 144 12
7295 144 13
7296 144 16
7297 144 18
7298 144 22
7299 144 24
7300 144 29
7301 144 31
7302 144 34
7303 144 37
7304 144 42
7305 144 43
7306 144 47
7307 144 49
7308 144 51
7309 144 52
7310 144 58
7311 144 59
7312 144 67
7313 144 68
7314 144 70
7315 144 79
7316 144 83
7317 144 87
7318 144 88
7319 144 91
7320 144 92
7321 144 98
7322 144 102
7323 144 103
7324 144 109
7325 144 117
7326 144 120
7327 144 124
7328 144 125
7329 144 128
7330 144 132
7331 144 134
7332 144 135
7333 144 136
7334 144 137
7335 144 141
7336 144 142
7337 144 143
7338 144 146
7339 144 147
7340 144 148
7341 144 149
7342 144 150
7343 144 151
7344 144 152
7345 144 156
7346 144 158
7347 144 160
7348 145 0
7349 145 4
7350 145 9
7351 145 12
7352 145 13
7353 145 16
7354 145 18
7355 145 22
7356 145 24
7357 145 29
7358 145 30
7359 145 31
7360 145 34
7361 145 35
7362 145 37
7363 145 42
7364 145 43
7365 145 45
7366 145 46
7367 145 48
7368 145 50
7369 145 53
7370 145 54
7371 145 55
7372 145 56
7373 145 57
7374 145 59
7375 145 67
7376 145 68
7377 145 70
7378 145 79
7379 145 83
7380 145 87
7381 145 88
7382 145 91
7383 145 92
7384 145 98
7385 145 102
7386 145 103
7387 145 109
7388 145 110
7389 145 117
7390 145 120
7391 145 124
7392 145 125
7393 145 128
7394 145 132
7395 145 134
7396 145 138
7397 145 139
7398 145 140
7399 145 144
7400 145 145
7401 145 152
7402 145 156
7403 145 158
7404 145 160
7405 146 0
7406 146 4
7407 146 9
7408 146 12
7409 146 13
7410 146 16
7411 146 18
7412 146 23
7413 146 25
7414 146 26
7415 146 27
7416 146 28
7417 146 32
7418 146 33
7419 146 36
7420 146 37
7421 146 42
7422 146 43
7423 146 45
7424 146 46
7425 146 48
7426 146 50
7427 146 53
7428 146 59
7429 146 67
7430 146 68
7431 146 70
7432 146 79
7433 146 82
7434 146 84
7435 146 85
7436 146 86
7437 146 93
7438 146 94
7439 146 98
7440 146 99
7441 146 100
7442 146 101
7443 146 104
7444 146 105
7445 146 106
7446 146 107
7447 146 108
7448 146 111
7449 146 117
7450 146 120
7451 146 124
7452 146 125
7453 146 128
7454 146 132
7455 146 134
7456 146 140
7457 146 144
7458 146 145
7459 146 152
7460 146 156
7461 146 158
7462 146 160
7463 147 0
7464 147 4
7465 147 16
7466 147 17
7467 147 19
7468 147 20
7469 147 21
7470 147 23
7471 147 25
7472 147 28
7473 147 32
7474 147 33
7475 147 36
7476 147 37
7477 147 42
7478 147 43
7479 147 45
7480 147 46
7481 147 49
7482 147 51
7483 147 52
7484 147 54
7485 147 59
7486 147 67
7487 147 69
7488 147 79
7489 147 82
7490 147 84
7491 147 85
7492 147 86
7493 147 93
7494 147 94
7495 147 98
7496 147 108
7497 147 111
7498 147 117
7499 147 120
7500 147 124
7501 147 125
7502 147 128
7503 147 132
7504 147 134
7505 147 140
7506 147 144
7507 147 145
7508 147 152
7509 147 154
7510 147 155
7511 147 158
7512 147 160
7513 148 0
7514 148 4
7515 148 16
7516 148 17
7517 148 19
7518 148 21
7519 148 23
7520 148 25
7521 148 28
7522 148 32
7523 148 34
7524 148 35
7525 148 38
7526 148 39
7527 148 42
7528 148 43
7529 148 45
7530 148 46
7531 148 49
7532 148 51
7533 148 52
7534 148 54
7535 148 59
7536 148 64
7537 148 65
7538 148 66
7539 148 76
7540 148 77
7541 148 78
7542 148 79
7543 148 80
7544 148 81
7545 148 87
7546 148 88
7547 148 89
7548 148 93
7549 148 94
7550 148 98
7551 148 108
7552 148 111
7553 148 117
7554 148 120
7555 148 124
7556 148 125
7557 148 128
7558 148 132
7559 148 134
7560 148 140
7561 148 144
7562 148 146
7563 148 152
7564 148 154
7565 148 155
7566 148 158
7567 148 160
7568 149 0
7569 149 4
7570 149 16
7571 149 19
7572 149 21
7573 149 23
7574 149 25
7575 149 28
7576 149 32
7577 149 34
7578 149 35
7579 149 38
7580 149 39
7581 149 42
7582 149 43
7583 149 45
7584 149 46
7585 149 49
7586 149 51
7587 149 52
7588 149 54
7589 149 55
7590 149 56
7591 149 60
7592 149 61
7593 149 62
7594 149 63
7595 149 64
7596 149 67
7597 149 75
7598 149 80
7599 149 81
7600 149 87
7601 149 89
7602 149 93
7603 149 94
7604 149 98
7605 149 108
7606 149 111
7607 149 118
7608 149 119
7609 149 121
7610 149 124
7611 149 125
7612 149 128
7613 149 132
7614 149 134
7615 149 137
7616 149 138
7617 149 139
7618 149 140
7619 149 144
7620 149 145
7621 149 146
7622 149 152
7623 149 154
7624 149 155
7625 149 158
7626 149 160
7627 150 0
7628 150 4
7629 150 16
7630 150 19
7631 150 21
7632 150 23
7633 150 25
7634 150 28
7635 150 32
7636 150 34
7637 150 35
7638 150 40
7639 150 41
7640 150 45
7641 150 46
7642 150 49
7643 150 51
7644 150 52
7645 150 57
7646 150 59
7647 150 65
7648 150 66
7649 150 75
7650 150 80
7651 150 81
7652 150 87
7653 150 88
7654 150 89
7655 150 93
7656 150 94
7657 150 98
7658 150 108
7659 150 111
7660 150 112
7661 150 113
7662 150 114
7663 150 115
7664 150 116
7665 150 117
7666 150 118
7667 150 119
7668 150 121
7669 150 124
7670 150 125
7671 150 128
7672 150 130
7673 150 132
7674 150 134
7675 150 136
7676 150 141
7677 150 142
7678 150 143
7679 150 146
7680 150 152
7681 150 154
7682 150 155
7683 150 158
7684 150 160
7685 151 0
7686 151 4
7687 151 16
7688 151 19
7689 151 21
7690 151 23
7691 151 25
7692 151 29
7693 151 30
7694 151 31
7695 151 33
7696 151 36
7697 151 37
7698 151 38
7699 151 39
7700 151 42
7701 151 43
7702 151 44
7703 151 46
7704 151 49
7705 151 51
7706 151 52
7707 151 57
7708 151 59
7709 151 65
7710 151 66
7711 151 67
7712 151 68
7713 151 69
7714 151 70
7715 151 71
7716 151 72
7717 151 73
7718 151 74
7719 151 75
7720 151 76
7721 151 77
7722 151 78
7723 151 79
7724 151 82
7725 151 83
7726 151 84
7727 151 85
7728 151 86
7729 151 90
7730 151 91
7731 151 92
7732 151 95
7733 151 98
7734 151 109
7735 151 110
7736 151 121
7737 151 124
7738 151 125
7739 151 128
7740 151 129
7741 151 131
7742 151 132
7743 151 134
7744 151 135
7745 151 136
7746 151 141
7747 151 144
7748 151 145
7749 151 147
7750 151 148
7751 151 149
7752 151 150
7753 151 151
7754 151 153
7755 151 155
7756 151 158
7757 151 160
7758 152 0
7759 152 4
7760 152 16
7761 152 19
7762 152 21
7763 152 23
7764 152 25
7765 152 26
7766 152 27
7767 152 28
7768 152 29
7769 152 30
7770 152 31
7771 152 33
7772 152 36
7773 152 39
7774 152 42
7775 152 46
7776 152 49
7777 152 51
7778 152 52
7779 152 57
7780 152 59
7781 152 64
7782 152 80
7783 152 81
7784 152 86
7785 152 89
7786 152 92
7787 152 95
7788 152 98
7789 152 110
7790 152 121
7791 152 126
7792 152 127
7793 152 130
7794 152 131
7795 152 133
7796 152 136
7797 152 141
7798 152 142
7799 152 143
7800 152 144
7801 152 145
7802 152 147
7803 152 148
7804 152 149
7805 152 150
7806 152 151
7807 152 153
7808 152 154
7809 152 155
7810 152 156
7811 152 158
7812 152 159
7813 153 0
7814 153 4
7815 153 16
7816 153 19
7817 153 21
7818 153 24
7819 153 32
7820 153 34
7821 153 35
7822 153 39
7823 153 42
7824 153 44
7825 153 45
7826 153 46
7827 153 49
7828 153 51
7829 153 52
7830 153 57
7831 153 59
7832 153 65
7833 153 66
7834 153 80
7835 153 86
7836 153 89
7837 153 91
7838 153 95
7839 153 98
7840 153 110
7841 153 121
7842 153 126
7843 153 127
7844 153 130
7845 153 131
7846 153 133
7847 153 137
7848 153 138
7849 153 139
7850 153 140
7851 153 146
7852 153 157
7853 153 159
7854 154 0
7855 154 4
7856 154 16
7857 154 19
7858 154 21
7859 154 24
7860 154 32
7861 154 34
7862 154 39
7863 154 42
7864 154 43
7865 154 49
7866 154 51
7867 154 52
7868 154 57
7869 154 59
7870 154 65
7871 154 66
7872 154 80
7873 154 86
7874 154 89
7875 154 91
7876 154 95
7877 154 98
7878 154 110
7879 154 121
7880 154 126
7881 154 127
7882 154 130
7883 154 131
7884 154 133
7885 154 137
7886 154 140
7887 154 146
7888 154 157
7889 154 159
7890 155 0
7891 155 4
7892 155 14
7893 155 15
7894 155 16
7895 155 19
7896 155 21
7897 155 24
7898 155 32
7899 155 34
7900 155 39
7901 155 42
7902 155 43
7903 155 45
7904 155 49
7905 155 51
7906 155 52
7907 155 57
7908 155 58
7909 155 59
7910 155 65
7911 155 66
7912 155 81
7913 155 87
7914 155 88
7915 155 91
7916 155 95
7917 155 98
7918 155 110
7919 155 121
7920 155 126
7921 155 127
7922 155 130
7923 155 131
7924 155 133
7925 155 137
7926 155 140
7927 155 146
7928 155 157
7929 155 159
7930 156 0
7931 156 4
7932 156 14
7933 156 16
7934 156 19
7935 156 21
7936 156 24
7937 156 32
7938 156 34
7939 156 39
7940 156 42
7941 156 43
7942 156 45
7943 156 50
7944 156 53
7945 156 54
7946 156 55
7947 156 56
7948 156 60
7949 156 61
7950 156 63
7951 156 64
7952 156 67
7953 156 68
7954 156 69
7955 156 70
7956 156 71
7957 156 72
7958 156 73
7959 156 74
7960 156 75
7961 156 81
7962 156 89
7963 156 90
7964 156 91
7965 156 95
7966 156 98
7967 156 99
7968 156 100
7969 156 101
7970 156 103
7971 156 104
7972 156 105
7973 156 106
7974 156 107
7975 156 108
7976 156 109
7977 156 110
7978 156 121
7979 156 123
7980 156 124
7981 156 125
7982 156 128
7983 156 129
7984 156 132
7985 156 133
7986 156 137
7987 156 140
7988 156 146
7989 156 157
7990 156 158
7991 156 159
7992 157 0
7993 157 4
7994 157 14
7995 157 16
7996 157 19
7997 157 21
7998 157 24
7999 157 32
8000 157 34
8001 157 39
8002 157 44
8003 157 46
8004 157 47
8005 157 48
8006 157 49
8007 157 51
8008 157 52
8009 157 57
8010 157 58
8011 157 59
8012 157 62
8013 157 65
8014 157 66
8015 157 76
8016 157 77
8017 157 78
8018 157 79
8019 157 80
8020 157 88
8021 157 92
8022 157 93
8023 157 94
8024 157 96
8025 157 97
8026 157 102
8027 157 111
8028 157 112
8029 157 113
8030 157 114
8031 157 115
8032 157 116
8033 157 117
8034 157 118
8035 157 119
8036 157 120
8037 157 122
8038 157 126
8039 157 127
8040 157 130
8041 157 131
8042 157 133
8043 157 137
8044 157 140
8045 157 146
8046 157 160
8047 158 0
8048 158 5
8049 158 6
8050 158 7
8051 158 8
8052 158 9
8053 158 10
8054 158 14
8055 158 16
8056 158 19
8057 158 21
8058 158 24
8059 158 25
8060 158 26
8061 158 27
8062 158 28
8063 158 29
8064 158 30
8065 158 31
8066 158 32
8067 158 34
8068 158 39
8069 158 45
8070 158 49
8071 158 51
8072 158 52
8073 158 57
8074 158 59
8075 158 62
8076 158 65
8077 158 66
8078 158 76
8079 158 88
8080 158 92
8081 158 94
8082 158 96
8083 158 97
8084 158 102
8085 158 111
8086 158 120
8087 158 122
8088 158 126
8089 158 127
8090 158 130
8091 158 133
8092 158 137
8093 158 140
8094 158 146
8095 158 160
8096 159 0
8097 159 10
8098 159 14
8099 159 16
8100 159 19
8101 159 21
8102 159 24
8103 159 33
8104 159 36
8105 159 37
8106 159 39
8107 159 45
8108 159 49
8109 159 51
8110 159 52
8111 159 57
8112 159 59
8113 159 62
8114 159 65
8115 159 66
8116 159 76
8117 159 77
8118 159 78
8119 159 79
8120 159 80
8121 159 81
8122 159 82
8123 159 83
8124 159 84
8125 159 85
8126 159 86
8127 159 87
8128 159 88
8129 159 89
8130 159 90
8131 159 91
8132 159 92
8133 159 93
8134 159 95
8135 159 98
8136 159 99
8137 159 100
8138 159 101
8139 159 103
8140 159 111
8141 159 112
8142 159 113
8143 159 114
8144 159 120
8145 159 122
8146 159 126
8147 159 127
8148 159 130
8149 159 133
8150 159 137
8151 159 140
8152 159 146
8153 159 154
8154 159 155
8155 159 156
8156 159 157
8157 159 158
8158 159 159
8159 160 0
8160 160 1
8161 160 2
8162 160 3
8163 160 4
8164 160 5
8165 160 6
8166 160 7
8167 160 8
8168 160 9
8169 160 10
8170 160 14
8171 160 15
8172 160 16
8173 160 19
8174 160 20
8175 160 21
8176 160 24
8177 160 25
8178 160 26
8179 160 27
8180 160 28
8181 160 29
8182 160 30
8183 160 31
8184 160 32
8185 160 33
8186 160 34
8187 160 35
8188 160 38
8189 160 39
8190 160 45
8191 160 46
8192 160 47
8193 160 48
8194 160 49
8195 160 51
8196 160 52
8197 160 57
8198 160 58
8199 160 59
8200 160 62
8201 160 65
8202 160 66
8203 160 94
8204 160 96
8205 160 97
8206 160 102
8207 160 104
8208 160 105
8209 160 106
8210 160 107
8211 160 108
8212 160 109
8213 160 110
8214 160 115
8215 160 116
8216 160 117
8217 160 118
8218 160 119
8219 160 120
8220 160 122
8221 160 126
8222 160 127
8223 160 130
8224 160 131
8225 160 132
8226 160 133
8227 160 137
8228 160 138
8229 160 139
8230 160 140
8231 160 146
8232 160 154
8233 160 155
8234 160 156
8235 160 157
8236 160 158
8237 160 159
