5670
0 0 1
1 0 2
2 1 1
3 1 2
4 1 39
5 1 40
6 1 41
7 1 42
8 1 43
9 1 44
10 1 45
11 1 46
12 1 47
13 1 48
14 1 49
15 1 50
16 1 51
17 1 52
18 1 53
19 1 54
20 1 55
21 1 56
22 1 57
23 1 58
24 1 59
25 1 60
26 1 61
27 1 62
28 1 63
29 1 64
30 1 65
31 1 66
32 1 67
33 1 68
34 1 69
35 1 70
36 1 71
37 1 72
38 1 73
39 1 74
40 1 75
41 1 76
42 1 77
43 1 78
44 1 79
45 1 80
46 1 81
47 1 82
48 1 83
49 1 84
50 1 85
51 1 86
52 1 94
53 1 95
54 1 96
55 1 97
56 1 98
57 1 99
58 1 100
59 1 101
60 1 102
61 1 103
62 1 104
63 1 105
64 1 106
65 1 107
66 1 108
67 1 109
68 1 110
69 1 111
70 1 112
71 1 113
72 1 114
73 1 115
74 1 116
75 1 117
76 1 118
77 1 119
78 1 120
79 1 121
80 1 122
81 1 123
82 1 127
83 1 128
84 1 129
85 1 130
86 1 131
87 1 132
88 1 133
89 1 134
90 1 135
91 1 136
92 1 137
93 1 138
94 1 139
95 1 140
96 1 141
97 1 142
98 1 143
99 1 144
100 1 145
101 1 146
102 1 147
103 1 148
104 1 149
105 1 150
106 1 151
107 1 152
108 1 153
109 1 154
110 1 155
111 1 156
112 1 157
113 1 158
114 1 159
115 1 160
116 2 1
117 2 3
118 2 4
119 2 5
120 2 6
121 2 7
122 2 8
123 2 9
124 2 10
125 2 94
126 2 116
127 2 127
128 2 160
129 3 1
130 3 2
131 3 3
132 3 4
133 3 5
134 3 6
135 3 7
136 3 10
137 3 13
138 3 14
139 3 15
140 3 16
141 3 17
142 3 18
143 3 19
144 3 20
145 3 21
146 3 22
147 3 23
148 3 24
149 3 25
150 3 26
151 3 27
152 3 41
153 3 42
154 3 43
155 3 44
156 3 45
157 3 46
158 3 47
159 3 48
160 3 49
161 3 50
162 3 51
163 3 52
164 3 53
165 3 54
166 3 55
167 3 56
168 3 57
169 3 58
170 3 59
171 3 60
172 3 61
173 3 62
174 3 63
175 3 64
176 3 65
177 3 66
178 3 67
179 3 68
180 3 69
181 3 70
182 3 71
183 3 72
184 3 73
185 3 74
186 3 75
187 3 76
188 3 77
189 3 78
190 3 79
191 3 80
192 3 81
193 3 82
194 3 83
195 3 84
196 3 85
197 3 86
198 3 87
199 3 88
200 3 89
201 3 94
202 3 116
203 3 127
204 3 128
205 3 129
206 3 130
207 3 131
208 3 132
209 3 133
210 3 134
211 3 135
212 3 136
213 3 137
214 3 138
215 3 139
216 3 140
217 3 141
218 3 142
219 3 143
220 3 144
221 3 145
222 3 146
223 3 147
224 3 148
225 3 149
226 3 150
227 3 151
228 3 152
229 3 153
230 3 154
231 3 155
232 3 156
233 3 157
234 3 158
235 3 159
236 3 160
237 4 8
238 4 10
239 4 13
240 4 27
241 4 41
242 4 42
243 4 43
244 4 44
245 4 45
246 4 46
247 4 47
248 4 48
249 4 49
250 4 50
251 4 51
252 4 52
253 4 53
254 4 54
255 4 55
256 4 56
257 4 57
258 4 58
259 4 59
260 4 60
261 4 61
262 4 62
263 4 63
264 4 64
265 4 65
266 4 66
267 4 67
268 4 68
269 4 69
270 4 70
271 4 71
272 4 72
273 4 73
274 4 74
275 4 75
276 4 76
277 4 77
278 4 78
279 4 79
280 4 80
281 4 81
282 4 82
283 4 83
284 4 84
285 4 85
286 4 86
287 4 87
288 4 88
289 4 89
290 4 94
291 4 95
292 4 117
293 4 118
294 4 119
295 4 120
296 4 121
297 4 122
298 4 123
299 4 124
300 4 125
301 4 126
302 5 8
303 5 9
304 5 10
305 5 13
306 5 27
307 5 30
308 5 31
309 5 90
310 5 91
311 5 96
312 5 126
313 6 11
314 6 12
315 6 27
316 6 30
317 6 31
318 6 44
319 6 45
320 6 46
321 6 47
322 6 48
323 6 49
324 6 50
325 6 51
326 6 52
327 6 53
328 6 54
329 6 55
330 6 56
331 6 57
332 6 58
333 6 59
334 6 60
335 6 61
336 6 62
337 6 63
338 6 64
339 6 65
340 6 66
341 6 67
342 6 68
343 6 69
344 6 70
345 6 71
346 6 72
347 6 73
348 6 74
349 6 75
350 6 76
351 6 77
352 6 78
353 6 79
354 6 80
355 6 81
356 6 82
357 6 83
358 6 84
359 6 85
360 6 86
361 6 87
362 6 88
363 6 89
364 6 96
365 6 126
366 7 11
367 7 12
368 7 13
369 7 14
370 7 15
371 7 16
372 7 17
373 7 18
374 7 19
375 7 20
376 7 21
377 7 22
378 7 23
379 7 24
380 7 25
381 7 26
382 7 27
383 7 30
384 7 31
385 7 44
386 7 89
387 7 96
388 7 127
389 8 28
390 8 29
391 8 44
392 8 56
393 8 57
394 8 58
395 8 59
396 8 60
397 8 61
398 8 62
399 8 63
400 8 64
401 8 65
402 8 66
403 8 67
404 8 68
405 8 69
406 8 70
407 8 71
408 8 72
409 8 73
410 8 74
411 8 75
412 8 76
413 8 77
414 8 78
415 8 79
416 8 80
417 8 81
418 8 82
419 8 83
420 8 84
421 8 85
422 8 86
423 8 87
424 8 88
425 8 89
426 8 96
427 8 127
428 8 145
429 8 146
430 8 147
431 8 148
432 8 149
433 8 150
434 8 151
435 8 152
436 8 153
437 8 154
438 8 155
439 8 156
440 8 157
441 8 158
442 8 159
443 8 160
444 9 8
445 9 9
446 9 10
447 9 28
448 9 29
449 9 44
450 9 55
451 9 96
452 9 127
453 9 145
454 9 146
455 9 147
456 9 148
457 9 160
458 10 4
459 10 5
460 10 6
461 10 7
462 10 10
463 10 28
464 10 29
465 10 44
466 10 55
467 10 96
468 10 127
469 10 139
470 10 140
471 10 141
472 10 142
473 10 143
474 10 144
475 10 149
476 10 160
477 11 4
478 11 10
479 11 28
480 11 29
481 11 44
482 11 54
483 11 55
484 11 96
485 11 127
486 11 138
487 11 139
488 11 140
489 11 141
490 11 142
491 11 149
492 11 160
493 12 4
494 12 10
495 12 28
496 12 29
497 12 44
498 12 53
499 12 56
500 12 96
501 12 128
502 12 129
503 12 137
504 12 149
505 12 153
506 12 154
507 12 155
508 12 156
509 12 157
510 12 158
511 12 159
512 12 160
513 13 4
514 13 10
515 13 28
516 13 29
517 13 44
518 13 53
519 13 57
520 13 58
521 13 59
522 13 60
523 13 61
524 13 62
525 13 63
526 13 64
527 13 65
528 13 66
529 13 76
530 13 77
531 13 78
532 13 79
533 13 80
534 13 81
535 13 82
536 13 83
537 13 84
538 13 85
539 13 86
540 13 87
541 13 96
542 13 97
543 13 98
544 13 99
545 13 100
546 13 101
547 13 102
548 13 103
549 13 104
550 13 105
551 13 106
552 13 107
553 13 108
554 13 109
555 13 110
556 13 111
557 13 112
558 13 113
559 13 114
560 13 115
561 13 116
562 13 117
563 13 118
564 13 119
565 13 120
566 13 121
567 13 122
568 13 123
569 13 124
570 13 125
571 13 126
572 13 127
573 13 128
574 13 129
575 13 137
576 13 149
577 13 152
578 14 0
579 14 1
580 14 2
581 14 3
582 14 5
583 14 10
584 14 28
585 14 29
586 14 44
587 14 53
588 14 57
589 14 64
590 14 71
591 14 72
592 14 73
593 14 74
594 14 75
595 14 88
596 14 89
597 14 90
598 14 91
599 14 92
600 14 93
601 14 94
602 14 95
603 14 131
604 14 132
605 14 133
606 14 134
607 14 135
608 14 136
609 14 138
610 14 139
611 14 140
612 14 141
613 14 142
614 14 143
615 14 144
616 14 145
617 14 146
618 14 147
619 14 148
620 14 153
621 14 154
622 14 155
623 14 156
624 14 157
625 15 0
626 15 1
627 15 3
628 15 5
629 15 10
630 15 28
631 15 29
632 15 44
633 15 53
634 15 57
635 15 64
636 15 71
637 15 75
638 15 88
639 15 95
640 15 98
641 15 99
642 15 100
643 15 101
644 15 102
645 15 103
646 15 104
647 15 105
648 15 106
649 15 107
650 15 108
651 15 109
652 15 131
653 15 136
654 15 138
655 15 157
656 16 2
657 16 3
658 16 5
659 16 10
660 16 28
661 16 30
662 16 31
663 16 32
664 16 33
665 16 34
666 16 35
667 16 44
668 16 53
669 16 58
670 16 59
671 16 60
672 16 61
673 16 62
674 16 63
675 16 64
676 16 71
677 16 72
678 16 73
679 16 74
680 16 75
681 16 88
682 16 89
683 16 90
684 16 91
685 16 92
686 16 93
687 16 94
688 16 95
689 16 98
690 16 99
691 16 100
692 16 101
693 16 102
694 16 103
695 16 104
696 16 105
697 16 106
698 16 107
699 16 108
700 16 109
701 16 131
702 16 132
703 16 133
704 16 134
705 16 135
706 16 136
707 16 138
708 16 144
709 16 145
710 16 146
711 16 147
712 16 148
713 16 149
714 16 150
715 16 151
716 16 152
717 16 153
718 16 154
719 16 155
720 16 157
721 17 2
722 17 3
723 17 5
724 17 10
725 17 28
726 17 35
727 17 44
728 17 54
729 17 55
730 17 56
731 17 57
732 17 65
733 17 66
734 17 67
735 17 68
736 17 69
737 17 70
738 17 76
739 17 77
740 17 78
741 17 79
742 17 80
743 17 81
744 17 82
745 17 83
746 17 84
747 17 85
748 17 86
749 17 87
750 17 96
751 17 97
752 17 124
753 17 125
754 17 126
755 17 127
756 17 128
757 17 129
758 17 130
759 17 137
760 17 138
761 17 139
762 17 140
763 17 141
764 17 142
765 17 143
766 17 156
767 17 157
768 18 2
769 18 3
770 18 5
771 18 10
772 18 28
773 18 35
774 18 44
775 18 52
776 18 53
777 18 54
778 18 55
779 18 56
780 18 57
781 18 65
782 18 66
783 18 67
784 18 68
785 18 69
786 18 70
787 18 76
788 18 77
789 18 78
790 18 79
791 18 80
792 18 81
793 18 82
794 18 83
795 18 84
796 18 85
797 18 86
798 18 87
799 18 96
800 18 97
801 18 124
802 18 130
803 18 144
804 18 145
805 18 146
806 18 147
807 18 148
808 18 149
809 18 150
810 18 151
811 18 152
812 18 153
813 18 154
814 18 155
815 18 157
816 19 2
817 19 3
818 19 5
819 19 10
820 19 28
821 19 35
822 19 44
823 19 45
824 19 46
825 19 47
826 19 48
827 19 49
828 19 51
829 19 58
830 19 59
831 19 60
832 19 61
833 19 62
834 19 63
835 19 64
836 19 71
837 19 72
838 19 73
839 19 74
840 19 75
841 19 88
842 19 89
843 19 90
844 19 91
845 19 92
846 19 93
847 19 94
848 19 95
849 19 96
850 19 98
851 19 99
852 19 100
853 19 124
854 19 130
855 19 144
856 19 157
857 20 2
858 20 3
859 20 5
860 20 10
861 20 26
862 20 27
863 20 35
864 20 50
865 20 51
866 20 58
867 20 64
868 20 71
869 20 75
870 20 88
871 20 96
872 20 98
873 20 99
874 20 100
875 20 124
876 20 125
877 20 126
878 20 127
879 20 128
880 20 129
881 20 130
882 20 144
883 20 146
884 20 147
885 20 148
886 20 149
887 20 150
888 20 151
889 20 152
890 20 153
891 20 154
892 20 155
893 20 156
894 20 157
895 21 2
896 21 3
897 21 5
898 21 10
899 21 26
900 21 33
901 21 34
902 21 35
903 21 50
904 21 51
905 21 58
906 21 64
907 21 71
908 21 75
909 21 88
910 21 96
911 21 101
912 21 102
913 21 103
914 21 104
915 21 105
916 21 106
917 21 107
918 21 108
919 21 109
920 21 110
921 21 111
922 21 112
923 21 113
924 21 114
925 21 115
926 21 116
927 21 117
928 21 118
929 21 119
930 21 120
931 21 121
932 21 122
933 21 123
934 21 131
935 21 132
936 21 144
937 21 145
938 22 2
939 22 3
940 22 5
941 22 6
942 22 7
943 22 8
944 22 9
945 22 10
946 22 26
947 22 32
948 22 36
949 22 37
950 22 38
951 22 39
952 22 40
953 22 41
954 22 42
955 22 43
956 22 44
957 22 45
958 22 46
959 22 47
960 22 50
961 22 51
962 22 58
963 22 64
964 22 71
965 22 75
966 22 88
967 22 96
968 22 101
969 22 102
970 22 103
971 22 104
972 22 105
973 22 106
974 22 123
975 22 131
976 22 132
977 22 144
978 22 145
979 23 11
980 23 12
981 23 13
982 23 14
983 23 15
984 23 16
985 23 17
986 23 18
987 23 19
988 23 20
989 23 21
990 23 26
991 23 27
992 23 28
993 23 29
994 23 30
995 23 31
996 23 32
997 23 36
998 23 47
999 23 50
1000 23 51
1001 23 58
1002 23 64
1003 23 71
1004 23 75
1005 23 88
1006 23 96
1007 23 107
1008 23 123
1009 23 131
1010 23 133
1011 23 134
1012 23 135
1013 23 137
1014 23 138
1015 23 139
1016 23 140
1017 23 141
1018 23 142
1019 23 143
1020 23 154
1021 23 155
1022 23 156
1023 23 157
1024 23 158
1025 23 159
1026 24 11
1027 24 22
1028 24 23
1029 24 24
1030 24 25
1031 24 36
1032 24 47
1033 24 50
1034 24 51
1035 24 58
1036 24 64
1037 24 71
1038 24 75
1039 24 88
1040 24 96
1041 24 107
1042 24 123
1043 24 131
1044 24 135
1045 24 137
1046 24 143
1047 24 152
1048 24 153
1049 24 160
1050 25 11
1051 25 12
1052 25 13
1053 25 14
1054 25 25
1055 25 35
1056 25 36
1057 25 37
1058 25 38
1059 25 39
1060 25 40
1061 25 41
1062 25 42
1063 25 43
1064 25 44
1065 25 45
1066 25 46
1067 25 47
1068 25 50
1069 25 51
1070 25 58
1071 25 64
1072 25 71
1073 25 75
1074 25 88
1075 25 96
1076 25 107
1077 25 123
1078 25 131
1079 25 135
1080 25 137
1081 25 143
1082 25 152
1083 25 160
1084 26 8
1085 26 9
1086 26 10
1087 26 15
1088 26 26
1089 26 27
1090 26 28
1091 26 29
1092 26 30
1093 26 31
1094 26 32
1095 26 33
1096 26 34
1097 26 50
1098 26 51
1099 26 58
1100 26 59
1101 26 60
1102 26 61
1103 26 62
1104 26 63
1105 26 64
1106 26 71
1107 26 74
1108 26 75
1109 26 88
1110 26 89
1111 26 90
1112 26 91
1113 26 92
1114 26 93
1115 26 94
1116 26 95
1117 26 96
1118 26 107
1119 26 108
1120 26 109
1121 26 110
1122 26 111
1123 26 112
1124 26 113
1125 26 114
1126 26 115
1127 26 116
1128 26 117
1129 26 118
1130 26 119
1131 26 120
1132 26 121
1133 26 122
1134 26 123
1135 26 131
1136 26 132
1137 26 133
1138 26 134
1139 26 135
1140 26 137
1141 26 143
1142 26 152
1143 26 160
1144 27 8
1145 27 10
1146 27 15
1147 27 26
1148 27 27
1149 27 28
1150 27 29
1151 27 30
1152 27 31
1153 27 32
1154 27 34
1155 27 48
1156 27 49
1157 27 52
1158 27 53
1159 27 54
1160 27 55
1161 27 56
1162 27 57
1163 27 65
1164 27 66
1165 27 67
1166 27 68
1167 27 69
1168 27 70
1169 27 73
1170 27 76
1171 27 77
1172 27 78
1173 27 79
1174 27 80
1175 27 81
1176 27 82
1177 27 83
1178 27 84
1179 27 85
1180 27 86
1181 27 87
1182 27 97
1183 27 98
1184 27 99
1185 27 100
1186 27 101
1187 27 102
1188 27 103
1189 27 104
1190 27 105
1191 27 106
1192 27 124
1193 27 125
1194 27 126
1195 27 127
1196 27 128
1197 27 129
1198 27 130
1199 27 136
1200 27 143
1201 27 152
1202 27 160
1203 28 9
1204 28 10
1205 28 15
1206 28 25
1207 28 33
1208 28 34
1209 28 48
1210 28 49
1211 28 52
1212 28 57
1213 28 65
1214 28 73
1215 28 76
1216 28 77
1217 28 78
1218 28 79
1219 28 80
1220 28 81
1221 28 82
1222 28 83
1223 28 84
1224 28 85
1225 28 86
1226 28 87
1227 28 97
1228 28 98
1229 28 99
1230 28 100
1231 28 101
1232 28 102
1233 28 103
1234 28 104
1235 28 105
1236 28 106
1237 28 124
1238 28 130
1239 28 136
1240 28 137
1241 28 138
1242 28 139
1243 28 140
1244 28 141
1245 28 142
1246 28 143
1247 28 152
1248 28 153
1249 28 154
1250 28 155
1251 28 156
1252 28 157
1253 28 158
1254 28 159
1255 28 160
1256 29 9
1257 29 10
1258 29 15
1259 29 17
1260 29 18
1261 29 19
1262 29 25
1263 29 33
1264 29 34
1265 29 48
1266 29 49
1267 29 52
1268 29 57
1269 29 65
1270 29 72
1271 29 74
1272 29 75
1273 29 88
1274 29 89
1275 29 90
1276 29 91
1277 29 92
1278 29 93
1279 29 94
1280 29 95
1281 29 96
1282 29 107
1283 29 108
1284 29 109
1285 29 110
1286 29 111
1287 29 112
1288 29 113
1289 29 114
1290 29 115
1291 29 116
1292 29 117
1293 29 118
1294 29 119
1295 29 120
1296 29 121
1297 29 122
1298 29 123
1299 29 129
1300 29 131
1301 29 132
1302 29 133
1303 29 134
1304 29 135
1305 29 144
1306 29 145
1307 29 146
1308 29 147
1309 29 148
1310 29 149
1311 29 150
1312 29 151
1313 30 9
1314 30 11
1315 30 12
1316 30 13
1317 30 14
1318 30 16
1319 30 20
1320 30 25
1321 30 33
1322 30 34
1323 30 48
1324 30 49
1325 30 52
1326 30 53
1327 30 54
1328 30 55
1329 30 56
1330 30 57
1331 30 58
1332 30 59
1333 30 65
1334 30 66
1335 30 67
1336 30 68
1337 30 69
1338 30 70
1339 30 71
1340 30 72
1341 30 74
1342 30 75
1343 30 87
1344 30 88
1345 30 89
1346 30 90
1347 30 91
1348 30 92
1349 30 93
1350 30 94
1351 30 95
1352 30 96
1353 30 107
1354 30 129
1355 30 131
1356 30 135
1357 30 144
1358 30 151
1359 31 3
1360 31 4
1361 31 7
1362 31 8
1363 31 16
1364 31 20
1365 31 25
1366 31 34
1367 31 47
1368 31 73
1369 31 76
1370 31 77
1371 31 78
1372 31 79
1373 31 80
1374 31 81
1375 31 82
1376 31 83
1377 31 84
1378 31 85
1379 31 86
1380 31 97
1381 31 98
1382 31 99
1383 31 100
1384 31 101
1385 31 102
1386 31 107
1387 31 129
1388 31 131
1389 31 135
1390 31 144
1391 31 151
1392 32 3
1393 32 4
1394 32 7
1395 32 16
1396 32 20
1397 32 25
1398 32 35
1399 32 36
1400 32 37
1401 32 38
1402 32 39
1403 32 40
1404 32 41
1405 32 42
1406 32 43
1407 32 44
1408 32 45
1409 32 46
1410 32 97
1411 32 98
1412 32 99
1413 32 102
1414 32 107
1415 32 125
1416 32 126
1417 32 127
1418 32 128
1419 32 129
1420 32 131
1421 32 135
1422 32 144
1423 32 151
1424 33 3
1425 33 4
1426 33 7
1427 33 8
1428 33 15
1429 33 16
1430 33 20
1431 33 25
1432 33 35
1433 33 46
1434 33 73
1435 33 76
1436 33 77
1437 33 78
1438 33 79
1439 33 80
1440 33 81
1441 33 82
1442 33 83
1443 33 84
1444 33 85
1445 33 86
1446 33 87
1447 33 88
1448 33 89
1449 33 90
1450 33 91
1451 33 92
1452 33 93
1453 33 94
1454 33 95
1455 33 96
1456 33 100
1457 33 102
1458 33 107
1459 33 124
1460 33 131
1461 33 135
1462 33 144
1463 33 151
1464 34 9
1465 34 10
1466 34 11
1467 34 12
1468 34 13
1469 34 14
1470 34 17
1471 34 18
1472 34 19
1473 34 21
1474 34 25
1475 34 35
1476 34 46
1477 34 71
1478 34 72
1479 34 73
1480 34 76
1481 34 88
1482 34 100
1483 34 102
1484 34 107
1485 34 124
1486 34 131
1487 34 135
1488 34 144
1489 34 145
1490 34 146
1491 34 147
1492 34 148
1493 34 149
1494 34 150
1495 35 17
1496 35 19
1497 35 21
1498 35 25
1499 35 35
1500 35 46
1501 35 71
1502 35 73
1503 35 76
1504 35 88
1505 35 100
1506 35 102
1507 35 107
1508 35 124
1509 35 131
1510 35 135
1511 35 137
1512 35 138
1513 35 139
1514 35 140
1515 35 141
1516 35 142
1517 35 143
1518 36 17
1519 36 20
1520 36 22
1521 36 23
1522 36 24
1523 36 25
1524 36 35
1525 36 43
1526 36 44
1527 36 45
1528 36 46
1529 36 71
1530 36 73
1531 36 76
1532 36 88
1533 36 100
1534 36 101
1535 36 102
1536 36 107
1537 36 124
1538 36 131
1539 36 132
1540 36 133
1541 36 134
1542 36 135
1543 36 137
1544 36 138
1545 36 139
1546 36 140
1547 36 141
1548 36 142
1549 36 143
1550 37 0
1551 37 1
1552 37 2
1553 37 3
1554 37 4
1555 37 7
1556 37 8
1557 37 9
1558 37 10
1559 37 11
1560 37 12
1561 37 13
1562 37 17
1563 37 21
1564 37 35
1565 37 42
1566 37 47
1567 37 59
1568 37 65
1569 37 66
1570 37 67
1571 37 68
1572 37 69
1573 37 70
1574 37 73
1575 37 76
1576 37 89
1577 37 90
1578 37 91
1579 37 92
1580 37 93
1581 37 94
1582 37 95
1583 37 96
1584 37 97
1585 37 98
1586 37 99
1587 37 103
1588 37 104
1589 37 105
1590 37 106
1591 37 125
1592 37 126
1593 37 127
1594 37 128
1595 37 129
1596 37 130
1597 37 136
1598 38 0
1599 38 1
1600 38 2
1601 38 3
1602 38 4
1603 38 7
1604 38 13
1605 38 17
1606 38 22
1607 38 23
1608 38 24
1609 38 25
1610 38 35
1611 38 43
1612 38 44
1613 38 69
1614 38 73
1615 38 76
1616 38 77
1617 38 78
1618 38 79
1619 38 80
1620 38 99
1621 38 103
1622 38 130
1623 38 136
1624 39 7
1625 39 13
1626 39 17
1627 39 25
1628 39 35
1629 39 36
1630 39 37
1631 39 38
1632 39 39
1633 39 40
1634 39 41
1635 39 42
1636 39 69
1637 39 73
1638 39 81
1639 39 99
1640 39 103
1641 39 130
1642 40 7
1643 40 13
1644 40 17
1645 40 26
1646 40 32
1647 40 33
1648 40 34
1649 40 43
1650 40 44
1651 40 59
1652 40 69
1653 40 73
1654 40 81
1655 40 99
1656 40 103
1657 40 104
1658 40 105
1659 40 106
1660 40 107
1661 40 108
1662 40 109
1663 40 110
1664 40 111
1665 40 112
1666 40 113
1667 40 114
1668 40 115
1669 40 116
1670 40 117
1671 40 118
1672 40 119
1673 40 120
1674 40 121
1675 40 122
1676 40 123
1677 40 124
1678 40 125
1679 40 126
1680 40 127
1681 40 128
1682 40 129
1683 40 130
1684 41 7
1685 41 13
1686 41 17
1687 41 26
1688 41 32
1689 41 34
1690 41 42
1691 41 59
1692 41 69
1693 41 73
1694 41 81
1695 41 99
1696 42 7
1697 42 13
1698 42 17
1699 42 25
1700 42 26
1701 42 32
1702 42 33
1703 42 34
1704 42 42
1705 42 59
1706 42 69
1707 42 70
1708 42 71
1709 42 72
1710 42 73
1711 42 81
1712 42 99
1713 43 7
1714 43 13
1715 43 17
1716 43 24
1717 43 35
1718 43 36
1719 43 37
1720 43 38
1721 43 39
1722 43 40
1723 43 41
1724 43 59
1725 43 69
1726 43 76
1727 43 77
1728 43 78
1729 43 79
1730 43 80
1731 43 82
1732 43 83
1733 43 84
1734 43 85
1735 43 86
1736 43 87
1737 43 88
1738 43 89
1739 43 90
1740 43 91
1741 43 92
1742 43 93
1743 43 94
1744 43 95
1745 43 96
1746 43 97
1747 43 98
1748 43 99
1749 44 7
1750 44 13
1751 44 17
1752 44 24
1753 44 59
1754 44 69
1755 44 76
1756 44 80
1757 44 101
1758 44 102
1759 44 121
1760 44 128
1761 44 129
1762 44 130
1763 45 7
1764 45 13
1765 45 17
1766 45 25
1767 45 26
1768 45 35
1769 45 36
1770 45 37
1771 45 38
1772 45 39
1773 45 59
1774 45 69
1775 45 76
1776 45 78
1777 45 80
1778 45 101
1779 45 102
1780 45 121
1781 45 128
1782 45 130
1783 46 7
1784 46 13
1785 46 17
1786 46 18
1787 46 19
1788 46 20
1789 46 21
1790 46 22
1791 46 24
1792 46 59
1793 46 69
1794 46 76
1795 46 77
1796 46 79
1797 46 80
1798 46 101
1799 46 102
1800 46 121
1801 46 128
1802 46 129
1803 46 130
1804 46 136
1805 46 137
1806 46 138
1807 46 139
1808 46 140
1809 46 141
1810 46 142
1811 46 143
1812 46 151
1813 46 152
1814 46 153
1815 46 154
1816 46 155
1817 46 156
1818 46 157
1819 46 158
1820 46 159
1821 46 160
1822 47 2
1823 47 3
1824 47 7
1825 47 13
1826 47 23
1827 47 24
1828 47 35
1829 47 36
1830 47 37
1831 47 38
1832 47 39
1833 47 59
1834 47 69
1835 47 76
1836 47 77
1837 47 79
1838 47 80
1839 47 101
1840 47 102
1841 47 107
1842 47 108
1843 47 109
1844 47 110
1845 47 111
1846 47 112
1847 47 113
1848 47 114
1849 47 115
1850 47 116
1851 47 117
1852 47 118
1853 47 119
1854 47 120
1855 47 122
1856 47 123
1857 47 124
1858 47 125
1859 47 126
1860 47 127
1861 47 131
1862 47 136
1863 47 144
1864 47 145
1865 47 146
1866 47 147
1867 47 148
1868 47 149
1869 47 150
1870 48 0
1871 48 1
1872 48 3
1873 48 7
1874 48 13
1875 48 23
1876 48 24
1877 48 35
1878 48 39
1879 48 59
1880 48 69
1881 48 76
1882 48 77
1883 48 79
1884 48 80
1885 48 101
1886 48 102
1887 48 107
1888 48 108
1889 48 117
1890 48 119
1891 48 120
1892 48 122
1893 48 123
1894 48 124
1895 48 125
1896 48 126
1897 48 127
1898 48 131
1899 48 136
1900 48 137
1901 48 138
1902 48 139
1903 48 140
1904 48 141
1905 48 142
1906 48 143
1907 48 144
1908 48 145
1909 48 146
1910 48 147
1911 48 148
1912 48 149
1913 48 150
1914 48 151
1915 48 152
1916 48 153
1917 48 154
1918 48 155
1919 48 156
1920 48 157
1921 48 158
1922 48 159
1923 48 160
1924 49 0
1925 49 3
1926 49 7
1927 49 13
1928 49 17
1929 49 18
1930 49 19
1931 49 20
1932 49 23
1933 49 25
1934 49 26
1935 49 27
1936 49 35
1937 49 39
1938 49 59
1939 49 69
1940 49 76
1941 49 77
1942 49 79
1943 49 80
1944 49 101
1945 49 102
1946 49 109
1947 49 110
1948 49 111
1949 49 112
1950 49 113
1951 49 114
1952 49 115
1953 49 116
1954 49 118
1955 49 128
1956 49 129
1957 49 130
1958 49 155
1959 49 160
1960 50 0
1961 50 3
1962 50 7
1963 50 14
1964 50 15
1965 50 16
1966 50 20
1967 50 23
1968 50 27
1969 50 35
1970 50 36
1971 50 37
1972 50 39
1973 50 59
1974 50 69
1975 50 76
1976 50 77
1977 50 79
1978 50 80
1979 50 101
1980 50 102
1981 50 109
1982 50 116
1983 50 118
1984 50 128
1985 50 129
1986 50 130
1987 50 155
1988 50 159
1989 50 160
1990 51 0
1991 51 3
1992 51 7
1993 51 20
1994 51 23
1995 51 24
1996 51 25
1997 51 26
1998 51 27
1999 51 38
2000 51 39
2001 51 59
2002 51 69
2003 51 76
2004 51 77
2005 51 79
2006 51 80
2007 51 101
2008 51 102
2009 51 109
2010 51 117
2011 51 155
2012 51 158
2013 52 0
2014 52 3
2015 52 5
2016 52 6
2017 52 19
2018 52 21
2019 52 22
2020 52 28
2021 52 38
2022 52 39
2023 52 48
2024 52 49
2025 52 59
2026 52 69
2027 52 70
2028 52 71
2029 52 76
2030 52 77
2031 52 79
2032 52 80
2033 52 101
2034 52 102
2035 52 109
2036 52 110
2037 52 111
2038 52 112
2039 52 113
2040 52 114
2041 52 115
2042 52 116
2043 52 117
2044 52 139
2045 52 140
2046 52 141
2047 52 142
2048 52 155
2049 52 156
2050 52 157
2051 52 158
2052 53 0
2053 53 3
2054 53 5
2055 53 11
2056 53 12
2057 53 13
2058 53 19
2059 53 21
2060 53 22
2061 53 28
2062 53 38
2063 53 39
2064 53 48
2065 53 49
2066 53 59
2067 53 69
2068 53 71
2069 53 76
2070 53 77
2071 53 79
2072 53 80
2073 53 101
2074 53 102
2075 53 109
2076 53 139
2077 53 142
2078 54 0
2079 54 3
2080 54 5
2081 54 10
2082 54 14
2083 54 19
2084 54 21
2085 54 22
2086 54 27
2087 54 38
2088 54 39
2089 54 48
2090 54 49
2091 54 69
2092 54 70
2093 54 71
2094 54 76
2095 54 77
2096 54 79
2097 54 80
2098 54 101
2099 54 102
2100 54 109
2101 54 139
2102 54 140
2103 54 141
2104 54 142
2105 55 0
2106 55 3
2107 55 5
2108 55 10
2109 55 14
2110 55 19
2111 55 21
2112 55 22
2113 55 24
2114 55 25
2115 55 26
2116 55 27
2117 55 38
2118 55 39
2119 55 48
2120 55 49
2121 55 69
2122 55 72
2123 55 73
2124 55 78
2125 55 81
2126 55 82
2127 55 83
2128 55 84
2129 55 85
2130 55 101
2131 55 102
2132 55 109
2133 55 136
2134 55 137
2135 55 138
2136 55 139
2137 55 143
2138 55 144
2139 55 145
2140 55 146
2141 55 147
2142 55 148
2143 55 149
2144 55 150
2145 55 151
2146 55 152
2147 55 153
2148 55 154
2149 55 155
2150 55 156
2151 55 157
2152 55 158
2153 55 159
2154 55 160
2155 56 0
2156 56 3
2157 56 5
2158 56 10
2159 56 14
2160 56 19
2161 56 21
2162 56 22
2163 56 24
2164 56 27
2165 56 38
2166 56 39
2167 56 48
2168 56 49
2169 56 69
2170 56 72
2171 56 73
2172 56 78
2173 56 81
2174 56 85
2175 56 101
2176 56 102
2177 56 109
2178 56 136
2179 56 137
2180 56 138
2181 56 139
2182 56 143
2183 56 144
2184 56 145
2185 56 146
2186 56 147
2187 56 148
2188 56 149
2189 56 150
2190 56 151
2191 56 152
2192 56 153
2193 56 154
2194 56 155
2195 56 156
2196 56 157
2197 56 158
2198 56 159
2199 56 160
2200 57 0
2201 57 3
2202 57 5
2203 57 10
2204 57 14
2205 57 15
2206 57 16
2207 57 17
2208 57 19
2209 57 21
2210 57 22
2211 57 24
2212 57 25
2213 57 26
2214 57 27
2215 57 38
2216 57 39
2217 57 48
2218 57 49
2219 57 69
2220 57 72
2221 57 73
2222 57 78
2223 57 81
2224 57 82
2225 57 83
2226 57 84
2227 57 85
2228 57 101
2229 57 102
2230 57 109
2231 57 140
2232 57 141
2233 57 142
2234 58 0
2235 58 3
2236 58 5
2237 58 10
2238 58 14
2239 58 18
2240 58 19
2241 58 21
2242 58 23
2243 58 38
2244 58 39
2245 58 86
2246 58 87
2247 58 88
2248 58 89
2249 58 90
2250 58 91
2251 58 92
2252 58 93
2253 58 94
2254 58 95
2255 58 96
2256 58 97
2257 58 98
2258 58 99
2259 58 100
2260 58 102
2261 58 109
2262 58 140
2263 58 141
2264 58 142
2265 59 0
2266 59 3
2267 59 5
2268 59 10
2269 59 14
2270 59 18
2271 59 19
2272 59 21
2273 59 23
2274 59 38
2275 59 39
2276 59 86
2277 59 88
2278 59 89
2279 59 90
2280 59 91
2281 59 92
2282 59 93
2283 59 102
2284 59 109
2285 59 136
2286 59 137
2287 59 138
2288 59 139
2289 59 143
2290 59 144
2291 59 145
2292 59 146
2293 59 147
2294 59 148
2295 59 149
2296 59 150
2297 59 159
2298 59 160
2299 60 0
2300 60 3
2301 60 5
2302 60 10
2303 60 14
2304 60 18
2305 60 19
2306 60 21
2307 60 23
2308 60 38
2309 60 39
2310 60 86
2311 60 87
2312 60 94
2313 60 95
2314 60 96
2315 60 97
2316 60 98
2317 60 99
2318 60 100
2319 60 101
2320 60 102
2321 60 109
2322 60 136
2323 60 139
2324 60 143
2325 60 150
2326 60 159
2327 60 160
2328 61 0
2329 61 3
2330 61 5
2331 61 10
2332 61 14
2333 61 20
2334 61 21
2335 61 23
2336 61 38
2337 61 39
2338 61 102
2339 61 109
2340 61 136
2341 61 139
2342 61 143
2343 61 150
2344 61 159
2345 61 160
2346 62 0
2347 62 3
2348 62 5
2349 62 10
2350 62 14
2351 62 20
2352 62 21
2353 62 23
2354 62 38
2355 62 39
2356 62 102
2357 62 109
2358 62 136
2359 62 139
2360 62 142
2361 62 150
2362 62 159
2363 62 160
2364 63 0
2365 63 3
2366 63 5
2367 63 10
2368 63 14
2369 63 20
2370 63 21
2371 63 23
2372 63 35
2373 63 38
2374 63 39
2375 63 107
2376 63 108
2377 63 109
2378 63 114
2379 63 115
2380 63 116
2381 63 117
2382 63 136
2383 63 137
2384 63 138
2385 63 139
2386 63 142
2387 63 143
2388 63 144
2389 63 145
2390 63 146
2391 63 147
2392 63 148
2393 63 149
2394 63 150
2395 63 159
2396 63 160
2397 64 0
2398 64 3
2399 64 5
2400 64 10
2401 64 14
2402 64 20
2403 64 21
2404 64 23
2405 64 24
2406 64 25
2407 64 26
2408 64 27
2409 64 30
2410 64 31
2411 64 32
2412 64 33
2413 64 34
2414 64 36
2415 64 37
2416 64 107
2417 64 109
2418 64 114
2419 64 117
2420 65 0
2421 65 3
2422 65 5
2423 65 10
2424 65 14
2425 65 20
2426 65 21
2427 65 23
2428 65 27
2429 65 35
2430 65 38
2431 65 39
2432 65 107
2433 65 109
2434 65 114
2435 65 117
2436 66 0
2437 66 3
2438 66 5
2439 66 10
2440 66 14
2441 66 20
2442 66 21
2443 66 23
2444 66 27
2445 66 35
2446 66 38
2447 66 40
2448 66 107
2449 66 109
2450 66 114
2451 66 117
2452 67 0
2453 67 3
2454 67 5
2455 67 10
2456 67 14
2457 67 20
2458 67 21
2459 67 23
2460 67 24
2461 67 25
2462 67 26
2463 67 27
2464 67 35
2465 67 38
2466 67 40
2467 67 107
2468 67 108
2469 67 109
2470 67 114
2471 67 117
2472 68 0
2473 68 3
2474 68 5
2475 68 7
2476 68 8
2477 68 9
2478 68 10
2479 68 14
2480 68 20
2481 68 21
2482 68 23
2483 68 28
2484 68 29
2485 68 35
2486 68 38
2487 68 40
2488 68 107
2489 68 110
2490 68 111
2491 68 112
2492 68 113
2493 68 115
2494 68 118
2495 68 119
2496 68 120
2497 68 121
2498 68 122
2499 68 123
2500 69 0
2501 69 3
2502 69 5
2503 69 6
2504 69 11
2505 69 12
2506 69 13
2507 69 20
2508 69 21
2509 69 23
2510 69 28
2511 69 29
2512 69 35
2513 69 38
2514 69 40
2515 69 107
2516 69 110
2517 69 111
2518 69 112
2519 69 113
2520 69 115
2521 69 123
2522 69 148
2523 69 149
2524 70 0
2525 70 3
2526 70 5
2527 70 6
2528 70 11
2529 70 13
2530 70 18
2531 70 23
2532 70 28
2533 70 29
2534 70 35
2535 70 38
2536 70 40
2537 70 107
2538 70 115
2539 70 123
2540 70 148
2541 70 149
2542 71 0
2543 71 3
2544 71 5
2545 71 6
2546 71 11
2547 71 13
2548 71 18
2549 71 23
2550 71 28
2551 71 29
2552 71 35
2553 71 38
2554 71 40
2555 71 107
2556 71 108
2557 71 109
2558 71 110
2559 71 111
2560 71 112
2561 71 115
2562 71 123
2563 71 148
2564 71 149
2565 72 0
2566 72 3
2567 72 5
2568 72 6
2569 72 11
2570 72 13
2571 72 18
2572 72 23
2573 72 28
2574 72 29
2575 72 35
2576 72 38
2577 72 40
2578 72 107
2579 72 112
2580 72 115
2581 72 123
2582 72 148
2583 72 149
2584 73 0
2585 73 3
2586 73 5
2587 73 6
2588 73 11
2589 73 13
2590 73 23
2591 73 30
2592 73 31
2593 73 32
2594 73 33
2595 73 34
2596 73 35
2597 73 38
2598 73 41
2599 73 107
2600 73 112
2601 73 115
2602 73 123
2603 73 148
2604 73 149
2605 74 0
2606 74 4
2607 74 6
2608 74 12
2609 74 13
2610 74 23
2611 74 26
2612 74 27
2613 74 30
2614 74 35
2615 74 38
2616 74 41
2617 74 87
2618 74 107
2619 74 112
2620 74 115
2621 74 116
2622 74 117
2623 74 118
2624 74 119
2625 74 120
2626 74 121
2627 74 122
2628 74 123
2629 74 148
2630 74 149
2631 75 0
2632 75 4
2633 75 6
2634 75 12
2635 75 13
2636 75 23
2637 75 26
2638 75 27
2639 75 30
2640 75 35
2641 75 38
2642 75 41
2643 75 67
2644 75 78
2645 75 83
2646 75 84
2647 75 85
2648 75 87
2649 75 107
2650 75 108
2651 75 109
2652 75 110
2653 75 111
2654 75 112
2655 75 113
2656 75 114
2657 76 0
2658 76 4
2659 76 6
2660 76 12
2661 76 13
2662 76 23
2663 76 26
2664 76 27
2665 76 30
2666 76 35
2667 76 38
2668 76 41
2669 76 65
2670 76 66
2671 76 68
2672 76 72
2673 76 73
2674 76 74
2675 76 78
2676 76 83
2677 76 85
2678 77 0
2679 77 4
2680 77 6
2681 77 12
2682 77 13
2683 77 23
2684 77 26
2685 77 27
2686 77 30
2687 77 35
2688 77 38
2689 77 41
2690 77 65
2691 77 68
2692 77 72
2693 77 74
2694 77 78
2695 77 83
2696 77 85
2697 78 0
2698 78 4
2699 78 6
2700 78 12
2701 78 13
2702 78 23
2703 78 26
2704 78 27
2705 78 30
2706 78 35
2707 78 38
2708 78 41
2709 78 65
2710 78 68
2711 78 72
2712 78 74
2713 78 78
2714 78 83
2715 78 85
2716 78 110
2717 79 0
2718 79 4
2719 79 6
2720 79 23
2721 79 26
2722 79 27
2723 79 30
2724 79 35
2725 79 38
2726 79 40
2727 79 41
2728 79 65
2729 79 68
2730 79 72
2731 79 74
2732 79 78
2733 79 83
2734 79 86
2735 79 87
2736 79 88
2737 79 89
2738 79 90
2739 79 110
2740 80 0
2741 80 4
2742 80 6
2743 80 7
2744 80 23
2745 80 26
2746 80 27
2747 80 30
2748 80 35
2749 80 38
2750 80 39
2751 80 42
2752 80 43
2753 80 44
2754 80 51
2755 80 65
2756 80 68
2757 80 72
2758 80 74
2759 80 78
2760 80 83
2761 80 90
2762 80 110
2763 81 0
2764 81 4
2765 81 6
2766 81 7
2767 81 23
2768 81 26
2769 81 27
2770 81 30
2771 81 35
2772 81 40
2773 81 41
2774 81 51
2775 81 65
2776 81 68
2777 81 72
2778 81 74
2779 81 78
2780 81 83
2781 81 86
2782 81 87
2783 81 88
2784 81 89
2785 81 90
2786 81 110
2787 82 0
2788 82 4
2789 82 6
2790 82 7
2791 82 23
2792 82 26
2793 82 27
2794 82 30
2795 82 35
2796 82 40
2797 82 41
2798 82 51
2799 82 65
2800 82 68
2801 82 72
2802 82 74
2803 82 78
2804 82 83
2805 82 85
2806 82 91
2807 82 92
2808 82 93
2809 82 94
2810 82 95
2811 82 96
2812 82 106
2813 82 107
2814 82 108
2815 82 109
2816 82 111
2817 82 112
2818 82 113
2819 82 114
2820 82 115
2821 82 116
2822 82 117
2823 82 118
2824 82 119
2825 82 120
2826 82 137
2827 82 138
2828 82 139
2829 82 142
2830 82 143
2831 82 145
2832 82 146
2833 82 147
2834 82 148
2835 83 0
2836 83 4
2837 83 11
2838 83 12
2839 83 13
2840 83 14
2841 83 26
2842 83 27
2843 83 30
2844 83 35
2845 83 40
2846 83 41
2847 83 51
2848 83 65
2849 83 68
2850 83 72
2851 83 74
2852 83 78
2853 83 83
2854 83 85
2855 83 91
2856 83 96
2857 83 104
2858 83 105
2859 83 106
2860 83 110
2861 83 111
2862 83 112
2863 83 113
2864 83 120
2865 83 137
2866 83 139
2867 83 142
2868 83 143
2869 83 145
2870 83 149
2871 83 150
2872 83 151
2873 83 152
2874 84 0
2875 84 4
2876 84 11
2877 84 14
2878 84 26
2879 84 27
2880 84 30
2881 84 35
2882 84 40
2883 84 41
2884 84 51
2885 84 65
2886 84 68
2887 84 72
2888 84 74
2889 84 78
2890 84 83
2891 84 85
2892 84 91
2893 84 96
2894 84 104
2895 84 106
2896 84 114
2897 84 120
2898 84 124
2899 84 125
2900 84 126
2901 84 127
2902 84 137
2903 84 139
2904 84 145
2905 84 152
2906 85 0
2907 85 4
2908 85 11
2909 85 14
2910 85 26
2911 85 27
2912 85 30
2913 85 35
2914 85 40
2915 85 41
2916 85 51
2917 85 52
2918 85 65
2919 85 67
2920 85 68
2921 85 72
2922 85 74
2923 85 78
2924 85 83
2925 85 84
2926 85 85
2927 85 89
2928 85 90
2929 85 91
2930 85 92
2931 85 93
2932 85 94
2933 85 96
2934 85 104
2935 85 106
2936 85 114
2937 85 120
2938 85 124
2939 85 127
2940 85 137
2941 85 139
2942 85 145
2943 85 152
2944 86 0
2945 86 5
2946 86 6
2947 86 7
2948 86 8
2949 86 9
2950 86 10
2951 86 14
2952 86 26
2953 86 27
2954 86 30
2955 86 35
2956 86 40
2957 86 41
2958 86 50
2959 86 52
2960 86 65
2961 86 66
2962 86 72
2963 86 74
2964 86 78
2965 86 86
2966 86 87
2967 86 88
2968 86 95
2969 86 96
2970 86 104
2971 86 106
2972 86 114
2973 86 120
2974 86 124
2975 86 125
2976 86 126
2977 86 127
2978 86 137
2979 86 138
2980 86 139
2981 86 145
2982 86 146
2983 86 147
2984 86 148
2985 86 149
2986 86 150
2987 86 151
2988 86 152
2989 87 0
2990 87 14
2991 87 26
2992 87 27
2993 87 30
2994 87 35
2995 87 40
2996 87 41
2997 87 50
2998 87 51
2999 87 52
3000 87 65
3001 87 66
3002 87 72
3003 87 74
3004 87 78
3005 87 83
3006 87 84
3007 87 85
3008 87 88
3009 87 95
3010 87 96
3011 87 104
3012 87 106
3013 87 114
3014 87 120
3015 88 0
3016 88 14
3017 88 26
3018 88 27
3019 88 30
3020 88 35
3021 88 40
3022 88 41
3023 88 72
3024 88 73
3025 88 74
3026 88 78
3027 88 79
3028 88 80
3029 88 82
3030 88 83
3031 88 84
3032 88 85
3033 88 86
3034 88 87
3035 88 88
3036 88 93
3037 88 94
3038 88 97
3039 88 98
3040 88 99
3041 88 104
3042 88 106
3043 88 114
3044 88 121
3045 88 122
3046 88 123
3047 88 124
3048 88 125
3049 88 126
3050 88 127
3051 89 0
3052 89 14
3053 89 26
3054 89 27
3055 89 30
3056 89 33
3057 89 34
3058 89 35
3059 89 40
3060 89 41
3061 89 95
3062 89 96
3063 89 104
3064 89 106
3065 89 114
3066 89 127
3067 90 0
3068 90 14
3069 90 26
3070 90 27
3071 90 30
3072 90 32
3073 90 42
3074 90 43
3075 90 44
3076 90 45
3077 90 46
3078 90 47
3079 90 95
3080 90 96
3081 90 104
3082 90 106
3083 90 114
3084 90 127
3085 90 152
3086 90 153
3087 90 154
3088 90 155
3089 90 156
3090 90 157
3091 91 0
3092 91 13
3093 91 25
3094 91 27
3095 91 30
3096 91 32
3097 91 95
3098 91 96
3099 91 104
3100 91 106
3101 91 114
3102 91 127
3103 91 145
3104 91 146
3105 91 150
3106 91 158
3107 91 159
3108 92 0
3109 92 13
3110 92 25
3111 92 27
3112 92 30
3113 92 32
3114 92 95
3115 92 96
3116 92 104
3117 92 107
3118 92 108
3119 92 109
3120 92 110
3121 92 114
3122 92 115
3123 92 116
3124 92 117
3125 92 118
3126 92 119
3127 92 120
3128 92 121
3129 92 122
3130 92 123
3131 92 127
3132 92 145
3133 92 146
3134 92 150
3135 92 158
3136 92 159
3137 93 0
3138 93 13
3139 93 25
3140 93 26
3141 93 27
3142 93 30
3143 93 31
3144 93 32
3145 93 78
3146 93 79
3147 93 80
3148 93 82
3149 93 83
3150 93 84
3151 93 85
3152 93 86
3153 93 87
3154 93 88
3155 93 93
3156 93 94
3157 93 97
3158 93 98
3159 93 99
3160 93 100
3161 93 101
3162 93 102
3163 93 103
3164 93 107
3165 93 124
3166 93 127
3167 93 151
3168 93 152
3169 93 153
3170 93 154
3171 93 155
3172 93 156
3173 93 157
3174 93 159
3175 94 0
3176 94 7
3177 94 8
3178 94 9
3179 94 10
3180 94 11
3181 94 13
3182 94 28
3183 94 29
3184 94 40
3185 94 41
3186 94 42
3187 94 43
3188 94 44
3189 94 45
3190 94 46
3191 94 47
3192 94 78
3193 94 79
3194 94 80
3195 94 82
3196 94 88
3197 94 93
3198 94 94
3199 94 97
3200 94 107
3201 94 124
3202 94 127
3203 94 151
3204 94 152
3205 94 153
3206 94 154
3207 94 155
3208 94 156
3209 94 157
3210 94 159
3211 95 0
3212 95 6
3213 95 12
3214 95 13
3215 95 40
3216 95 47
3217 95 83
3218 95 88
3219 95 93
3220 95 94
3221 95 97
3222 95 98
3223 95 99
3224 95 100
3225 95 101
3226 95 102
3227 95 103
3228 95 104
3229 95 105
3230 95 106
3231 95 107
3232 95 124
3233 95 127
3234 95 150
3235 95 158
3236 95 159
3237 96 0
3238 96 6
3239 96 12
3240 96 13
3241 96 40
3242 96 47
3243 96 83
3244 96 88
3245 96 93
3246 96 95
3247 96 96
3248 96 124
3249 96 128
3250 96 129
3251 96 130
3252 96 150
3253 96 158
3254 96 159
3255 97 0
3256 97 6
3257 97 12
3258 97 13
3259 97 28
3260 97 29
3261 97 40
3262 97 41
3263 97 42
3264 97 43
3265 97 44
3266 97 45
3267 97 46
3268 97 47
3269 97 50
3270 97 83
3271 97 88
3272 97 93
3273 97 96
3274 97 124
3275 97 130
3276 97 150
3277 97 158
3278 97 159
3279 98 0
3280 98 6
3281 98 12
3282 98 13
3283 98 83
3284 98 88
3285 98 93
3286 98 94
3287 98 95
3288 98 96
3289 98 124
3290 98 130
3291 98 150
3292 98 158
3293 98 159
3294 99 0
3295 99 6
3296 99 12
3297 99 13
3298 99 40
3299 99 41
3300 99 42
3301 99 43
3302 99 44
3303 99 45
3304 99 46
3305 99 47
3306 99 48
3307 99 49
3308 99 50
3309 99 83
3310 99 89
3311 99 90
3312 99 91
3313 99 92
3314 99 97
3315 99 98
3316 99 99
3317 99 100
3318 99 101
3319 99 102
3320 99 103
3321 99 104
3322 99 105
3323 99 106
3324 99 107
3325 99 108
3326 99 109
3327 99 110
3328 99 124
3329 99 130
3330 99 150
3331 99 158
3332 99 159
3333 100 0
3334 100 6
3335 100 12
3336 100 13
3337 100 28
3338 100 29
3339 100 32
3340 100 39
3341 100 46
3342 100 50
3343 100 73
3344 100 74
3345 100 83
3346 100 92
3347 100 97
3348 100 110
3349 100 124
3350 100 130
3351 100 151
3352 100 152
3353 100 153
3354 100 154
3355 100 155
3356 100 156
3357 100 157
3358 101 0
3359 101 6
3360 101 12
3361 101 13
3362 101 25
3363 101 26
3364 101 27
3365 101 30
3366 101 31
3367 101 32
3368 101 39
3369 101 46
3370 101 50
3371 101 62
3372 101 72
3373 101 75
3374 101 76
3375 101 83
3376 101 93
3377 101 94
3378 101 95
3379 101 96
3380 101 110
3381 101 124
3382 101 130
3383 101 151
3384 101 157
3385 102 0
3386 102 6
3387 102 12
3388 102 13
3389 102 25
3390 102 27
3391 102 30
3392 102 32
3393 102 39
3394 102 46
3395 102 50
3396 102 61
3397 102 63
3398 102 64
3399 102 65
3400 102 66
3401 102 67
3402 102 68
3403 102 69
3404 102 70
3405 102 71
3406 102 72
3407 102 75
3408 102 76
3409 102 83
3410 102 84
3411 102 85
3412 102 86
3413 102 87
3414 102 88
3415 102 89
3416 102 90
3417 102 91
3418 102 92
3419 102 110
3420 102 124
3421 102 130
3422 102 151
3423 102 152
3424 102 153
3425 102 154
3426 102 155
3427 102 156
3428 102 157
3429 103 0
3430 103 6
3431 103 12
3432 103 13
3433 103 25
3434 103 27
3435 103 30
3436 103 32
3437 103 39
3438 103 46
3439 103 50
3440 103 61
3441 103 63
3442 103 67
3443 103 68
3444 103 69
3445 103 70
3446 103 71
3447 103 72
3448 103 75
3449 103 76
3450 103 93
3451 103 110
3452 103 124
3453 103 130
3454 103 150
3455 103 158
3456 103 159
3457 104 0
3458 104 3
3459 104 4
3460 104 6
3461 104 12
3462 104 13
3463 104 25
3464 104 26
3465 104 27
3466 104 30
3467 104 32
3468 104 39
3469 104 46
3470 104 50
3471 104 61
3472 104 63
3473 104 66
3474 104 73
3475 104 74
3476 104 93
3477 104 100
3478 104 101
3479 104 102
3480 104 103
3481 104 104
3482 104 105
3483 104 106
3484 104 107
3485 104 108
3486 104 109
3487 104 110
3488 104 124
3489 104 130
3490 104 150
3491 104 158
3492 104 160
3493 105 0
3494 105 2
3495 105 5
3496 105 6
3497 105 12
3498 105 13
3499 105 16
3500 105 17
3501 105 18
3502 105 21
3503 105 22
3504 105 23
3505 105 24
3506 105 30
3507 105 32
3508 105 39
3509 105 46
3510 105 47
3511 105 50
3512 105 61
3513 105 63
3514 105 66
3515 105 93
3516 105 99
3517 105 111
3518 105 112
3519 105 113
3520 105 114
3521 105 124
3522 105 130
3523 105 150
3524 105 158
3525 105 160
3526 106 0
3527 106 2
3528 106 5
3529 106 6
3530 106 12
3531 106 13
3532 106 16
3533 106 18
3534 106 21
3535 106 24
3536 106 30
3537 106 32
3538 106 39
3539 106 48
3540 106 51
3541 106 52
3542 106 61
3543 106 63
3544 106 66
3545 106 93
3546 106 99
3547 106 111
3548 106 114
3549 106 124
3550 106 130
3551 106 150
3552 106 158
3553 106 160
3554 107 0
3555 107 2
3556 107 5
3557 107 6
3558 107 12
3559 107 13
3560 107 16
3561 107 18
3562 107 21
3563 107 24
3564 107 30
3565 107 32
3566 107 39
3567 107 48
3568 107 52
3569 107 61
3570 107 63
3571 107 66
3572 107 93
3573 107 99
3574 107 111
3575 107 114
3576 107 124
3577 107 130
3578 107 150
3579 107 158
3580 107 159
3581 107 160
3582 108 0
3583 108 2
3584 108 5
3585 108 6
3586 108 12
3587 108 13
3588 108 16
3589 108 18
3590 108 21
3591 108 24
3592 108 30
3593 108 32
3594 108 39
3595 108 48
3596 108 52
3597 108 61
3598 108 63
3599 108 66
3600 108 73
3601 108 74
3602 108 84
3603 108 85
3604 108 86
3605 108 87
3606 108 88
3607 108 89
3608 108 90
3609 108 91
3610 108 92
3611 108 99
3612 108 111
3613 108 114
3614 108 124
3615 108 129
3616 108 151
3617 108 152
3618 108 153
3619 108 154
3620 108 155
3621 108 156
3622 108 157
3623 109 0
3624 109 2
3625 109 5
3626 109 6
3627 109 12
3628 109 13
3629 109 16
3630 109 18
3631 109 21
3632 109 24
3633 109 30
3634 109 32
3635 109 39
3636 109 48
3637 109 52
3638 109 61
3639 109 63
3640 109 66
3641 109 73
3642 109 74
3643 109 84
3644 109 99
3645 109 111
3646 109 114
3647 109 124
3648 109 129
3649 110 0
3650 110 2
3651 110 5
3652 110 6
3653 110 12
3654 110 13
3655 110 16
3656 110 18
3657 110 21
3658 110 24
3659 110 30
3660 110 32
3661 110 39
3662 110 48
3663 110 52
3664 110 61
3665 110 63
3666 110 64
3667 110 66
3668 110 73
3669 110 74
3670 110 84
3671 110 85
3672 110 86
3673 110 87
3674 110 88
3675 110 89
3676 110 90
3677 110 91
3678 110 92
3679 110 93
3680 110 94
3681 110 95
3682 110 96
3683 110 97
3684 110 98
3685 110 99
3686 110 111
3687 110 114
3688 110 124
3689 110 129
3690 111 0
3691 111 2
3692 111 5
3693 111 6
3694 111 12
3695 111 13
3696 111 16
3697 111 18
3698 111 21
3699 111 24
3700 111 30
3701 111 32
3702 111 39
3703 111 41
3704 111 42
3705 111 43
3706 111 44
3707 111 45
3708 111 48
3709 111 52
3710 111 61
3711 111 65
3712 111 66
3713 111 73
3714 111 74
3715 111 84
3716 111 111
3717 111 112
3718 111 113
3719 111 114
3720 111 115
3721 111 116
3722 111 124
3723 111 129
3724 112 0
3725 112 2
3726 112 5
3727 112 6
3728 112 12
3729 112 13
3730 112 16
3731 112 18
3732 112 21
3733 112 24
3734 112 30
3735 112 32
3736 112 39
3737 112 41
3738 112 45
3739 112 48
3740 112 51
3741 112 61
3742 112 65
3743 112 66
3744 112 73
3745 112 74
3746 112 84
3747 112 107
3748 112 108
3749 112 109
3750 112 110
3751 112 124
3752 112 125
3753 112 126
3754 112 127
3755 112 128
3756 112 129
3757 112 130
3758 112 150
3759 112 151
3760 112 152
3761 112 153
3762 112 154
3763 112 155
3764 112 156
3765 112 157
3766 113 0
3767 113 2
3768 113 5
3769 113 6
3770 113 12
3771 113 13
3772 113 16
3773 113 18
3774 113 21
3775 113 24
3776 113 30
3777 113 31
3778 113 32
3779 113 39
3780 113 41
3781 113 45
3782 113 48
3783 113 51
3784 113 62
3785 113 63
3786 113 64
3787 113 66
3788 113 73
3789 113 74
3790 113 84
3791 113 104
3792 113 105
3793 113 106
3794 113 116
3795 113 130
3796 113 150
3797 113 157
3798 114 0
3799 114 2
3800 114 5
3801 114 6
3802 114 12
3803 114 13
3804 114 16
3805 114 18
3806 114 21
3807 114 24
3808 114 29
3809 114 39
3810 114 41
3811 114 45
3812 114 48
3813 114 51
3814 114 62
3815 114 64
3816 114 66
3817 114 73
3818 114 74
3819 114 84
3820 114 116
3821 114 130
3822 114 150
3823 114 151
3824 114 152
3825 114 153
3826 114 154
3827 114 155
3828 114 156
3829 114 157
3830 115 0
3831 115 2
3832 115 5
3833 115 6
3834 115 12
3835 115 13
3836 115 16
3837 115 18
3838 115 21
3839 115 24
3840 115 29
3841 115 39
3842 115 41
3843 115 45
3844 115 48
3845 115 51
3846 115 62
3847 115 64
3848 115 66
3849 115 73
3850 115 74
3851 115 84
3852 115 116
3853 115 124
3854 115 125
3855 115 126
3856 115 130
3857 115 136
3858 115 137
3859 116 0
3860 116 2
3861 116 5
3862 116 6
3863 116 12
3864 116 13
3865 116 16
3866 116 18
3867 116 21
3868 116 24
3869 116 29
3870 116 39
3871 116 41
3872 116 45
3873 116 48
3874 116 51
3875 116 62
3876 116 64
3877 116 66
3878 116 73
3879 116 74
3880 116 84
3881 116 94
3882 116 95
3883 116 96
3884 116 97
3885 116 98
3886 116 99
3887 116 100
3888 116 101
3889 116 102
3890 116 116
3891 116 124
3892 116 126
3893 116 135
3894 116 138
3895 116 139
3896 116 140
3897 116 141
3898 116 142
3899 116 143
3900 116 144
3901 116 145
3902 116 150
3903 116 151
3904 116 152
3905 116 153
3906 116 154
3907 116 155
3908 116 156
3909 116 157
3910 117 0
3911 117 2
3912 117 5
3913 117 6
3914 117 7
3915 117 8
3916 117 9
3917 117 10
3918 117 11
3919 117 12
3920 117 16
3921 117 18
3922 117 21
3923 117 24
3924 117 29
3925 117 39
3926 117 41
3927 117 45
3928 117 48
3929 117 51
3930 117 62
3931 117 63
3932 117 64
3933 117 65
3934 117 67
3935 117 68
3936 117 73
3937 117 74
3938 117 84
3939 117 94
3940 117 102
3941 117 116
3942 117 124
3943 117 126
3944 117 135
3945 117 138
3946 117 145
3947 117 150
3948 117 157
3949 118 0
3950 118 2
3951 118 7
3952 118 12
3953 118 16
3954 118 18
3955 118 21
3956 118 24
3957 118 29
3958 118 39
3959 118 41
3960 118 42
3961 118 43
3962 118 44
3963 118 45
3964 118 48
3965 118 49
3966 118 50
3967 118 51
3968 118 66
3969 118 73
3970 118 74
3971 118 84
3972 118 94
3973 118 95
3974 118 96
3975 118 102
3976 118 106
3977 118 124
3978 118 126
3979 118 136
3980 118 137
3981 118 145
3982 118 150
3983 118 157
3984 119 0
3985 119 2
3986 119 7
3987 119 12
3988 119 16
3989 119 17
3990 119 18
3991 119 21
3992 119 24
3993 119 29
3994 119 40
3995 119 46
3996 119 47
3997 119 66
3998 119 73
3999 119 74
4000 119 85
4001 119 86
4002 119 87
4003 119 88
4004 119 97
4005 119 102
4006 119 106
4007 119 124
4008 119 126
4009 119 136
4010 119 145
4011 119 150
4012 119 157
4013 120 0
4014 120 2
4015 120 7
4016 120 10
4017 120 11
4018 120 12
4019 120 19
4020 120 20
4021 120 24
4022 120 29
4023 120 40
4024 120 46
4025 120 47
4026 120 66
4027 120 73
4028 120 74
4029 120 85
4030 120 86
4031 120 87
4032 120 88
4033 120 97
4034 120 98
4035 120 99
4036 120 100
4037 120 101
4038 120 102
4039 120 106
4040 120 124
4041 120 126
4042 120 136
4043 120 145
4044 120 150
4045 120 157
4046 121 0
4047 121 2
4048 121 7
4049 121 8
4050 121 9
4051 121 13
4052 121 19
4053 121 24
4054 121 29
4055 121 40
4056 121 46
4057 121 47
4058 121 62
4059 121 66
4060 121 67
4061 121 68
4062 121 72
4063 121 75
4064 121 85
4065 121 89
4066 121 90
4067 121 91
4068 121 92
4069 121 93
4070 121 94
4071 121 95
4072 121 96
4073 121 106
4074 121 124
4075 121 125
4076 121 126
4077 121 136
4078 121 145
4079 121 150
4080 121 157
4081 122 0
4082 122 2
4083 122 10
4084 122 11
4085 122 12
4086 122 13
4087 122 19
4088 122 20
4089 122 21
4090 122 22
4091 122 24
4092 122 30
4093 122 40
4094 122 46
4095 122 47
4096 122 62
4097 122 66
4098 122 67
4099 122 68
4100 122 72
4101 122 75
4102 122 85
4103 122 89
4104 122 96
4105 122 106
4106 122 127
4107 122 128
4108 122 129
4109 122 130
4110 122 136
4111 122 145
4112 122 150
4113 122 157
4114 123 0
4115 123 2
4116 123 10
4117 123 13
4118 123 23
4119 123 24
4120 123 30
4121 123 40
4122 123 46
4123 123 47
4124 123 72
4125 123 75
4126 123 79
4127 123 80
4128 123 81
4129 123 83
4130 123 84
4131 123 89
4132 123 96
4133 123 101
4134 123 102
4135 123 105
4136 123 106
4137 123 127
4138 123 130
4139 123 136
4140 123 145
4141 123 150
4142 123 155
4143 123 156
4144 123 157
4145 124 0
4146 124 2
4147 124 10
4148 124 13
4149 124 23
4150 124 24
4151 124 26
4152 124 27
4153 124 28
4154 124 29
4155 124 36
4156 124 37
4157 124 38
4158 124 39
4159 124 41
4160 124 42
4161 124 43
4162 124 44
4163 124 45
4164 124 48
4165 124 49
4166 124 72
4167 124 75
4168 124 79
4169 124 81
4170 124 83
4171 124 84
4172 124 89
4173 124 97
4174 124 98
4175 124 101
4176 124 102
4177 124 105
4178 124 106
4179 124 127
4180 124 130
4181 124 136
4182 124 145
4183 124 150
4184 124 154
4185 124 158
4186 124 159
4187 124 160
4188 125 0
4189 125 2
4190 125 10
4191 125 11
4192 125 12
4193 125 13
4194 125 23
4195 125 24
4196 125 26
4197 125 29
4198 125 36
4199 125 39
4200 125 44
4201 125 45
4202 125 48
4203 125 49
4204 125 72
4205 125 75
4206 125 79
4207 125 81
4208 125 83
4209 125 84
4210 125 89
4211 125 98
4212 125 101
4213 125 102
4214 125 105
4215 125 106
4216 125 127
4217 125 130
4218 125 136
4219 125 145
4220 125 150
4221 125 154
4222 125 156
4223 125 157
4224 126 0
4225 126 2
4226 126 5
4227 126 6
4228 126 7
4229 126 8
4230 126 9
4231 126 14
4232 126 15
4233 126 23
4234 126 24
4235 126 26
4236 126 27
4237 126 28
4238 126 29
4239 126 36
4240 126 39
4241 126 44
4242 126 45
4243 126 48
4244 126 49
4245 126 72
4246 126 75
4247 126 79
4248 126 81
4249 126 83
4250 126 84
4251 126 89
4252 126 98
4253 126 101
4254 126 102
4255 126 105
4256 126 106
4257 126 127
4258 126 128
4259 126 130
4260 126 136
4261 126 145
4262 126 150
4263 126 154
4264 126 156
4265 126 157
4266 127 0
4267 127 2
4268 127 10
4269 127 11
4270 127 12
4271 127 13
4272 127 16
4273 127 17
4274 127 18
4275 127 19
4276 127 20
4277 127 21
4278 127 22
4279 127 36
4280 127 39
4281 127 44
4282 127 45
4283 127 48
4284 127 49
4285 127 70
4286 127 71
4287 127 75
4288 127 79
4289 127 80
4290 127 83
4291 127 84
4292 127 89
4293 127 98
4294 127 101
4295 127 102
4296 127 105
4297 127 106
4298 127 126
4299 127 129
4300 127 131
4301 127 132
4302 127 136
4303 127 145
4304 127 150
4305 127 151
4306 127 152
4307 127 153
4308 127 154
4309 127 156
4310 127 157
4311 127 158
4312 127 159
4313 127 160
4314 128 0
4315 128 2
4316 128 10
4317 128 13
4318 128 16
4319 128 22
4320 128 36
4321 128 39
4322 128 44
4323 128 45
4324 128 48
4325 128 49
4326 128 57
4327 128 58
4328 128 59
4329 128 60
4330 128 61
4331 128 62
4332 128 65
4333 128 66
4334 128 70
4335 128 71
4336 128 75
4337 128 79
4338 128 80
4339 128 83
4340 128 84
4341 128 89
4342 128 98
4343 128 101
4344 128 102
4345 128 105
4346 128 107
4347 128 108
4348 128 109
4349 128 110
4350 128 111
4351 128 112
4352 128 113
4353 128 114
4354 128 115
4355 128 116
4356 128 117
4357 128 124
4358 128 125
4359 128 126
4360 128 129
4361 128 132
4362 128 136
4363 128 145
4364 129 0
4365 129 2
4366 129 10
4367 129 13
4368 129 16
4369 129 22
4370 129 36
4371 129 39
4372 129 44
4373 129 45
4374 129 48
4375 129 49
4376 129 57
4377 129 62
4378 129 65
4379 129 66
4380 129 70
4381 129 71
4382 129 75
4383 129 79
4384 129 80
4385 129 83
4386 129 84
4387 129 89
4388 129 90
4389 129 91
4390 129 92
4391 129 93
4392 129 94
4393 129 95
4394 129 98
4395 129 101
4396 129 102
4397 129 105
4398 129 117
4399 129 122
4400 129 123
4401 129 125
4402 129 127
4403 129 128
4404 129 132
4405 129 136
4406 129 137
4407 129 138
4408 129 139
4409 129 140
4410 129 141
4411 129 142
4412 129 143
4413 129 144
4414 129 145
4415 130 0
4416 130 2
4417 130 10
4418 130 11
4419 130 12
4420 130 13
4421 130 16
4422 130 17
4423 130 18
4424 130 19
4425 130 20
4426 130 21
4427 130 22
4428 130 36
4429 130 39
4430 130 44
4431 130 45
4432 130 48
4433 130 49
4434 130 57
4435 130 62
4436 130 65
4437 130 66
4438 130 70
4439 130 71
4440 130 75
4441 130 79
4442 130 80
4443 130 83
4444 130 84
4445 130 96
4446 130 98
4447 130 101
4448 130 102
4449 130 105
4450 130 117
4451 130 122
4452 130 125
4453 130 127
4454 130 133
4455 130 134
4456 130 135
4457 130 158
4458 130 159
4459 130 160
4460 131 0
4461 131 2
4462 131 36
4463 131 38
4464 131 44
4465 131 45
4466 131 48
4467 131 49
4468 131 57
4469 131 62
4470 131 65
4471 131 66
4472 131 70
4473 131 71
4474 131 75
4475 131 79
4476 131 80
4477 131 83
4478 131 84
4479 131 96
4480 131 98
4481 131 101
4482 131 102
4483 131 105
4484 131 117
4485 131 122
4486 131 125
4487 131 127
4488 131 128
4489 131 129
4490 131 130
4491 131 131
4492 131 132
4493 131 133
4494 131 134
4495 131 135
4496 131 153
4497 131 154
4498 131 155
4499 131 158
4500 131 159
4501 131 160
4502 132 0
4503 132 2
4504 132 8
4505 132 9
4506 132 10
4507 132 11
4508 132 12
4509 132 13
4510 132 16
4511 132 17
4512 132 18
4513 132 19
4514 132 20
4515 132 21
4516 132 22
4517 132 36
4518 132 38
4519 132 44
4520 132 45
4521 132 48
4522 132 49
4523 132 57
4524 132 62
4525 132 65
4526 132 66
4527 132 70
4528 132 71
4529 132 85
4530 132 86
4531 132 87
4532 132 88
4533 132 96
4534 132 98
4535 132 101
4536 132 102
4537 132 105
4538 132 117
4539 132 122
4540 132 123
4541 132 124
4542 132 125
4543 132 136
4544 133 0
4545 133 3
4546 133 5
4547 133 6
4548 133 7
4549 133 14
4550 133 15
4551 133 19
4552 133 22
4553 133 36
4554 133 38
4555 133 44
4556 133 45
4557 133 48
4558 133 49
4559 133 57
4560 133 62
4561 133 65
4562 133 66
4563 133 70
4564 133 71
4565 133 85
4566 133 88
4567 133 96
4568 133 98
4569 133 101
4570 133 102
4571 133 105
4572 133 117
4573 134 0
4574 134 3
4575 134 5
4576 134 7
4577 134 14
4578 134 15
4579 134 19
4580 134 22
4581 134 36
4582 134 38
4583 134 44
4584 134 45
4585 134 48
4586 134 49
4587 134 57
4588 134 62
4589 134 65
4590 134 66
4591 134 70
4592 134 71
4593 134 85
4594 134 89
4595 134 96
4596 134 98
4597 134 101
4598 134 102
4599 134 105
4600 134 117
4601 135 0
4602 135 3
4603 135 5
4604 135 6
4605 135 7
4606 135 8
4607 135 9
4608 135 10
4609 135 11
4610 135 12
4611 135 13
4612 135 16
4613 135 17
4614 135 18
4615 135 22
4616 135 36
4617 135 38
4618 135 44
4619 135 45
4620 135 48
4621 135 49
4622 135 57
4623 135 62
4624 135 65
4625 135 66
4626 135 70
4627 135 71
4628 135 85
4629 135 90
4630 135 91
4631 135 92
4632 135 93
4633 135 96
4634 135 97
4635 135 105
4636 135 110
4637 135 111
4638 135 112
4639 135 113
4640 135 114
4641 135 115
4642 135 116
4643 135 117
4644 136 0
4645 136 3
4646 136 16
4647 136 22
4648 136 36
4649 136 38
4650 136 44
4651 136 45
4652 136 48
4653 136 49
4654 136 57
4655 136 62
4656 136 72
4657 136 73
4658 136 74
4659 136 75
4660 136 85
4661 136 93
4662 136 96
4663 136 97
4664 136 105
4665 136 106
4666 136 107
4667 136 108
4668 136 109
4669 136 136
4670 136 137
4671 137 0
4672 137 3
4673 137 16
4674 137 22
4675 137 36
4676 137 37
4677 137 38
4678 137 44
4679 137 45
4680 137 48
4681 137 49
4682 137 57
4683 137 62
4684 137 72
4685 137 75
4686 137 85
4687 137 93
4688 137 96
4689 137 97
4690 137 136
4691 137 137
4692 138 0
4693 138 3
4694 138 16
4695 138 22
4696 138 24
4697 138 25
4698 138 26
4699 138 27
4700 138 28
4701 138 29
4702 138 30
4703 138 31
4704 138 32
4705 138 33
4706 138 34
4707 138 35
4708 138 44
4709 138 45
4710 138 48
4711 138 49
4712 138 57
4713 138 62
4714 138 72
4715 138 75
4716 138 85
4717 138 93
4718 138 95
4719 138 96
4720 138 97
4721 138 129
4722 138 130
4723 138 131
4724 138 132
4725 138 133
4726 138 134
4727 138 135
4728 138 138
4729 138 139
4730 138 146
4731 138 147
4732 138 148
4733 138 149
4734 138 150
4735 138 151
4736 138 152
4737 138 156
4738 138 157
4739 139 0
4740 139 3
4741 139 10
4742 139 11
4743 139 12
4744 139 13
4745 139 14
4746 139 15
4747 139 22
4748 139 24
4749 139 30
4750 139 34
4751 139 35
4752 139 44
4753 139 45
4754 139 48
4755 139 49
4756 139 57
4757 139 62
4758 139 72
4759 139 75
4760 139 85
4761 139 86
4762 139 87
4763 139 88
4764 139 89
4765 139 90
4766 139 91
4767 139 94
4768 139 98
4769 139 101
4770 139 102
4771 139 105
4772 139 110
4773 139 111
4774 139 112
4775 139 113
4776 139 114
4777 139 115
4778 139 116
4779 139 117
4780 139 122
4781 139 123
4782 139 128
4783 139 133
4784 139 134
4785 139 138
4786 139 140
4787 139 141
4788 139 142
4789 139 143
4790 139 144
4791 139 145
4792 139 149
4793 139 152
4794 139 156
4795 139 157
4796 140 0
4797 140 3
4798 140 10
4799 140 22
4800 140 24
4801 140 30
4802 140 34
4803 140 35
4804 140 44
4805 140 45
4806 140 48
4807 140 49
4808 140 57
4809 140 62
4810 140 72
4811 140 73
4812 140 74
4813 140 75
4814 140 76
4815 140 77
4816 140 79
4817 140 80
4818 140 82
4819 140 83
4820 140 84
4821 140 92
4822 140 94
4823 140 98
4824 140 101
4825 140 102
4826 140 105
4827 140 110
4828 140 112
4829 140 128
4830 140 133
4831 140 134
4832 140 138
4833 140 145
4834 140 149
4835 140 152
4836 140 156
4837 140 157
4838 141 0
4839 141 3
4840 141 10
4841 141 22
4842 141 24
4843 141 30
4844 141 34
4845 141 35
4846 141 40
4847 141 41
4848 141 42
4849 141 43
4850 141 46
4851 141 47
4852 141 49
4853 141 57
4854 141 62
4855 141 66
4856 141 67
4857 141 68
4858 141 69
4859 141 70
4860 141 71
4861 141 78
4862 141 80
4863 141 82
4864 141 84
4865 141 92
4866 141 94
4867 141 98
4868 141 101
4869 141 102
4870 141 105
4871 141 109
4872 141 110
4873 141 111
4874 141 113
4875 141 114
4876 141 115
4877 141 116
4878 141 117
4879 141 128
4880 141 133
4881 141 134
4882 141 138
4883 141 145
4884 141 149
4885 141 152
4886 141 156
4887 141 157
4888 142 0
4889 142 3
4890 142 10
4891 142 22
4892 142 24
4893 142 30
4894 142 34
4895 142 35
4896 142 40
4897 142 42
4898 142 43
4899 142 46
4900 142 47
4901 142 48
4902 142 49
4903 142 57
4904 142 62
4905 142 66
4906 142 71
4907 142 78
4908 142 80
4909 142 82
4910 142 84
4911 142 92
4912 142 94
4913 142 98
4914 142 101
4915 142 102
4916 142 105
4917 142 109
4918 142 112
4919 142 128
4920 142 133
4921 142 134
4922 142 138
4923 142 139
4924 142 140
4925 142 141
4926 142 142
4927 142 143
4928 142 144
4929 142 145
4930 142 149
4931 142 152
4932 142 156
4933 142 157
4934 143 0
4935 143 3
4936 143 10
4937 143 22
4938 143 24
4939 143 30
4940 143 40
4941 143 41
4942 143 44
4943 143 45
4944 143 50
4945 143 51
4946 143 57
4947 143 62
4948 143 66
4949 143 67
4950 143 68
4951 143 69
4952 143 70
4953 143 71
4954 143 78
4955 143 79
4956 143 80
4957 143 82
4958 143 83
4959 143 84
4960 143 92
4961 143 94
4962 143 98
4963 143 101
4964 143 102
4965 143 105
4966 143 109
4967 143 112
4968 143 128
4969 143 133
4970 143 134
4971 143 145
4972 143 149
4973 143 152
4974 143 156
4975 143 157
4976 144 0
4977 144 3
4978 144 10
4979 144 22
4980 144 24
4981 144 30
4982 144 40
4983 144 41
4984 144 44
4985 144 45
4986 144 50
4987 144 51
4988 144 57
4989 144 60
4990 144 61
4991 144 72
4992 144 73
4993 144 74
4994 144 75
4995 144 76
4996 144 77
4997 144 85
4998 144 86
4999 144 87
5000 144 88
5001 144 89
5002 144 90
5003 144 91
5004 144 94
5005 144 98
5006 144 101
5007 144 102
5008 144 105
5009 144 106
5010 144 107
5011 144 108
5012 144 113
5013 144 114
5014 144 115
5015 144 116
5016 144 117
5017 144 122
5018 144 123
5019 144 124
5020 144 125
5021 144 126
5022 144 127
5023 144 133
5024 144 134
5025 144 145
5026 144 149
5027 144 152
5028 144 156
5029 144 157
5030 145 0
5031 145 3
5032 145 10
5033 145 22
5034 145 24
5035 145 30
5036 145 40
5037 145 41
5038 145 44
5039 145 45
5040 145 50
5041 145 51
5042 145 57
5043 145 59
5044 145 72
5045 145 77
5046 145 85
5047 145 92
5048 145 93
5049 145 94
5050 145 98
5051 145 101
5052 145 102
5053 145 113
5054 145 114
5055 145 115
5056 145 116
5057 145 117
5058 145 133
5059 145 134
5060 145 145
5061 145 149
5062 145 152
5063 145 156
5064 145 158
5065 145 159
5066 145 160
5067 146 0
5068 146 3
5069 146 10
5070 146 11
5071 146 19
5072 146 20
5073 146 21
5074 146 22
5075 146 24
5076 146 25
5077 146 26
5078 146 27
5079 146 28
5080 146 29
5081 146 30
5082 146 40
5083 146 41
5084 146 44
5085 146 45
5086 146 50
5087 146 51
5088 146 57
5089 146 59
5090 146 72
5091 146 78
5092 146 79
5093 146 80
5094 146 85
5095 146 91
5096 146 95
5097 146 96
5098 146 112
5099 146 133
5100 146 134
5101 146 145
5102 146 149
5103 146 152
5104 146 156
5105 146 160
5106 147 0
5107 147 3
5108 147 12
5109 147 13
5110 147 14
5111 147 15
5112 147 18
5113 147 31
5114 147 32
5115 147 33
5116 147 34
5117 147 35
5118 147 36
5119 147 37
5120 147 38
5121 147 40
5122 147 41
5123 147 44
5124 147 45
5125 147 50
5126 147 51
5127 147 57
5128 147 58
5129 147 59
5130 147 72
5131 147 80
5132 147 85
5133 147 86
5134 147 87
5135 147 88
5136 147 89
5137 147 90
5138 147 91
5139 147 112
5140 147 133
5141 147 134
5142 147 145
5143 147 149
5144 147 152
5145 147 156
5146 147 159
5147 148 0
5148 148 3
5149 148 16
5150 148 18
5151 148 31
5152 148 38
5153 148 40
5154 148 41
5155 148 44
5156 148 45
5157 148 50
5158 148 51
5159 148 72
5160 148 80
5161 148 133
5162 148 134
5163 148 137
5164 148 138
5165 148 139
5166 148 140
5167 148 141
5168 148 142
5169 148 145
5170 148 149
5171 148 150
5172 148 151
5173 148 152
5174 148 156
5175 148 157
5176 148 158
5177 148 159
5178 149 0
5179 149 3
5180 149 16
5181 149 18
5182 149 31
5183 149 38
5184 149 40
5185 149 41
5186 149 44
5187 149 45
5188 149 50
5189 149 51
5190 149 72
5191 149 80
5192 149 126
5193 149 127
5194 149 128
5195 149 129
5196 149 130
5197 149 131
5198 149 132
5199 149 135
5200 149 136
5201 149 143
5202 149 144
5203 149 153
5204 149 154
5205 149 155
5206 149 160
5207 150 0
5208 150 3
5209 150 16
5210 150 18
5211 150 31
5212 150 38
5213 150 40
5214 150 41
5215 150 44
5216 150 45
5217 150 50
5218 150 51
5219 150 72
5220 150 73
5221 150 74
5222 150 75
5223 150 76
5224 150 77
5225 150 78
5226 150 79
5227 150 80
5228 150 126
5229 150 127
5230 150 128
5231 150 129
5232 150 130
5233 150 131
5234 150 132
5235 150 135
5236 150 136
5237 150 153
5238 150 154
5239 150 155
5240 150 160
5241 151 0
5242 151 3
5243 151 16
5244 151 18
5245 151 31
5246 151 32
5247 151 33
5248 151 38
5249 151 40
5250 151 41
5251 151 44
5252 151 46
5253 151 47
5254 151 48
5255 151 49
5256 151 71
5257 151 81
5258 151 82
5259 151 85
5260 151 86
5261 151 87
5262 151 88
5263 151 89
5264 151 90
5265 151 91
5266 151 101
5267 151 102
5268 151 103
5269 151 104
5270 151 105
5271 151 106
5272 151 107
5273 151 108
5274 151 123
5275 151 124
5276 151 125
5277 151 133
5278 151 134
5279 151 137
5280 151 138
5281 151 139
5282 151 140
5283 151 141
5284 151 142
5285 151 143
5286 151 144
5287 151 145
5288 151 146
5289 151 147
5290 151 148
5291 151 149
5292 151 150
5293 151 151
5294 151 152
5295 152 0
5296 152 3
5297 152 10
5298 152 11
5299 152 12
5300 152 13
5301 152 14
5302 152 15
5303 152 18
5304 152 26
5305 152 27
5306 152 28
5307 152 29
5308 152 30
5309 152 34
5310 152 38
5311 152 40
5312 152 41
5313 152 44
5314 152 49
5315 152 71
5316 152 81
5317 152 82
5318 152 85
5319 152 91
5320 152 101
5321 152 108
5322 152 126
5323 152 127
5324 152 128
5325 152 129
5326 152 130
5327 152 131
5328 152 132
5329 152 135
5330 152 136
5331 153 0
5332 153 3
5333 153 12
5334 153 18
5335 153 26
5336 153 30
5337 153 34
5338 153 38
5339 153 40
5340 153 41
5341 153 44
5342 153 49
5343 153 71
5344 153 81
5345 153 82
5346 153 85
5347 153 91
5348 153 101
5349 153 108
5350 153 126
5351 153 127
5352 153 128
5353 153 129
5354 153 130
5355 153 131
5356 153 132
5357 153 135
5358 153 136
5359 153 151
5360 153 152
5361 153 153
5362 153 154
5363 153 155
5364 153 160
5365 154 0
5366 154 3
5367 154 12
5368 154 18
5369 154 26
5370 154 30
5371 154 34
5372 154 38
5373 154 40
5374 154 41
5375 154 44
5376 154 45
5377 154 49
5378 154 69
5379 154 71
5380 154 81
5381 154 82
5382 154 85
5383 154 91
5384 154 101
5385 154 108
5386 154 133
5387 154 134
5388 154 137
5389 154 138
5390 154 139
5391 154 140
5392 154 141
5393 154 142
5394 154 143
5395 154 144
5396 154 145
5397 154 146
5398 154 147
5399 154 148
5400 154 149
5401 154 150
5402 154 160
5403 155 0
5404 155 3
5405 155 12
5406 155 18
5407 155 26
5408 155 27
5409 155 28
5410 155 29
5411 155 30
5412 155 34
5413 155 38
5414 155 40
5415 155 41
5416 155 44
5417 155 46
5418 155 49
5419 155 69
5420 155 71
5421 155 81
5422 155 82
5423 155 85
5424 155 91
5425 155 101
5426 155 103
5427 155 104
5428 155 105
5429 155 106
5430 155 107
5431 155 108
5432 155 110
5433 155 111
5434 155 112
5435 155 113
5436 155 114
5437 155 126
5438 155 127
5439 155 128
5440 155 129
5441 155 130
5442 155 131
5443 155 132
5444 155 135
5445 155 136
5446 155 151
5447 155 152
5448 155 153
5449 155 154
5450 155 155
5451 156 0
5452 156 3
5453 156 12
5454 156 18
5455 156 26
5456 156 31
5457 156 32
5458 156 34
5459 156 38
5460 156 40
5461 156 41
5462 156 44
5463 156 46
5464 156 49
5465 156 69
5466 156 71
5467 156 85
5468 156 91
5469 156 101
5470 156 102
5471 156 109
5472 156 126
5473 156 132
5474 156 135
5475 156 136
5476 156 142
5477 156 151
5478 156 152
5479 156 153
5480 156 154
5481 156 155
5482 157 0
5483 157 3
5484 157 12
5485 157 18
5486 157 26
5487 157 31
5488 157 32
5489 157 34
5490 157 38
5491 157 40
5492 157 41
5493 157 44
5494 157 46
5495 157 49
5496 157 69
5497 157 71
5498 157 79
5499 157 80
5500 157 81
5501 157 82
5502 157 85
5503 157 86
5504 157 87
5505 157 88
5506 157 89
5507 157 90
5508 157 91
5509 157 101
5510 157 102
5511 157 109
5512 157 126
5513 157 127
5514 157 128
5515 157 129
5516 157 130
5517 157 131
5518 157 132
5519 157 135
5520 157 136
5521 157 142
5522 158 0
5523 158 1
5524 158 2
5525 158 3
5526 158 12
5527 158 18
5528 158 26
5529 158 31
5530 158 32
5531 158 34
5532 158 38
5533 158 40
5534 158 41
5535 158 44
5536 158 46
5537 158 50
5538 158 51
5539 158 69
5540 158 71
5541 158 79
5542 158 83
5543 158 84
5544 158 92
5545 158 93
5546 158 95
5547 158 96
5548 158 97
5549 158 100
5550 158 103
5551 158 104
5552 158 105
5553 158 106
5554 158 107
5555 158 108
5556 158 110
5557 158 111
5558 158 112
5559 158 113
5560 158 114
5561 158 133
5562 158 134
5563 158 137
5564 158 138
5565 158 139
5566 158 140
5567 158 142
5568 159 4
5569 159 12
5570 159 13
5571 159 14
5572 159 15
5573 159 16
5574 159 17
5575 159 18
5576 159 24
5577 159 25
5578 159 27
5579 159 28
5580 159 29
5581 159 30
5582 159 32
5583 159 34
5584 159 38
5585 159 40
5586 159 41
5587 159 44
5588 159 46
5589 159 51
5590 159 69
5591 159 71
5592 159 79
5593 159 80
5594 159 81
5595 159 82
5596 159 83
5597 159 84
5598 159 92
5599 159 93
5600 159 95
5601 159 96
5602 159 98
5603 159 99
5604 159 100
5605 159 103
5606 159 104
5607 159 105
5608 159 106
5609 159 107
5610 159 108
5611 159 110
5612 159 111
5613 159 112
5614 159 113
5615 159 114
5616 159 127
5617 159 128
5618 159 129
5619 159 130
5620 159 131
5621 159 132
5622 159 135
5623 159 136
5624 160 4
5625 160 26
5626 160 27
5627 160 28
5628 160 29
5629 160 30
5630 160 31
5631 160 32
5632 160 34
5633 160 35
5634 160 36
5635 160 37
5636 160 38
5637 160 40
5638 160 41
5639 160 44
5640 160 46
5641 160 47
5642 160 48
5643 160 49
5644 160 50
5645 160 51
5646 160 69
5647 160 72
5648 160 73
5649 160 74
5650 160 75
5651 160 76
5652 160 77
5653 160 78
5654 160 87
5655 160 88
5656 160 89
5657 160 90
5658 160 91
5659 160 97
5660 160 101
5661 160 102
5662 160 109
5663 160 126
5664 160 150
5665 160 151
5666 160 152
5667 160 153
5668 160 154
5669 160 155
