958
0 0 0
1 0 1
2 0 2
3 0 3
4 0 4
5 0 5
6 0 6
7 0 7
8 0 8
9 0 9
10 0 10
11 0 46
12 0 47
13 0 52
14 0 53
15 0 54
16 0 55
17 0 56
18 1 0
19 1 1
20 1 2
21 1 5
22 1 6
23 1 8
24 1 11
25 1 12
26 1 25
27 1 26
28 1 27
29 1 28
30 1 29
31 1 30
32 1 31
33 1 32
34 1 33
35 1 34
36 1 35
37 1 36
38 1 37
39 1 38
40 1 39
41 1 40
42 1 41
43 1 42
44 1 43
45 1 44
46 1 46
47 1 47
48 1 52
49 1 56
50 2 3
51 2 4
52 2 7
53 2 8
54 2 11
55 2 12
56 2 22
57 2 23
58 2 24
59 2 34
60 2 39
61 2 44
62 2 46
63 2 48
64 2 49
65 2 52
66 2 55
67 3 3
68 3 4
69 3 7
70 3 8
71 3 13
72 3 14
73 3 15
74 3 16
75 3 17
76 3 18
77 3 19
78 3 22
79 3 23
80 3 24
81 3 25
82 3 26
83 3 27
84 3 28
85 3 29
86 3 30
87 3 31
88 3 32
89 3 33
90 3 34
91 3 40
92 3 44
93 3 46
94 3 47
95 3 48
96 3 49
97 3 52
98 3 54
99 4 1
100 4 2
101 4 4
102 4 7
103 4 8
104 4 20
105 4 21
106 4 40
107 4 41
108 4 42
109 4 43
110 4 44
111 4 52
112 4 53
113 4 54
114 5 1
115 5 4
116 5 7
117 5 8
118 5 45
119 5 46
120 5 47
121 5 50
122 5 51
123 5 55
124 6 1
125 6 4
126 6 7
127 6 8
128 6 14
129 6 45
130 6 46
131 6 47
132 6 50
133 6 51
134 6 53
135 6 54
136 7 1
137 7 5
138 7 6
139 7 14
140 7 20
141 7 21
142 7 22
143 7 26
144 7 27
145 7 28
146 7 29
147 7 30
148 7 31
149 7 32
150 7 37
151 7 38
152 7 39
153 7 49
154 7 57
155 8 1
156 8 2
157 8 3
158 8 4
159 8 5
160 8 6
161 8 14
162 8 20
163 8 22
164 8 26
165 8 27
166 8 35
167 8 36
168 8 39
169 8 49
170 8 55
171 8 57
172 9 14
173 9 20
174 9 23
175 9 24
176 9 26
177 9 27
178 9 35
179 9 36
180 9 37
181 9 38
182 9 39
183 9 49
184 9 55
185 9 57
186 10 14
187 10 18
188 10 19
189 10 21
190 10 22
191 10 23
192 10 24
193 10 26
194 10 27
195 10 29
196 10 30
197 10 31
198 10 32
199 10 33
200 10 34
201 10 49
202 11 9
203 11 10
204 11 11
205 11 12
206 11 14
207 11 18
208 11 19
209 11 21
210 11 25
211 11 28
212 11 49
213 11 54
214 11 55
215 11 57
216 11 58
217 11 59
218 12 21
219 12 25
220 12 28
221 12 49
222 12 54
223 12 55
224 12 59
225 13 1
226 13 2
227 13 3
228 13 4
229 13 5
230 13 6
231 13 13
232 13 18
233 13 19
234 13 20
235 13 21
236 13 49
237 13 54
238 13 55
239 13 59
240 14 1
241 14 6
242 14 13
243 14 14
244 14 15
245 14 18
246 14 21
247 14 37
248 14 38
249 14 39
250 14 54
251 14 55
252 14 59
253 15 1
254 15 6
255 15 13
256 15 15
257 15 18
258 15 20
259 15 21
260 15 25
261 15 28
262 15 29
263 15 30
264 15 31
265 15 32
266 15 33
267 15 34
268 15 37
269 15 39
270 15 51
271 15 52
272 15 53
273 15 55
274 15 59
275 16 1
276 16 7
277 16 9
278 16 10
279 16 13
280 16 15
281 16 18
282 16 19
283 16 37
284 16 38
285 16 39
286 16 51
287 16 53
288 16 55
289 16 59
290 17 1
291 17 7
292 17 12
293 17 15
294 17 18
295 17 31
296 17 32
297 17 33
298 17 34
299 17 35
300 17 36
301 17 40
302 17 41
303 17 42
304 17 43
305 17 44
306 17 45
307 17 51
308 17 52
309 17 53
310 17 55
311 17 59
312 18 1
313 18 7
314 18 12
315 18 13
316 18 14
317 18 15
318 18 18
319 18 31
320 18 36
321 18 39
322 18 43
323 18 50
324 18 51
325 18 54
326 18 55
327 18 59
328 19 1
329 19 8
330 19 9
331 19 10
332 19 26
333 19 31
334 19 36
335 19 39
336 19 43
337 19 46
338 19 54
339 19 55
340 19 59
341 20 1
342 20 10
343 20 25
344 20 28
345 20 31
346 20 33
347 20 34
348 20 35
349 20 36
350 20 39
351 20 40
352 20 41
353 20 42
354 20 43
355 20 46
356 20 49
357 20 50
358 20 51
359 20 54
360 20 59
361 21 1
362 21 4
363 21 5
364 21 6
365 21 7
366 21 8
367 21 9
368 21 10
369 21 25
370 21 28
371 21 29
372 21 30
373 21 32
374 21 54
375 21 59
376 22 1
377 22 3
378 22 22
379 22 23
380 22 24
381 22 28
382 22 29
383 22 30
384 22 31
385 22 32
386 22 47
387 22 48
388 22 54
389 22 58
390 22 60
391 23 1
392 23 3
393 23 18
394 23 25
395 23 26
396 23 27
397 23 36
398 23 37
399 23 38
400 23 39
401 23 45
402 23 47
403 23 48
404 23 54
405 23 58
406 23 60
407 24 1
408 24 3
409 24 36
410 24 39
411 24 43
412 24 44
413 24 46
414 24 48
415 24 54
416 24 55
417 24 56
418 24 59
419 25 1
420 25 3
421 25 36
422 25 39
423 25 43
424 25 44
425 25 46
426 25 48
427 25 54
428 25 56
429 26 1
430 26 2
431 26 3
432 26 5
433 26 6
434 26 17
435 26 18
436 26 19
437 26 20
438 26 36
439 26 39
440 26 43
441 26 44
442 26 46
443 26 48
444 26 54
445 26 57
446 26 60
447 27 0
448 27 5
449 27 6
450 27 17
451 27 21
452 27 22
453 27 23
454 27 24
455 27 29
456 27 30
457 27 34
458 27 35
459 27 39
460 27 46
461 27 48
462 27 54
463 27 56
464 27 59
465 28 0
466 28 5
467 28 7
468 28 8
469 28 9
470 28 10
471 28 12
472 28 13
473 28 14
474 28 15
475 28 29
476 28 30
477 28 31
478 28 32
479 28 34
480 28 39
481 28 46
482 28 48
483 28 54
484 28 56
485 28 59
486 29 0
487 29 5
488 29 10
489 29 12
490 29 15
491 29 26
492 29 27
493 29 28
494 29 35
495 29 39
496 29 46
497 29 47
498 29 48
499 29 49
500 29 50
501 29 54
502 29 56
503 29 59
504 30 0
505 30 5
506 30 10
507 30 12
508 30 15
509 30 26
510 30 27
511 30 28
512 30 35
513 30 39
514 30 53
515 30 55
516 30 56
517 30 59
518 31 0
519 31 5
520 31 6
521 31 7
522 31 8
523 31 9
524 31 10
525 31 12
526 31 13
527 31 14
528 31 15
529 31 22
530 31 35
531 31 39
532 31 57
533 32 4
534 32 10
535 32 16
536 32 22
537 32 35
538 32 39
539 32 49
540 32 50
541 32 51
542 32 52
543 32 53
544 32 57
545 33 0
546 33 2
547 33 3
548 33 10
549 33 16
550 33 22
551 33 35
552 33 36
553 33 37
554 33 38
555 33 39
556 33 49
557 33 53
558 33 57
559 34 3
560 34 6
561 34 11
562 34 12
563 34 13
564 34 14
565 34 15
566 34 21
567 34 23
568 34 24
569 34 25
570 34 28
571 34 29
572 34 49
573 34 53
574 34 57
575 35 4
576 35 8
577 35 9
578 35 10
579 35 17
580 35 21
581 35 22
582 35 35
583 35 36
584 35 37
585 35 38
586 35 39
587 35 40
588 35 41
589 35 42
590 35 49
591 35 53
592 35 57
593 36 2
594 36 3
595 36 4
596 36 8
597 36 9
598 36 10
599 36 17
600 36 21
601 36 22
602 36 30
603 36 35
604 36 38
605 36 43
606 36 44
607 36 45
608 36 49
609 36 54
610 36 57
611 37 3
612 37 4
613 37 14
614 37 15
615 37 21
616 37 22
617 37 23
618 37 24
619 37 25
620 37 28
621 37 31
622 37 32
623 37 33
624 37 34
625 37 36
626 37 37
627 37 38
628 37 43
629 37 45
630 37 49
631 37 54
632 37 57
633 38 3
634 38 4
635 38 7
636 38 8
637 38 9
638 38 10
639 38 14
640 38 16
641 38 31
642 38 32
643 38 33
644 38 34
645 38 36
646 38 43
647 38 44
648 38 48
649 38 54
650 38 57
651 39 3
652 39 4
653 39 7
654 39 10
655 39 14
656 39 16
657 39 37
658 39 41
659 39 42
660 39 43
661 39 44
662 39 49
663 39 54
664 40 3
665 40 4
666 40 7
667 40 10
668 40 14
669 40 17
670 40 29
671 40 30
672 40 31
673 40 32
674 40 33
675 40 34
676 40 37
677 40 41
678 40 42
679 40 49
680 40 54
681 41 0
682 41 3
683 41 4
684 41 6
685 41 7
686 41 8
687 41 9
688 41 10
689 41 14
690 41 15
691 41 17
692 41 21
693 41 29
694 41 31
695 41 37
696 41 41
697 41 42
698 41 49
699 41 54
700 42 0
701 42 3
702 42 5
703 42 16
704 42 18
705 42 19
706 42 22
707 42 29
708 42 31
709 42 35
710 42 36
711 42 37
712 42 41
713 42 42
714 42 49
715 42 54
716 42 57
717 42 60
718 43 0
719 43 3
720 43 5
721 43 16
722 43 17
723 43 19
724 43 22
725 43 29
726 43 31
727 43 35
728 43 37
729 43 46
730 43 47
731 43 48
732 43 49
733 43 50
734 43 51
735 43 52
736 43 53
737 43 54
738 43 57
739 43 60
740 44 0
741 44 3
742 44 5
743 44 11
744 44 12
745 44 18
746 44 29
747 44 31
748 44 35
749 44 36
750 44 37
751 44 41
752 44 60
753 45 0
754 45 3
755 45 5
756 45 11
757 45 12
758 45 16
759 45 17
760 45 29
761 45 30
762 45 32
763 45 33
764 45 34
765 45 37
766 45 41
767 45 45
768 45 46
769 45 47
770 45 48
771 45 60
772 46 0
773 46 1
774 46 3
775 46 5
776 46 16
777 46 17
778 46 29
779 46 30
780 46 37
781 46 38
782 46 41
783 46 57
784 46 58
785 46 59
786 46 60
787 47 5
788 47 16
789 47 17
790 47 29
791 47 30
792 47 41
793 48 5
794 48 16
795 48 17
796 48 29
797 48 30
798 48 41
799 48 47
800 48 49
801 48 50
802 49 5
803 49 8
804 49 9
805 49 10
806 49 11
807 49 12
808 49 13
809 49 17
810 49 29
811 49 30
812 49 47
813 49 49
814 50 5
815 50 17
816 50 21
817 50 22
818 50 47
819 50 49
820 51 5
821 51 17
822 51 21
823 51 22
824 51 29
825 51 30
826 51 42
827 52 5
828 52 23
829 52 24
830 52 25
831 52 26
832 52 27
833 52 28
834 52 29
835 52 42
836 53 5
837 53 14
838 53 26
839 53 27
840 53 28
841 53 29
842 54 14
843 54 15
844 54 50
845 54 53
846 54 54
847 55 4
848 55 5
849 55 23
850 55 24
851 55 25
852 55 26
853 55 27
854 55 28
855 55 29
856 55 30
857 55 39
858 55 40
859 55 41
860 55 50
861 55 54
862 56 4
863 56 5
864 56 25
865 56 30
866 56 39
867 56 40
868 56 41
869 56 42
870 56 43
871 56 44
872 56 45
873 56 48
874 56 49
875 57 4
876 57 6
877 57 7
878 57 25
879 57 26
880 57 27
881 57 28
882 57 29
883 57 31
884 57 32
885 57 33
886 57 34
887 57 35
888 57 36
889 57 37
890 57 38
891 57 48
892 57 49
893 58 4
894 58 6
895 58 7
896 58 14
897 58 15
898 58 16
899 58 31
900 58 32
901 58 33
902 58 34
903 58 35
904 58 36
905 58 38
906 58 41
907 58 42
908 58 43
909 58 44
910 58 45
911 58 46
912 58 47
913 59 0
914 59 1
915 59 4
916 59 5
917 59 8
918 59 9
919 59 15
920 59 17
921 59 18
922 59 19
923 59 20
924 59 21
925 59 22
926 59 23
927 59 37
928 59 38
929 59 41
930 59 42
931 59 43
932 59 44
933 59 45
934 59 46
935 59 47
936 60 0
937 60 1
938 60 4
939 60 5
940 60 8
941 60 9
942 60 15
943 60 16
944 60 17
945 60 18
946 60 19
947 60 20
948 60 21
949 60 22
950 60 23
951 60 31
952 60 32
953 60 39
954 60 40
955 60 48
956 60 49
957 60 50
