548
0 0 9
1 0 10
2 0 12
3 0 13
4 0 14
5 0 15
6 0 16
7 0 17
8 0 18
9 0 25
10 0 26
11 0 27
12 0 28
13 0 29
14 0 30
15 0 31
16 0 32
17 0 42
18 0 43
19 0 44
20 0 45
21 0 46
22 0 47
23 0 48
24 0 49
25 1 9
26 1 10
27 1 12
28 1 13
29 1 14
30 1 15
31 1 16
32 1 17
33 1 18
34 1 21
35 1 22
36 1 23
37 1 24
38 1 33
39 1 42
40 1 45
41 2 9
42 2 10
43 2 21
44 2 22
45 2 23
46 2 24
47 2 25
48 2 26
49 2 27
50 2 33
51 2 42
52 2 43
53 2 44
54 2 45
55 2 46
56 2 47
57 2 48
58 2 49
59 3 9
60 3 10
61 3 19
62 3 20
63 3 36
64 3 37
65 3 38
66 3 39
67 3 40
68 3 41
69 3 46
70 3 49
71 4 6
72 4 7
73 4 8
74 4 36
75 4 41
76 4 46
77 4 49
78 5 2
79 5 3
80 5 4
81 5 5
82 5 9
83 5 36
84 5 41
85 5 46
86 5 47
87 5 48
88 5 49
89 6 2
90 6 5
91 6 36
92 6 42
93 6 43
94 6 44
95 6 45
96 7 2
97 7 5
98 7 10
99 7 19
100 7 20
101 7 36
102 7 37
103 7 38
104 7 39
105 7 40
106 7 41
107 7 42
108 7 43
109 7 44
110 7 45
111 8 2
112 8 3
113 8 4
114 8 5
115 8 10
116 8 11
117 8 12
118 8 18
119 8 23
120 8 24
121 8 25
122 8 26
123 8 27
124 8 28
125 8 46
126 8 47
127 8 48
128 8 49
129 9 2
130 9 10
131 9 12
132 9 18
133 9 23
134 9 28
135 9 46
136 9 49
137 10 2
138 10 10
139 10 12
140 10 18
141 10 21
142 10 22
143 10 24
144 10 28
145 10 39
146 10 40
147 10 42
148 10 43
149 10 44
150 10 45
151 10 47
152 10 48
153 11 0
154 11 1
155 11 10
156 11 11
157 11 12
158 11 18
159 11 21
160 11 22
161 11 24
162 11 25
163 11 26
164 11 27
165 11 28
166 11 39
167 11 40
168 11 46
169 12 0
170 12 2
171 12 19
172 12 20
173 12 39
174 12 40
175 13 0
176 13 2
177 13 19
178 13 20
179 13 27
180 13 28
181 14 0
182 14 2
183 14 5
184 14 6
185 14 19
186 14 20
187 14 27
188 14 28
189 14 46
190 15 0
191 15 2
192 15 5
193 15 6
194 15 19
195 15 20
196 15 27
197 15 46
198 16 0
199 16 2
200 16 19
201 16 27
202 16 37
203 16 45
204 16 47
205 17 0
206 17 2
207 17 19
208 17 21
209 17 22
210 17 23
211 17 27
212 17 37
213 17 46
214 17 47
215 18 0
216 18 2
217 18 16
218 18 17
219 18 18
220 18 20
221 18 23
222 18 27
223 18 37
224 18 46
225 18 47
226 19 0
227 19 2
228 19 16
229 19 18
230 19 20
231 19 21
232 19 22
233 19 23
234 19 27
235 19 46
236 19 47
237 20 0
238 20 1
239 20 2
240 20 16
241 20 18
242 20 20
243 20 27
244 20 46
245 20 47
246 21 16
247 21 17
248 21 18
249 21 19
250 21 20
251 21 27
252 21 46
253 21 47
254 22 48
255 23 48
256 24 48
257 25 11
258 25 12
259 25 48
260 26 8
261 26 9
262 26 10
263 26 12
264 26 30
265 26 32
266 26 37
267 26 44
268 26 45
269 26 46
270 26 48
271 27 8
272 27 12
273 27 30
274 27 32
275 27 37
276 27 44
277 27 46
278 27 48
279 28 8
280 28 12
281 28 24
282 28 25
283 28 27
284 28 30
285 28 32
286 28 37
287 28 44
288 28 47
289 29 8
290 29 12
291 29 24
292 29 25
293 29 27
294 29 30
295 29 37
296 29 38
297 29 44
298 29 47
299 30 8
300 30 12
301 30 30
302 30 32
303 30 33
304 30 34
305 30 37
306 30 38
307 30 44
308 30 47
309 31 8
310 31 9
311 31 10
312 31 11
313 31 12
314 31 20
315 31 21
316 31 22
317 31 23
318 31 24
319 31 25
320 31 30
321 31 32
322 31 34
323 31 37
324 31 38
325 31 44
326 31 47
327 32 20
328 32 21
329 32 22
330 32 23
331 32 24
332 32 25
333 32 30
334 32 31
335 32 34
336 32 37
337 32 38
338 32 44
339 32 47
340 33 30
341 33 31
342 33 32
343 33 33
344 33 34
345 33 37
346 33 44
347 33 47
348 34 44
349 34 47
350 35 6
351 35 7
352 35 8
353 35 9
354 35 10
355 35 11
356 35 12
357 35 45
358 35 48
359 36 0
360 36 6
361 36 7
362 36 45
363 36 48
364 37 0
365 37 6
366 37 7
367 37 41
368 37 44
369 37 48
370 38 0
371 38 6
372 38 7
373 38 41
374 38 44
375 38 47
376 39 0
377 39 41
378 39 44
379 39 47
380 40 0
381 40 1
382 40 3
383 40 4
384 40 5
385 40 6
386 40 7
387 40 41
388 40 44
389 40 47
390 41 0
391 41 1
392 41 3
393 41 7
394 41 24
395 41 25
396 41 30
397 41 31
398 41 34
399 41 44
400 41 47
401 42 0
402 42 1
403 42 3
404 42 7
405 42 9
406 42 10
407 42 11
408 42 24
409 42 25
410 42 30
411 42 31
412 42 34
413 42 43
414 42 44
415 42 45
416 42 46
417 42 47
418 43 0
419 43 1
420 43 3
421 43 7
422 43 9
423 43 11
424 43 24
425 43 26
426 43 27
427 43 28
428 43 29
429 43 31
430 43 34
431 44 0
432 44 1
433 44 3
434 44 6
435 44 8
436 44 12
437 44 17
438 44 18
439 44 19
440 44 24
441 44 31
442 44 34
443 45 0
444 45 1
445 45 3
446 45 6
447 45 8
448 45 9
449 45 10
450 45 12
451 45 17
452 45 19
453 45 24
454 45 31
455 45 34
456 45 35
457 45 36
458 45 40
459 45 42
460 45 43
461 45 44
462 45 45
463 45 46
464 45 47
465 45 48
466 45 49
467 46 3
468 46 6
469 46 11
470 46 12
471 46 17
472 46 20
473 46 21
474 46 22
475 46 23
476 46 25
477 46 27
478 46 28
479 46 29
480 46 31
481 46 34
482 46 36
483 46 40
484 46 42
485 46 43
486 46 44
487 46 45
488 46 49
489 47 3
490 47 6
491 47 11
492 47 12
493 47 17
494 47 19
495 47 20
496 47 21
497 47 22
498 47 23
499 47 25
500 47 26
501 47 30
502 47 32
503 47 33
504 47 37
505 47 38
506 47 39
507 47 46
508 47 49
509 48 3
510 48 6
511 48 11
512 48 13
513 48 14
514 48 15
515 48 16
516 48 17
517 48 18
518 48 25
519 48 26
520 48 30
521 48 31
522 48 32
523 48 33
524 48 34
525 48 35
526 48 36
527 48 37
528 48 38
529 48 39
530 48 47
531 48 49
532 49 0
533 49 1
534 49 2
535 49 3
536 49 4
537 49 5
538 49 6
539 49 11
540 49 12
541 49 13
542 49 14
543 49 15
544 49 25
545 49 26
546 49 48
547 49 49
