5758
0 0 4
1 0 5
2 0 6
3 0 7
4 0 8
5 0 9
6 0 10
7 0 11
8 0 12
9 0 13
10 0 14
11 0 15
12 0 16
13 0 17
14 0 18
15 0 19
16 0 20
17 0 21
18 0 22
19 0 23
20 0 33
21 0 34
22 0 59
23 0 60
24 0 61
25 0 62
26 0 63
27 0 64
28 0 65
29 0 66
30 0 67
31 0 68
32 0 69
33 0 70
34 0 71
35 0 72
36 0 73
37 0 78
38 0 79
39 0 80
40 0 81
41 0 82
42 0 83
43 0 84
44 0 85
45 0 86
46 0 87
47 0 88
48 0 89
49 0 129
50 0 130
51 0 131
52 0 132
53 0 133
54 0 134
55 0 135
56 0 136
57 0 137
58 0 138
59 0 139
60 0 140
61 0 141
62 0 142
63 0 143
64 0 144
65 0 145
66 0 146
67 0 147
68 1 5
69 1 6
70 1 23
71 1 33
72 1 35
73 1 36
74 1 37
75 1 38
76 1 39
77 1 40
78 1 41
79 1 42
80 1 43
81 1 44
82 1 45
83 1 46
84 1 47
85 1 48
86 1 49
87 1 50
88 1 51
89 1 52
90 1 53
91 1 54
92 1 55
93 1 56
94 1 57
95 1 58
96 1 68
97 1 78
98 1 89
99 1 129
100 1 142
101 1 143
102 1 144
103 1 145
104 1 146
105 1 147
106 2 0
107 2 1
108 2 2
109 2 3
110 2 4
111 2 7
112 2 8
113 2 9
114 2 10
115 2 11
116 2 12
117 2 23
118 2 33
119 2 42
120 2 48
121 2 49
122 2 50
123 2 51
124 2 52
125 2 53
126 2 54
127 2 55
128 2 56
129 2 57
130 2 58
131 2 59
132 2 60
133 2 61
134 2 62
135 2 63
136 2 64
137 2 65
138 2 66
139 2 67
140 2 68
141 2 78
142 2 90
143 2 91
144 2 92
145 2 93
146 2 94
147 2 95
148 2 96
149 2 97
150 2 98
151 2 99
152 2 100
153 2 101
154 2 102
155 2 103
156 2 104
157 2 105
158 2 106
159 2 107
160 2 108
161 2 109
162 2 110
163 2 111
164 2 112
165 2 113
166 2 114
167 2 115
168 2 116
169 2 117
170 2 118
171 2 119
172 2 120
173 2 121
174 2 122
175 2 123
176 2 124
177 2 125
178 2 126
179 2 127
180 2 128
181 2 141
182 2 148
183 2 149
184 2 150
185 2 151
186 2 152
187 2 153
188 2 154
189 2 155
190 2 156
191 2 157
192 2 158
193 2 159
194 2 160
195 3 0
196 3 5
197 3 6
198 3 13
199 3 23
200 3 33
201 3 42
202 3 68
203 3 78
204 3 79
205 3 80
206 3 81
207 3 82
208 3 83
209 3 84
210 3 139
211 3 140
212 3 141
213 4 0
214 4 1
215 4 2
216 4 3
217 4 4
218 4 5
219 4 6
220 4 13
221 4 14
222 4 15
223 4 16
224 4 17
225 4 18
226 4 19
227 4 20
228 4 22
229 4 33
230 4 42
231 4 85
232 4 138
233 5 0
234 5 21
235 5 23
236 5 24
237 5 25
238 5 26
239 5 27
240 5 28
241 5 29
242 5 30
243 5 31
244 5 32
245 5 42
246 5 85
247 5 138
248 5 157
249 5 158
250 5 159
251 5 160
252 6 1
253 6 21
254 6 42
255 6 85
256 6 138
257 6 157
258 6 160
259 7 1
260 7 2
261 7 3
262 7 4
263 7 14
264 7 15
265 7 16
266 7 17
267 7 18
268 7 21
269 7 35
270 7 36
271 7 40
272 7 41
273 7 42
274 7 43
275 7 44
276 7 45
277 7 46
278 7 47
279 7 48
280 7 49
281 7 50
282 7 51
283 7 52
284 7 53
285 7 54
286 7 55
287 7 56
288 7 57
289 7 58
290 7 85
291 7 86
292 7 87
293 7 88
294 7 89
295 7 90
296 7 91
297 7 92
298 7 93
299 7 94
300 7 95
301 7 96
302 7 97
303 7 98
304 7 99
305 7 100
306 7 101
307 7 102
308 7 103
309 7 104
310 7 105
311 7 106
312 7 107
313 7 108
314 7 109
315 7 110
316 7 111
317 7 112
318 7 113
319 7 114
320 7 115
321 7 116
322 7 117
323 7 118
324 7 119
325 7 120
326 7 121
327 7 122
328 7 123
329 7 124
330 7 125
331 7 126
332 7 127
333 7 128
334 7 129
335 7 130
336 7 131
337 7 132
338 7 133
339 7 134
340 7 135
341 7 136
342 7 137
343 7 138
344 7 157
345 7 158
346 7 159
347 7 160
348 8 5
349 8 14
350 8 18
351 8 21
352 8 22
353 8 23
354 8 24
355 8 25
356 8 26
357 8 27
358 8 28
359 8 29
360 8 30
361 8 31
362 8 32
363 8 33
364 8 34
365 8 37
366 8 38
367 8 39
368 8 45
369 8 59
370 8 60
371 8 61
372 8 62
373 8 63
374 8 64
375 8 65
376 8 66
377 8 67
378 8 68
379 8 69
380 8 70
381 8 77
382 8 78
383 8 79
384 8 80
385 8 81
386 8 82
387 8 83
388 8 84
389 8 139
390 8 140
391 8 141
392 8 142
393 8 143
394 8 144
395 8 145
396 8 160
397 9 14
398 9 15
399 9 16
400 9 17
401 9 18
402 9 45
403 9 70
404 9 77
405 9 84
406 9 100
407 9 101
408 9 102
409 9 103
410 9 104
411 9 105
412 9 106
413 9 107
414 9 108
415 9 109
416 9 110
417 9 111
418 9 112
419 9 113
420 9 114
421 9 115
422 9 116
423 9 117
424 9 118
425 9 119
426 9 120
427 9 121
428 9 122
429 9 123
430 9 124
431 9 125
432 9 126
433 9 127
434 9 128
435 9 129
436 9 139
437 9 145
438 9 160
439 10 6
440 10 45
441 10 46
442 10 47
443 10 48
444 10 49
445 10 50
446 10 51
447 10 52
448 10 53
449 10 54
450 10 55
451 10 56
452 10 57
453 10 58
454 10 59
455 10 60
456 10 61
457 10 62
458 10 63
459 10 64
460 10 65
461 10 66
462 10 67
463 10 68
464 10 69
465 10 70
466 10 77
467 10 78
468 10 79
469 10 80
470 10 84
471 10 100
472 10 113
473 10 114
474 10 115
475 10 116
476 10 117
477 10 118
478 10 119
479 10 120
480 10 121
481 10 122
482 10 123
483 10 124
484 10 125
485 10 126
486 10 127
487 10 128
488 10 129
489 10 139
490 10 145
491 10 160
492 11 6
493 11 36
494 11 37
495 11 38
496 11 39
497 11 40
498 11 41
499 11 42
500 11 43
501 11 44
502 11 71
503 11 72
504 11 73
505 11 81
506 11 85
507 11 86
508 11 87
509 11 88
510 11 89
511 11 90
512 11 91
513 11 92
514 11 93
515 11 94
516 11 95
517 11 96
518 11 97
519 11 98
520 11 99
521 11 112
522 11 130
523 11 131
524 11 132
525 11 133
526 11 134
527 11 135
528 11 136
529 11 137
530 11 138
531 11 145
532 11 160
533 12 3
534 12 4
535 12 5
536 12 19
537 12 20
538 12 21
539 12 22
540 12 23
541 12 24
542 12 25
543 12 26
544 12 27
545 12 28
546 12 29
547 12 30
548 12 31
549 12 32
550 12 33
551 12 34
552 12 35
553 12 42
554 12 44
555 12 71
556 12 73
557 12 81
558 12 112
559 12 130
560 12 145
561 12 160
562 13 3
563 13 5
564 13 18
565 13 28
566 13 29
567 13 30
568 13 31
569 13 32
570 13 33
571 13 34
572 13 35
573 13 42
574 13 44
575 13 71
576 13 73
577 13 79
578 13 80
579 13 112
580 13 130
581 13 131
582 13 132
583 13 133
584 13 134
585 13 135
586 13 136
587 13 137
588 13 138
589 13 139
590 13 140
591 13 141
592 13 142
593 13 143
594 13 144
595 13 145
596 13 153
597 13 154
598 13 155
599 13 156
600 13 157
601 13 158
602 13 159
603 14 3
604 14 4
605 14 5
606 14 12
607 14 13
608 14 14
609 14 18
610 14 27
611 14 42
612 14 44
613 14 71
614 14 72
615 14 73
616 14 76
617 14 77
618 14 78
619 14 110
620 14 111
621 14 112
622 14 126
623 14 127
624 14 128
625 14 129
626 14 146
627 14 147
628 14 148
629 14 149
630 14 150
631 14 151
632 14 152
633 15 6
634 15 7
635 15 8
636 15 16
637 15 18
638 15 27
639 15 42
640 15 44
641 15 69
642 15 70
643 15 76
644 15 109
645 15 126
646 15 129
647 15 146
648 15 152
649 16 6
650 16 8
651 16 17
652 16 18
653 16 19
654 16 20
655 16 21
656 16 27
657 16 42
658 16 44
659 16 48
660 16 49
661 16 50
662 16 51
663 16 52
664 16 53
665 16 54
666 16 55
667 16 56
668 16 57
669 16 58
670 16 59
671 16 60
672 16 61
673 16 62
674 16 63
675 16 69
676 16 70
677 16 76
678 16 77
679 16 78
680 16 79
681 16 80
682 16 81
683 16 82
684 16 83
685 16 84
686 16 85
687 16 86
688 16 87
689 16 88
690 16 89
691 16 90
692 16 91
693 16 92
694 16 109
695 16 126
696 16 129
697 16 146
698 16 152
699 17 6
700 17 8
701 17 22
702 17 27
703 17 42
704 17 44
705 17 48
706 17 64
707 17 65
708 17 66
709 17 67
710 17 68
711 17 93
712 17 109
713 17 126
714 17 129
715 17 146
716 17 152
717 18 6
718 18 8
719 18 22
720 18 27
721 18 42
722 18 43
723 18 44
724 18 48
725 18 49
726 18 50
727 18 51
728 18 52
729 18 53
730 18 54
731 18 55
732 18 56
733 18 57
734 18 58
735 18 59
736 18 60
737 18 61
738 18 62
739 18 63
740 18 64
741 18 65
742 18 66
743 18 67
744 18 68
745 18 93
746 18 94
747 18 95
748 18 96
749 18 97
750 18 98
751 18 99
752 18 100
753 18 101
754 18 102
755 18 103
756 18 104
757 18 105
758 18 106
759 18 109
760 18 113
761 18 114
762 18 115
763 18 116
764 18 117
765 18 118
766 18 119
767 18 120
768 18 121
769 18 122
770 18 123
771 18 124
772 18 125
773 18 129
774 18 146
775 18 152
776 19 6
777 19 8
778 19 22
779 19 27
780 19 35
781 19 36
782 19 37
783 19 38
784 19 39
785 19 40
786 19 41
787 19 45
788 19 46
789 19 47
790 19 107
791 19 109
792 19 113
793 19 114
794 19 115
795 19 116
796 19 117
797 19 118
798 19 119
799 19 120
800 19 121
801 19 122
802 19 123
803 19 124
804 19 125
805 19 126
806 19 127
807 19 128
808 19 129
809 19 146
810 19 152
811 20 6
812 20 8
813 20 22
814 20 28
815 20 29
816 20 30
817 20 31
818 20 32
819 20 33
820 20 34
821 20 45
822 20 47
823 20 66
824 20 67
825 20 68
826 20 107
827 20 109
828 20 139
829 20 140
830 20 141
831 20 142
832 20 143
833 20 144
834 20 145
835 20 146
836 20 147
837 20 148
838 20 149
839 20 150
840 20 151
841 20 152
842 21 6
843 21 8
844 21 22
845 21 34
846 21 45
847 21 47
848 21 66
849 21 67
850 21 68
851 21 108
852 21 109
853 21 153
854 21 154
855 21 155
856 21 156
857 21 157
858 21 158
859 21 159
860 21 160
861 22 6
862 22 8
863 22 22
864 22 23
865 22 24
866 22 25
867 22 26
868 22 27
869 22 28
870 22 29
871 22 34
872 22 40
873 22 45
874 22 47
875 22 108
876 22 109
877 22 153
878 22 154
879 22 155
880 22 156
881 22 157
882 22 158
883 22 159
884 22 160
885 23 6
886 23 8
887 23 30
888 23 34
889 23 40
890 23 45
891 23 46
892 23 47
893 23 108
894 23 109
895 23 113
896 23 114
897 23 115
898 23 116
899 23 117
900 23 118
901 23 119
902 23 120
903 23 121
904 23 122
905 23 123
906 23 124
907 23 125
908 23 126
909 23 127
910 23 128
911 23 129
912 23 130
913 23 131
914 23 132
915 23 133
916 23 134
917 23 135
918 23 136
919 23 137
920 23 138
921 23 141
922 23 142
923 23 143
924 23 144
925 23 145
926 23 146
927 23 147
928 23 148
929 23 149
930 23 150
931 23 151
932 23 152
933 24 6
934 24 8
935 24 30
936 24 34
937 24 40
938 24 51
939 24 52
940 24 53
941 24 54
942 24 55
943 24 56
944 24 57
945 24 58
946 24 59
947 24 76
948 24 77
949 24 78
950 24 79
951 24 80
952 24 81
953 24 82
954 24 83
955 24 84
956 24 85
957 24 86
958 24 87
959 24 88
960 24 89
961 24 90
962 24 91
963 24 113
964 24 138
965 24 153
966 24 154
967 24 155
968 24 156
969 24 157
970 24 158
971 24 159
972 24 160
973 25 6
974 25 8
975 25 30
976 25 34
977 25 40
978 25 51
979 25 60
980 25 61
981 25 62
982 25 63
983 25 64
984 25 76
985 25 91
986 25 97
987 25 98
988 25 99
989 25 100
990 25 101
991 25 102
992 25 103
993 25 104
994 25 105
995 25 106
996 25 107
997 25 108
998 25 109
999 25 113
1000 25 114
1001 25 115
1002 25 116
1003 25 117
1004 25 118
1005 25 119
1006 25 120
1007 25 121
1008 25 122
1009 25 123
1010 25 124
1011 25 125
1012 25 126
1013 25 127
1014 25 128
1015 25 129
1016 25 130
1017 25 131
1018 25 132
1019 25 133
1020 25 134
1021 25 135
1022 25 136
1023 25 137
1024 25 138
1025 25 153
1026 25 154
1027 25 155
1028 25 156
1029 25 157
1030 25 158
1031 25 159
1032 25 160
1033 26 6
1034 26 8
1035 26 30
1036 26 33
1037 26 34
1038 26 36
1039 26 37
1040 26 38
1041 26 39
1042 26 40
1043 26 51
1044 26 64
1045 26 76
1046 26 92
1047 26 93
1048 26 94
1049 26 95
1050 26 96
1051 27 6
1052 27 8
1053 27 30
1054 27 32
1055 27 36
1056 27 40
1057 27 51
1058 27 52
1059 27 53
1060 27 54
1061 27 55
1062 27 56
1063 27 57
1064 27 58
1065 27 59
1066 27 60
1067 27 61
1068 27 62
1069 27 63
1070 27 64
1071 27 76
1072 27 77
1073 27 78
1074 27 79
1075 27 80
1076 27 81
1077 27 82
1078 27 83
1079 27 84
1080 27 85
1081 27 86
1082 27 87
1083 27 88
1084 27 89
1085 27 90
1086 27 91
1087 27 92
1088 27 93
1089 27 94
1090 27 95
1091 27 96
1092 27 115
1093 27 116
1094 27 117
1095 27 118
1096 27 119
1097 27 120
1098 27 121
1099 27 122
1100 27 123
1101 27 124
1102 27 125
1103 27 126
1104 27 127
1105 27 128
1106 27 129
1107 27 130
1108 27 131
1109 27 132
1110 27 133
1111 27 134
1112 27 135
1113 27 136
1114 27 137
1115 27 138
1116 27 153
1117 27 154
1118 27 155
1119 27 156
1120 27 157
1121 27 158
1122 27 159
1123 27 160
1124 28 6
1125 28 8
1126 28 30
1127 28 32
1128 28 36
1129 28 41
1130 28 42
1131 28 43
1132 28 44
1133 28 45
1134 28 46
1135 28 47
1136 28 49
1137 28 50
1138 28 65
1139 28 66
1140 28 67
1141 28 68
1142 28 69
1143 28 70
1144 28 97
1145 28 98
1146 28 99
1147 28 100
1148 28 101
1149 28 102
1150 28 103
1151 28 104
1152 28 105
1153 28 106
1154 28 107
1155 28 108
1156 28 109
1157 28 113
1158 28 114
1159 28 139
1160 28 140
1161 28 141
1162 28 142
1163 28 143
1164 28 144
1165 28 145
1166 28 146
1167 28 147
1168 28 148
1169 28 149
1170 28 150
1171 28 151
1172 28 152
1173 28 159
1174 28 160
1175 29 6
1176 29 8
1177 29 30
1178 29 31
1179 29 32
1180 29 36
1181 29 47
1182 29 49
1183 29 50
1184 29 65
1185 29 70
1186 29 90
1187 29 91
1188 29 92
1189 29 93
1190 29 94
1191 29 95
1192 29 96
1193 29 102
1194 29 104
1195 29 109
1196 29 113
1197 29 115
1198 29 116
1199 29 117
1200 29 118
1201 29 119
1202 29 120
1203 29 121
1204 29 122
1205 29 123
1206 29 124
1207 29 125
1208 29 126
1209 29 127
1210 29 128
1211 29 129
1212 29 130
1213 29 131
1214 29 139
1215 29 152
1216 29 159
1217 29 160
1218 30 6
1219 30 8
1220 30 12
1221 30 13
1222 30 14
1223 30 15
1224 30 16
1225 30 17
1226 30 18
1227 30 19
1228 30 20
1229 30 21
1230 30 22
1231 30 23
1232 30 24
1233 30 25
1234 30 26
1235 30 27
1236 30 28
1237 30 29
1238 30 36
1239 30 47
1240 30 49
1241 30 50
1242 30 65
1243 30 70
1244 30 90
1245 30 94
1246 30 95
1247 30 96
1248 30 97
1249 30 98
1250 30 99
1251 30 100
1252 30 101
1253 30 102
1254 30 104
1255 30 105
1256 30 106
1257 30 107
1258 30 108
1259 30 109
1260 30 113
1261 30 117
1262 30 118
1263 30 119
1264 30 120
1265 30 121
1266 30 122
1267 30 123
1268 30 124
1269 30 125
1270 30 126
1271 30 127
1272 30 128
1273 30 129
1274 30 130
1275 30 131
1276 30 139
1277 30 152
1278 30 159
1279 30 160
1280 31 6
1281 31 8
1282 31 12
1283 31 13
1284 31 14
1285 31 15
1286 31 16
1287 31 17
1288 31 18
1289 31 19
1290 31 20
1291 31 21
1292 31 22
1293 31 23
1294 31 24
1295 31 25
1296 31 26
1297 31 27
1298 31 28
1299 31 29
1300 31 36
1301 31 37
1302 31 38
1303 31 39
1304 31 40
1305 31 41
1306 31 42
1307 31 47
1308 31 49
1309 31 50
1310 31 63
1311 31 64
1312 31 66
1313 31 67
1314 31 68
1315 31 69
1316 31 70
1317 31 90
1318 31 93
1319 31 103
1320 31 113
1321 31 116
1322 31 139
1323 31 140
1324 31 141
1325 31 142
1326 31 143
1327 31 144
1328 31 145
1329 31 146
1330 31 147
1331 31 152
1332 31 159
1333 31 160
1334 32 6
1335 32 9
1336 32 10
1337 32 11
1338 32 30
1339 32 31
1340 32 32
1341 32 33
1342 32 34
1343 32 35
1344 32 43
1345 32 47
1346 32 49
1347 32 50
1348 32 63
1349 32 64
1350 32 70
1351 32 90
1352 32 91
1353 32 92
1354 32 93
1355 32 103
1356 32 113
1357 32 114
1358 32 115
1359 32 116
1360 32 148
1361 32 153
1362 32 154
1363 32 155
1364 32 156
1365 32 157
1366 32 158
1367 32 160
1368 33 6
1369 33 11
1370 33 30
1371 33 35
1372 33 43
1373 33 47
1374 33 49
1375 33 50
1376 33 52
1377 33 53
1378 33 54
1379 33 55
1380 33 56
1381 33 57
1382 33 58
1383 33 59
1384 33 60
1385 33 61
1386 33 62
1387 33 70
1388 33 84
1389 33 85
1390 33 86
1391 33 87
1392 33 88
1393 33 89
1394 33 103
1395 33 120
1396 33 121
1397 33 122
1398 33 123
1399 33 124
1400 33 125
1401 33 126
1402 33 127
1403 33 128
1404 33 129
1405 33 130
1406 33 131
1407 33 132
1408 33 133
1409 33 134
1410 33 135
1411 33 136
1412 33 148
1413 33 160
1414 34 6
1415 34 11
1416 34 30
1417 34 35
1418 34 43
1419 34 47
1420 34 49
1421 34 52
1422 34 53
1423 34 54
1424 34 55
1425 34 56
1426 34 57
1427 34 58
1428 34 59
1429 34 60
1430 34 61
1431 34 62
1432 34 70
1433 34 84
1434 34 89
1435 34 103
1436 34 120
1437 34 136
1438 34 148
1439 34 160
1440 35 6
1441 35 11
1442 35 30
1443 35 35
1444 35 43
1445 35 47
1446 35 49
1447 35 50
1448 35 51
1449 35 76
1450 35 77
1451 35 78
1452 35 79
1453 35 80
1454 35 81
1455 35 82
1456 35 83
1457 35 89
1458 35 92
1459 35 93
1460 35 103
1461 35 116
1462 35 120
1463 35 136
1464 35 148
1465 35 150
1466 35 151
1467 35 152
1468 35 153
1469 35 154
1470 35 155
1471 35 156
1472 35 157
1473 35 158
1474 35 159
1475 35 160
1476 36 6
1477 36 11
1478 36 30
1479 36 35
1480 36 43
1481 36 44
1482 36 45
1483 36 46
1484 36 47
1485 36 49
1486 36 51
1487 36 76
1488 36 89
1489 36 92
1490 36 93
1491 36 103
1492 36 116
1493 36 120
1494 36 136
1495 36 148
1496 36 149
1497 37 6
1498 37 11
1499 37 30
1500 37 31
1501 37 32
1502 37 35
1503 37 37
1504 37 38
1505 37 39
1506 37 40
1507 37 41
1508 37 50
1509 37 52
1510 37 53
1511 37 54
1512 37 76
1513 37 89
1514 37 92
1515 37 93
1516 37 103
1517 37 116
1518 37 120
1519 37 121
1520 37 122
1521 37 123
1522 37 124
1523 37 125
1524 37 126
1525 37 127
1526 37 128
1527 37 129
1528 37 130
1529 37 131
1530 37 132
1531 37 133
1532 37 134
1533 37 135
1534 37 136
1535 37 148
1536 37 149
1537 38 6
1538 38 11
1539 38 28
1540 38 29
1541 38 33
1542 38 35
1543 38 37
1544 38 38
1545 38 41
1546 38 50
1547 38 52
1548 38 54
1549 38 76
1550 38 89
1551 38 92
1552 38 93
1553 38 103
1554 38 113
1555 38 114
1556 38 115
1557 38 117
1558 38 118
1559 38 119
1560 38 148
1561 38 149
1562 39 6
1563 39 11
1564 39 28
1565 39 29
1566 39 33
1567 39 36
1568 39 39
1569 39 41
1570 39 50
1571 39 52
1572 39 54
1573 39 76
1574 39 89
1575 39 92
1576 39 93
1577 39 103
1578 39 116
1579 39 120
1580 39 121
1581 39 122
1582 39 123
1583 39 124
1584 39 125
1585 39 126
1586 39 127
1587 39 128
1588 39 129
1589 39 130
1590 39 131
1591 39 132
1592 39 133
1593 39 134
1594 39 135
1595 39 136
1596 39 137
1597 39 138
1598 39 139
1599 39 140
1600 39 141
1601 39 142
1602 39 143
1603 39 144
1604 39 145
1605 39 146
1606 39 147
1607 40 6
1608 40 11
1609 40 28
1610 40 29
1611 40 33
1612 40 36
1613 40 39
1614 40 41
1615 40 50
1616 40 52
1617 40 54
1618 40 76
1619 40 89
1620 40 92
1621 40 93
1622 40 103
1623 40 116
1624 40 120
1625 40 147
1626 41 6
1627 41 11
1628 41 28
1629 41 29
1630 41 33
1631 41 36
1632 41 39
1633 41 41
1634 41 50
1635 41 51
1636 41 54
1637 41 76
1638 41 77
1639 41 78
1640 41 79
1641 41 80
1642 41 81
1643 41 82
1644 41 83
1645 41 84
1646 41 85
1647 41 86
1648 41 87
1649 41 88
1650 41 89
1651 41 92
1652 41 93
1653 41 103
1654 41 116
1655 41 120
1656 41 147
1657 42 6
1658 42 11
1659 42 28
1660 42 29
1661 42 33
1662 42 36
1663 42 39
1664 42 41
1665 42 50
1666 42 51
1667 42 52
1668 42 53
1669 42 54
1670 42 74
1671 42 75
1672 42 90
1673 42 91
1674 42 94
1675 42 95
1676 42 96
1677 42 97
1678 42 98
1679 42 99
1680 42 100
1681 42 101
1682 42 102
1683 42 104
1684 42 105
1685 42 106
1686 42 107
1687 42 108
1688 42 109
1689 42 116
1690 42 120
1691 42 139
1692 42 140
1693 42 141
1694 42 142
1695 42 143
1696 42 144
1697 42 145
1698 42 146
1699 43 6
1700 43 11
1701 43 28
1702 43 29
1703 43 33
1704 43 36
1705 43 39
1706 43 42
1707 43 55
1708 43 56
1709 43 57
1710 43 58
1711 43 59
1712 43 60
1713 43 74
1714 43 75
1715 43 90
1716 43 91
1717 43 94
1718 43 95
1719 43 96
1720 43 97
1721 43 98
1722 43 103
1723 43 105
1724 43 109
1725 43 116
1726 43 120
1727 43 121
1728 43 122
1729 43 123
1730 43 124
1731 43 125
1732 43 126
1733 43 127
1734 43 128
1735 43 129
1736 43 130
1737 43 131
1738 43 132
1739 43 133
1740 43 134
1741 43 135
1742 43 136
1743 43 137
1744 43 138
1745 43 147
1746 43 148
1747 43 149
1748 43 157
1749 43 158
1750 43 159
1751 43 160
1752 44 6
1753 44 11
1754 44 28
1755 44 29
1756 44 33
1757 44 36
1758 44 39
1759 44 40
1760 44 41
1761 44 42
1762 44 55
1763 44 56
1764 44 57
1765 44 58
1766 44 59
1767 44 60
1768 44 61
1769 44 62
1770 44 74
1771 44 76
1772 44 77
1773 44 78
1774 44 79
1775 44 80
1776 44 81
1777 44 82
1778 44 83
1779 44 84
1780 44 85
1781 44 86
1782 44 87
1783 44 88
1784 44 89
1785 44 92
1786 44 93
1787 44 99
1788 44 100
1789 44 101
1790 44 102
1791 44 103
1792 44 105
1793 44 109
1794 44 113
1795 44 114
1796 44 115
1797 44 117
1798 44 118
1799 44 119
1800 44 147
1801 44 148
1802 44 149
1803 44 157
1804 44 160
1805 45 6
1806 45 11
1807 45 28
1808 45 29
1809 45 33
1810 45 37
1811 45 38
1812 45 39
1813 45 50
1814 45 51
1815 45 52
1816 45 53
1817 45 54
1818 45 74
1819 45 89
1820 45 92
1821 45 93
1822 45 106
1823 45 107
1824 45 108
1825 45 109
1826 45 113
1827 45 115
1828 45 117
1829 45 119
1830 45 147
1831 45 157
1832 45 160
1833 46 6
1834 46 11
1835 46 28
1836 46 29
1837 46 33
1838 46 39
1839 46 50
1840 46 51
1841 46 52
1842 46 53
1843 46 54
1844 46 74
1845 46 89
1846 46 92
1847 46 93
1848 46 114
1849 46 115
1850 46 117
1851 46 118
1852 46 119
1853 46 147
1854 46 157
1855 46 158
1856 46 159
1857 46 160
1858 47 6
1859 47 11
1860 47 28
1861 47 29
1862 47 33
1863 47 39
1864 47 74
1865 47 89
1866 47 92
1867 47 94
1868 47 95
1869 47 96
1870 47 97
1871 47 98
1872 47 99
1873 47 100
1874 47 116
1875 47 120
1876 47 121
1877 47 122
1878 47 123
1879 47 124
1880 47 125
1881 47 126
1882 47 127
1883 47 128
1884 47 129
1885 47 130
1886 47 131
1887 47 132
1888 47 133
1889 47 134
1890 47 135
1891 47 136
1892 47 137
1893 47 138
1894 47 139
1895 47 140
1896 47 141
1897 47 142
1898 47 143
1899 47 144
1900 47 145
1901 47 146
1902 48 6
1903 48 11
1904 48 28
1905 48 29
1906 48 33
1907 48 39
1908 48 42
1909 48 50
1910 48 51
1911 48 52
1912 48 53
1913 48 54
1914 48 55
1915 48 56
1916 48 57
1917 48 58
1918 48 59
1919 48 60
1920 48 61
1921 48 62
1922 48 63
1923 48 64
1924 48 65
1925 48 66
1926 48 67
1927 48 74
1928 48 89
1929 48 92
1930 48 100
1931 48 116
1932 48 120
1933 48 121
1934 48 122
1935 48 123
1936 48 146
1937 49 6
1938 49 11
1939 49 28
1940 49 29
1941 49 33
1942 49 39
1943 49 42
1944 49 50
1945 49 51
1946 49 52
1947 49 53
1948 49 65
1949 49 66
1950 49 67
1951 49 74
1952 49 89
1953 49 92
1954 49 100
1955 49 107
1956 49 108
1957 49 124
1958 49 146
1959 50 6
1960 50 11
1961 50 28
1962 50 29
1963 50 33
1964 50 34
1965 50 35
1966 50 36
1967 50 39
1968 50 42
1969 50 54
1970 50 64
1971 50 68
1972 50 69
1973 50 74
1974 50 89
1975 50 92
1976 50 100
1977 50 107
1978 50 108
1979 50 124
1980 50 136
1981 50 137
1982 50 138
1983 50 139
1984 50 140
1985 50 141
1986 50 142
1987 50 143
1988 50 144
1989 50 145
1990 50 146
1991 51 6
1992 51 11
1993 51 28
1994 51 29
1995 51 37
1996 51 39
1997 51 42
1998 51 45
1999 51 46
2000 51 47
2001 51 50
2002 51 51
2003 51 52
2004 51 53
2005 51 54
2006 51 64
2007 51 68
2008 51 69
2009 51 74
2010 51 89
2011 51 92
2012 51 100
2013 51 107
2014 51 109
2015 51 113
2016 51 114
2017 51 115
2018 51 116
2019 51 120
2020 51 121
2021 51 122
2022 51 123
2023 51 135
2024 52 6
2025 52 11
2026 52 28
2027 52 29
2028 52 37
2029 52 38
2030 52 42
2031 52 45
2032 52 47
2033 52 50
2034 52 53
2035 52 55
2036 52 64
2037 52 68
2038 52 69
2039 52 74
2040 52 75
2041 52 76
2042 52 77
2043 52 78
2044 52 79
2045 52 80
2046 52 89
2047 52 92
2048 52 100
2049 52 107
2050 52 109
2051 52 113
2052 52 116
2053 52 120
2054 52 135
2055 52 157
2056 52 158
2057 52 159
2058 53 6
2059 53 11
2060 53 20
2061 53 21
2062 53 22
2063 53 23
2064 53 24
2065 53 25
2066 53 26
2067 53 27
2068 53 33
2069 53 34
2070 53 35
2071 53 36
2072 53 42
2073 53 45
2074 53 47
2075 53 50
2076 53 53
2077 53 55
2078 53 56
2079 53 57
2080 53 58
2081 53 59
2082 53 60
2083 53 61
2084 53 62
2085 53 63
2086 53 64
2087 53 65
2088 53 66
2089 53 67
2090 53 81
2091 53 82
2092 53 83
2093 53 84
2094 53 85
2095 53 86
2096 53 87
2097 53 88
2098 53 89
2099 53 92
2100 53 93
2101 53 94
2102 53 95
2103 53 100
2104 53 107
2105 53 109
2106 53 113
2107 53 116
2108 53 120
2109 53 121
2110 53 122
2111 53 123
2112 53 124
2113 53 125
2114 53 126
2115 53 135
2116 53 157
2117 53 159
2118 54 6
2119 54 10
2120 54 11
2121 54 20
2122 54 27
2123 54 33
2124 54 37
2125 54 42
2126 54 45
2127 54 47
2128 54 50
2129 54 53
2130 54 96
2131 54 97
2132 54 98
2133 54 99
2134 54 100
2135 54 107
2136 54 109
2137 54 113
2138 54 116
2139 54 127
2140 54 135
2141 54 157
2142 54 159
2143 55 6
2144 55 9
2145 55 12
2146 55 13
2147 55 14
2148 55 15
2149 55 16
2150 55 17
2151 55 18
2152 55 19
2153 55 24
2154 55 25
2155 55 26
2156 55 27
2157 55 33
2158 55 37
2159 55 42
2160 55 45
2161 55 47
2162 55 50
2163 55 53
2164 55 94
2165 55 95
2166 55 101
2167 55 102
2168 55 103
2169 55 104
2170 55 105
2171 55 106
2172 55 109
2173 55 113
2174 55 116
2175 55 127
2176 55 135
2177 55 157
2178 55 159
2179 56 6
2180 56 9
2181 56 12
2182 56 23
2183 56 33
2184 56 37
2185 56 42
2186 56 45
2187 56 47
2188 56 50
2189 56 52
2190 56 54
2191 56 55
2192 56 56
2193 56 57
2194 56 58
2195 56 59
2196 56 96
2197 56 97
2198 56 98
2199 56 99
2200 56 101
2201 56 109
2202 56 113
2203 56 116
2204 56 127
2205 56 134
2206 56 135
2207 56 157
2208 56 159
2209 57 6
2210 57 9
2211 57 12
2212 57 23
2213 57 33
2214 57 37
2215 57 42
2216 57 45
2217 57 47
2218 57 50
2219 57 52
2220 57 54
2221 57 59
2222 57 62
2223 57 63
2224 57 64
2225 57 65
2226 57 66
2227 57 67
2228 57 96
2229 57 97
2230 57 98
2231 57 99
2232 57 101
2233 57 109
2234 57 113
2235 57 116
2236 57 127
2237 57 133
2238 57 157
2239 57 158
2240 57 159
2241 58 6
2242 58 7
2243 58 8
2244 58 9
2245 58 12
2246 58 23
2247 58 33
2248 58 34
2249 58 35
2250 58 36
2251 58 37
2252 58 42
2253 58 45
2254 58 46
2255 58 47
2256 58 50
2257 58 51
2258 58 52
2259 58 54
2260 58 59
2261 58 62
2262 58 68
2263 58 70
2264 58 73
2265 58 74
2266 58 75
2267 58 76
2268 58 77
2269 58 78
2270 58 79
2271 58 80
2272 58 81
2273 58 82
2274 58 83
2275 58 84
2276 58 85
2277 58 86
2278 58 87
2279 58 88
2280 58 89
2281 58 92
2282 58 93
2283 58 101
2284 58 104
2285 58 109
2286 58 113
2287 58 116
2288 58 127
2289 58 133
2290 58 155
2291 58 156
2292 58 160
2293 59 9
2294 59 12
2295 59 23
2296 59 25
2297 59 26
2298 59 27
2299 59 28
2300 59 29
2301 59 38
2302 59 41
2303 59 48
2304 59 49
2305 59 54
2306 59 55
2307 59 59
2308 59 62
2309 59 68
2310 59 70
2311 59 73
2312 59 89
2313 59 92
2314 59 93
2315 59 101
2316 59 103
2317 59 105
2318 59 109
2319 59 113
2320 59 116
2321 59 127
2322 59 133
2323 59 153
2324 59 154
2325 59 156
2326 60 9
2327 60 12
2328 60 23
2329 60 25
2330 60 26
2331 60 27
2332 60 28
2333 60 29
2334 60 38
2335 60 42
2336 60 43
2337 60 44
2338 60 45
2339 60 46
2340 60 47
2341 60 50
2342 60 51
2343 60 52
2344 60 53
2345 60 56
2346 60 59
2347 60 62
2348 60 68
2349 60 70
2350 60 73
2351 60 89
2352 60 92
2353 60 94
2354 60 95
2355 60 101
2356 60 103
2357 60 105
2358 60 106
2359 60 109
2360 60 113
2361 60 116
2362 60 127
2363 60 133
2364 60 153
2365 60 154
2366 60 155
2367 60 156
2368 61 9
2369 61 12
2370 61 23
2371 61 33
2372 61 34
2373 61 35
2374 61 36
2375 61 37
2376 61 56
2377 61 59
2378 61 62
2379 61 68
2380 61 70
2381 61 73
2382 61 89
2383 61 92
2384 61 95
2385 61 101
2386 61 104
2387 61 107
2388 61 109
2389 61 113
2390 61 116
2391 61 127
2392 61 132
2393 61 144
2394 61 157
2395 61 158
2396 61 159
2397 62 2
2398 62 3
2399 62 4
2400 62 5
2401 62 6
2402 62 7
2403 62 8
2404 62 12
2405 62 23
2406 62 33
2407 62 37
2408 62 56
2409 62 59
2410 62 62
2411 62 68
2412 62 70
2413 62 73
2414 62 83
2415 62 84
2416 62 85
2417 62 86
2418 62 87
2419 62 88
2420 62 89
2421 62 92
2422 62 93
2423 62 94
2424 62 95
2425 62 101
2426 62 104
2427 62 107
2428 62 109
2429 62 113
2430 62 116
2431 62 127
2432 62 132
2433 62 144
2434 62 157
2435 62 159
2436 63 2
2437 63 8
2438 63 12
2439 63 22
2440 63 33
2441 63 37
2442 63 42
2443 63 43
2444 63 44
2445 63 45
2446 63 46
2447 63 47
2448 63 50
2449 63 51
2450 63 52
2451 63 53
2452 63 54
2453 63 55
2454 63 59
2455 63 62
2456 63 68
2457 63 70
2458 63 73
2459 63 82
2460 63 90
2461 63 91
2462 63 101
2463 63 104
2464 63 108
2465 63 109
2466 63 113
2467 63 116
2468 63 127
2469 63 128
2470 63 129
2471 63 130
2472 63 131
2473 63 132
2474 63 144
2475 63 157
2476 63 159
2477 64 3
2478 64 8
2479 64 12
2480 64 22
2481 64 33
2482 64 34
2483 64 35
2484 64 36
2485 64 37
2486 64 42
2487 64 47
2488 64 50
2489 64 51
2490 64 52
2491 64 53
2492 64 54
2493 64 55
2494 64 59
2495 64 62
2496 64 63
2497 64 64
2498 64 65
2499 64 66
2500 64 67
2501 64 68
2502 64 70
2503 64 73
2504 64 74
2505 64 75
2506 64 76
2507 64 77
2508 64 78
2509 64 79
2510 64 80
2511 64 81
2512 64 82
2513 64 90
2514 64 91
2515 64 98
2516 64 99
2517 64 101
2518 64 104
2519 64 108
2520 64 109
2521 64 113
2522 64 116
2523 64 147
2524 64 157
2525 64 158
2526 64 159
2527 65 3
2528 65 8
2529 65 12
2530 65 22
2531 65 42
2532 65 47
2533 65 49
2534 65 56
2535 65 57
2536 65 58
2537 65 59
2538 65 69
2539 65 92
2540 65 93
2541 65 94
2542 65 95
2543 65 96
2544 65 97
2545 65 99
2546 65 101
2547 65 104
2548 65 108
2549 65 109
2550 65 113
2551 65 116
2552 65 144
2553 65 147
2554 66 3
2555 66 8
2556 66 12
2557 66 22
2558 66 42
2559 66 47
2560 66 50
2561 66 51
2562 66 52
2563 66 53
2564 66 54
2565 66 55
2566 66 92
2567 66 99
2568 66 101
2569 66 104
2570 66 108
2571 66 109
2572 66 113
2573 66 116
2574 66 144
2575 66 145
2576 66 146
2577 67 3
2578 67 8
2579 67 12
2580 67 22
2581 67 42
2582 67 47
2583 67 50
2584 67 55
2585 67 92
2586 67 99
2587 67 101
2588 67 104
2589 67 108
2590 67 109
2591 67 113
2592 67 114
2593 67 115
2594 67 116
2595 67 144
2596 67 145
2597 67 146
2598 68 4
2599 68 8
2600 68 12
2601 68 22
2602 68 42
2603 68 47
2604 68 50
2605 68 55
2606 68 92
2607 68 93
2608 68 94
2609 68 95
2610 68 96
2611 68 99
2612 68 101
2613 68 104
2614 68 107
2615 69 4
2616 69 8
2617 69 12
2618 69 22
2619 69 42
2620 69 47
2621 69 50
2622 69 55
2623 69 97
2624 69 98
2625 69 99
2626 69 101
2627 69 102
2628 69 103
2629 69 104
2630 69 107
2631 69 108
2632 69 109
2633 69 113
2634 69 114
2635 69 115
2636 69 116
2637 69 117
2638 69 118
2639 69 119
2640 69 120
2641 69 121
2642 69 122
2643 69 123
2644 69 124
2645 69 125
2646 69 126
2647 69 127
2648 69 128
2649 69 129
2650 69 130
2651 69 131
2652 69 132
2653 70 4
2654 70 8
2655 70 12
2656 70 13
2657 70 14
2658 70 22
2659 70 42
2660 70 45
2661 70 46
2662 70 47
2663 70 50
2664 70 51
2665 70 52
2666 70 53
2667 70 54
2668 70 55
2669 70 58
2670 70 59
2671 70 69
2672 70 100
2673 70 105
2674 70 106
2675 70 109
2676 70 113
2677 70 128
2678 71 4
2679 71 8
2680 71 15
2681 71 22
2682 71 33
2683 71 34
2684 71 35
2685 71 36
2686 71 37
2687 71 38
2688 71 41
2689 71 44
2690 71 48
2691 71 49
2692 71 56
2693 71 57
2694 71 60
2695 71 61
2696 71 62
2697 71 63
2698 71 64
2699 71 65
2700 71 66
2701 71 67
2702 71 68
2703 71 70
2704 71 73
2705 71 100
2706 71 105
2707 71 106
2708 71 109
2709 71 113
2710 71 128
2711 72 4
2712 72 8
2713 72 15
2714 72 22
2715 72 26
2716 72 27
2717 72 28
2718 72 29
2719 72 33
2720 72 38
2721 72 41
2722 72 44
2723 72 48
2724 72 49
2725 72 56
2726 72 57
2727 72 60
2728 72 68
2729 72 70
2730 72 97
2731 72 100
2732 72 105
2733 72 106
2734 72 109
2735 72 113
2736 72 127
2737 72 128
2738 73 4
2739 73 8
2740 73 15
2741 73 22
2742 73 26
2743 73 29
2744 73 33
2745 73 38
2746 73 40
2747 73 44
2748 73 48
2749 73 49
2750 73 56
2751 73 57
2752 73 60
2753 73 68
2754 73 70
2755 73 97
2756 73 100
2757 73 113
2758 73 126
2759 73 129
2760 73 130
2761 73 131
2762 73 132
2763 73 133
2764 73 135
2765 73 136
2766 73 137
2767 73 138
2768 73 139
2769 73 140
2770 73 141
2771 73 142
2772 74 4
2773 74 5
2774 74 6
2775 74 7
2776 74 8
2777 74 15
2778 74 22
2779 74 26
2780 74 27
2781 74 28
2782 74 29
2783 74 33
2784 74 38
2785 74 40
2786 74 44
2787 74 48
2788 74 49
2789 74 56
2790 74 57
2791 74 60
2792 74 68
2793 74 70
2794 74 71
2795 74 73
2796 74 79
2797 74 97
2798 74 100
2799 74 113
2800 74 126
2801 74 129
2802 74 130
2803 74 131
2804 74 132
2805 74 133
2806 74 135
2807 74 142
2808 75 0
2809 75 1
2810 75 9
2811 75 10
2812 75 11
2813 75 12
2814 75 15
2815 75 22
2816 75 25
2817 75 30
2818 75 33
2819 75 38
2820 75 40
2821 75 44
2822 75 48
2823 75 50
2824 75 51
2825 75 52
2826 75 53
2827 75 54
2828 75 56
2829 75 57
2830 75 60
2831 75 68
2832 75 70
2833 75 71
2834 75 73
2835 75 97
2836 75 100
2837 75 113
2838 75 120
2839 75 121
2840 75 122
2841 75 123
2842 75 124
2843 75 125
2844 75 126
2845 75 134
2846 75 142
2847 76 0
2848 76 1
2849 76 9
2850 76 12
2851 76 15
2852 76 22
2853 76 25
2854 76 30
2855 76 33
2856 76 35
2857 76 36
2858 76 37
2859 76 38
2860 76 40
2861 76 44
2862 76 48
2863 76 54
2864 76 56
2865 76 57
2866 76 60
2867 76 68
2868 76 70
2869 76 71
2870 76 97
2871 76 100
2872 76 113
2873 76 119
2874 76 134
2875 76 142
2876 77 0
2877 77 1
2878 77 9
2879 77 12
2880 77 15
2881 77 22
2882 77 25
2883 77 30
2884 77 33
2885 77 34
2886 77 38
2887 77 40
2888 77 44
2889 77 48
2890 77 49
2891 77 50
2892 77 54
2893 77 56
2894 77 57
2895 77 60
2896 77 61
2897 77 62
2898 77 63
2899 77 64
2900 77 65
2901 77 68
2902 77 70
2903 77 71
2904 77 97
2905 77 100
2906 77 113
2907 77 119
2908 77 132
2909 77 133
2910 77 142
2911 78 0
2912 78 1
2913 78 9
2914 78 12
2915 78 15
2916 78 16
2917 78 17
2918 78 18
2919 78 19
2920 78 20
2921 78 21
2922 78 22
2923 78 25
2924 78 30
2925 78 33
2926 78 34
2927 78 38
2928 78 40
2929 78 44
2930 78 51
2931 78 54
2932 78 56
2933 78 57
2934 78 66
2935 78 69
2936 78 100
2937 78 114
2938 78 115
2939 78 116
2940 78 117
2941 78 118
2942 78 119
2943 78 120
2944 78 121
2945 78 122
2946 78 123
2947 78 124
2948 78 132
2949 78 135
2950 78 136
2951 78 137
2952 78 138
2953 78 139
2954 78 140
2955 78 141
2956 78 142
2957 79 0
2958 79 1
2959 79 9
2960 79 13
2961 79 14
2962 79 23
2963 79 24
2964 79 30
2965 79 33
2966 79 35
2967 79 36
2968 79 38
2969 79 40
2970 79 44
2971 79 51
2972 79 54
2973 79 56
2974 79 57
2975 79 66
2976 79 69
2977 79 125
2978 79 126
2979 79 127
2980 79 128
2981 79 129
2982 79 130
2983 79 131
2984 79 134
2985 80 0
2986 80 1
2987 80 9
2988 80 14
2989 80 23
2990 80 24
2991 80 30
2992 80 33
2993 80 35
2994 80 36
2995 80 38
2996 80 40
2997 80 44
2998 80 51
2999 80 54
3000 80 56
3001 80 57
3002 80 66
3003 80 69
3004 80 125
3005 80 134
3006 81 0
3007 81 1
3008 81 9
3009 81 14
3010 81 23
3011 81 24
3012 81 30
3013 81 33
3014 81 35
3015 81 36
3016 81 38
3017 81 40
3018 81 41
3019 81 42
3020 81 43
3021 81 44
3022 81 51
3023 81 54
3024 81 56
3025 81 57
3026 81 66
3027 81 69
3028 81 125
3029 81 126
3030 81 127
3031 81 128
3032 81 129
3033 81 130
3034 81 131
3035 81 132
3036 81 133
3037 81 134
3038 82 0
3039 82 1
3040 82 9
3041 82 14
3042 82 23
3043 82 24
3044 82 30
3045 82 33
3046 82 35
3047 82 36
3048 82 38
3049 82 44
3050 82 51
3051 82 54
3052 82 56
3053 82 57
3054 82 66
3055 82 69
3056 82 84
3057 82 85
3058 82 92
3059 82 93
3060 82 94
3061 82 95
3062 82 96
3063 82 100
3064 82 101
3065 82 102
3066 82 103
3067 82 118
3068 82 119
3069 82 120
3070 82 121
3071 82 122
3072 82 123
3073 82 124
3074 82 135
3075 82 136
3076 82 137
3077 82 138
3078 82 139
3079 82 140
3080 82 141
3081 82 142
3082 82 143
3083 82 144
3084 83 0
3085 83 1
3086 83 9
3087 83 14
3088 83 23
3089 83 24
3090 83 33
3091 83 35
3092 83 36
3093 83 38
3094 83 44
3095 83 51
3096 83 54
3097 83 56
3098 83 57
3099 83 66
3100 83 69
3101 83 84
3102 83 85
3103 83 103
3104 83 118
3105 83 124
3106 83 135
3107 83 136
3108 83 137
3109 83 138
3110 83 139
3111 83 140
3112 83 141
3113 83 142
3114 83 143
3115 83 144
3116 84 0
3117 84 1
3118 84 9
3119 84 14
3120 84 23
3121 84 24
3122 84 33
3123 84 35
3124 84 36
3125 84 38
3126 84 44
3127 84 51
3128 84 54
3129 84 56
3130 84 57
3131 84 66
3132 84 69
3133 84 84
3134 84 85
3135 84 118
3136 84 124
3137 84 133
3138 84 134
3139 85 0
3140 85 1
3141 85 9
3142 85 14
3143 85 23
3144 85 24
3145 85 33
3146 85 35
3147 85 36
3148 85 39
3149 85 40
3150 85 41
3151 85 44
3152 85 51
3153 85 54
3154 85 56
3155 85 57
3156 85 66
3157 85 69
3158 85 84
3159 85 85
3160 85 118
3161 85 124
3162 85 133
3163 85 134
3164 86 0
3165 86 1
3166 86 9
3167 86 13
3168 86 14
3169 86 23
3170 86 24
3171 86 33
3172 86 35
3173 86 36
3174 86 39
3175 86 41
3176 86 44
3177 86 51
3178 86 54
3179 86 56
3180 86 57
3181 86 66
3182 86 69
3183 86 84
3184 86 85
3185 86 118
3186 86 124
3187 86 133
3188 86 134
3189 86 145
3190 86 146
3191 86 147
3192 87 0
3193 87 1
3194 87 9
3195 87 12
3196 87 15
3197 87 16
3198 87 17
3199 87 18
3200 87 23
3201 87 24
3202 87 33
3203 87 35
3204 87 36
3205 87 39
3206 87 41
3207 87 45
3208 87 46
3209 87 47
3210 87 51
3211 87 54
3212 87 56
3213 87 57
3214 87 66
3215 87 69
3216 87 84
3217 87 85
3218 87 118
3219 87 119
3220 87 120
3221 87 121
3222 87 122
3223 87 123
3224 87 124
3225 87 133
3226 87 134
3227 87 145
3228 87 147
3229 88 0
3230 88 1
3231 88 9
3232 88 12
3233 88 15
3234 88 18
3235 88 23
3236 88 24
3237 88 27
3238 88 28
3239 88 29
3240 88 33
3241 88 35
3242 88 36
3243 88 39
3244 88 41
3245 88 45
3246 88 47
3247 88 51
3248 88 54
3249 88 56
3250 88 57
3251 88 66
3252 88 69
3253 88 84
3254 88 85
3255 88 126
3256 88 127
3257 88 128
3258 88 129
3259 88 130
3260 88 131
3261 88 132
3262 88 134
3263 88 145
3264 88 147
3265 89 0
3266 89 1
3267 89 9
3268 89 12
3269 89 15
3270 89 18
3271 89 23
3272 89 24
3273 89 27
3274 89 29
3275 89 33
3276 89 35
3277 89 36
3278 89 39
3279 89 40
3280 89 41
3281 89 45
3282 89 46
3283 89 47
3284 89 51
3285 89 52
3286 89 53
3287 89 54
3288 89 56
3289 89 57
3290 89 66
3291 89 67
3292 89 68
3293 89 69
3294 89 126
3295 89 127
3296 89 128
3297 89 129
3298 89 130
3299 89 131
3300 89 132
3301 89 134
3302 89 145
3303 89 147
3304 90 0
3305 90 1
3306 90 9
3307 90 10
3308 90 11
3309 90 12
3310 90 15
3311 90 16
3312 90 17
3313 90 18
3314 90 23
3315 90 24
3316 90 27
3317 90 28
3318 90 29
3319 90 37
3320 90 38
3321 90 48
3322 90 49
3323 90 50
3324 90 55
3325 90 58
3326 90 59
3327 90 60
3328 90 61
3329 90 62
3330 90 63
3331 90 64
3332 90 65
3333 90 122
3334 90 123
3335 90 124
3336 90 125
3337 90 133
3338 90 134
3339 90 145
3340 90 147
3341 91 0
3342 91 1
3343 91 6
3344 91 7
3345 91 8
3346 91 19
3347 91 20
3348 91 21
3349 91 22
3350 91 25
3351 91 26
3352 91 33
3353 91 37
3354 91 38
3355 91 49
3356 91 50
3357 91 55
3358 91 56
3359 91 57
3360 91 65
3361 91 122
3362 91 125
3363 91 133
3364 91 134
3365 91 145
3366 91 147
3367 92 0
3368 92 1
3369 92 6
3370 92 8
3371 92 19
3372 92 22
3373 92 25
3374 92 26
3375 92 33
3376 92 49
3377 92 50
3378 92 55
3379 92 65
3380 92 122
3381 92 123
3382 92 124
3383 92 125
3384 92 133
3385 92 134
3386 92 145
3387 92 148
3388 92 157
3389 92 158
3390 92 159
3391 92 160
3392 93 0
3393 93 1
3394 93 6
3395 93 8
3396 93 19
3397 93 20
3398 93 21
3399 93 22
3400 93 25
3401 93 26
3402 93 33
3403 93 49
3404 93 50
3405 93 55
3406 93 65
3407 93 113
3408 93 114
3409 93 126
3410 93 127
3411 93 128
3412 93 131
3413 93 132
3414 93 145
3415 93 148
3416 93 151
3417 93 152
3418 93 160
3419 94 0
3420 94 1
3421 94 6
3422 94 7
3423 94 8
3424 94 10
3425 94 11
3426 94 12
3427 94 15
3428 94 16
3429 94 17
3430 94 18
3431 94 23
3432 94 24
3433 94 27
3434 94 28
3435 94 29
3436 94 30
3437 94 31
3438 94 32
3439 94 34
3440 94 35
3441 94 37
3442 94 38
3443 94 39
3444 94 40
3445 94 41
3446 94 49
3447 94 50
3448 94 55
3449 94 65
3450 94 110
3451 94 111
3452 94 112
3453 94 114
3454 94 126
3455 94 128
3456 94 131
3457 94 132
3458 94 145
3459 94 148
3460 94 151
3461 94 152
3462 94 160
3463 95 0
3464 95 1
3465 95 9
3466 95 12
3467 95 15
3468 95 18
3469 95 23
3470 95 24
3471 95 27
3472 95 32
3473 95 34
3474 95 35
3475 95 37
3476 95 41
3477 95 49
3478 95 50
3479 95 55
3480 95 56
3481 95 57
3482 95 58
3483 95 59
3484 95 60
3485 95 61
3486 95 62
3487 95 63
3488 95 64
3489 95 65
3490 95 103
3491 95 104
3492 95 110
3493 95 113
3494 95 114
3495 95 126
3496 95 127
3497 95 128
3498 95 131
3499 95 132
3500 95 145
3501 95 146
3502 95 147
3503 95 148
3504 95 151
3505 95 152
3506 95 160
3507 96 0
3508 96 1
3509 96 9
3510 96 12
3511 96 15
3512 96 18
3513 96 21
3514 96 22
3515 96 24
3516 96 27
3517 96 31
3518 96 32
3519 96 34
3520 96 36
3521 96 41
3522 96 48
3523 96 51
3524 96 52
3525 96 53
3526 96 54
3527 96 66
3528 96 67
3529 96 68
3530 96 69
3531 96 110
3532 96 112
3533 96 142
3534 96 143
3535 96 144
3536 96 149
3537 96 150
3538 96 152
3539 96 160
3540 97 0
3541 97 1
3542 97 9
3543 97 12
3544 97 15
3545 97 18
3546 97 21
3547 97 24
3548 97 27
3549 97 30
3550 97 33
3551 97 41
3552 97 48
3553 97 51
3554 97 54
3555 97 56
3556 97 57
3557 97 58
3558 97 59
3559 97 60
3560 97 61
3561 97 62
3562 97 63
3563 97 64
3564 97 65
3565 97 110
3566 97 112
3567 97 142
3568 97 144
3569 97 149
3570 97 152
3571 97 160
3572 98 0
3573 98 1
3574 98 9
3575 98 12
3576 98 15
3577 98 18
3578 98 21
3579 98 24
3580 98 27
3581 98 30
3582 98 33
3583 98 38
3584 98 39
3585 98 40
3586 98 41
3587 98 48
3588 98 51
3589 98 52
3590 98 53
3591 98 54
3592 98 56
3593 98 65
3594 98 110
3595 98 111
3596 98 112
3597 98 142
3598 98 144
3599 98 149
3600 98 153
3601 98 154
3602 98 160
3603 99 0
3604 99 1
3605 99 9
3606 99 12
3607 99 15
3608 99 18
3609 99 21
3610 99 24
3611 99 27
3612 99 30
3613 99 33
3614 99 37
3615 99 49
3616 99 50
3617 99 55
3618 99 65
3619 99 142
3620 99 144
3621 99 149
3622 99 150
3623 99 151
3624 99 152
3625 99 154
3626 99 160
3627 100 0
3628 100 1
3629 100 9
3630 100 12
3631 100 15
3632 100 18
3633 100 21
3634 100 24
3635 100 27
3636 100 30
3637 100 33
3638 100 36
3639 100 37
3640 100 49
3641 100 50
3642 100 55
3643 100 65
3644 100 83
3645 100 84
3646 100 85
3647 100 86
3648 100 87
3649 100 88
3650 100 89
3651 100 90
3652 100 91
3653 100 92
3654 100 93
3655 100 94
3656 100 95
3657 100 110
3658 100 111
3659 100 112
3660 100 142
3661 100 145
3662 100 146
3663 100 147
3664 100 148
3665 100 153
3666 100 154
3667 100 160
3668 101 0
3669 101 1
3670 101 9
3671 101 12
3672 101 15
3673 101 18
3674 101 21
3675 101 24
3676 101 27
3677 101 30
3678 101 33
3679 101 35
3680 101 38
3681 101 39
3682 101 40
3683 101 41
3684 101 48
3685 101 50
3686 101 55
3687 101 56
3688 101 65
3689 101 83
3690 101 84
3691 101 85
3692 101 86
3693 101 141
3694 101 148
3695 101 153
3696 101 154
3697 102 0
3698 102 1
3699 102 9
3700 102 12
3701 102 15
3702 102 18
3703 102 21
3704 102 24
3705 102 27
3706 102 30
3707 102 33
3708 102 35
3709 102 38
3710 102 41
3711 102 48
3712 102 50
3713 102 57
3714 102 65
3715 102 110
3716 102 111
3717 102 112
3718 102 113
3719 102 114
3720 102 141
3721 102 148
3722 102 153
3723 102 154
3724 103 0
3725 103 1
3726 103 9
3727 103 10
3728 103 11
3729 103 12
3730 103 15
3731 103 19
3732 103 20
3733 103 24
3734 103 27
3735 103 30
3736 103 33
3737 103 35
3738 103 38
3739 103 39
3740 103 40
3741 103 41
3742 103 48
3743 103 49
3744 103 50
3745 103 57
3746 103 66
3747 103 67
3748 103 68
3749 103 69
3750 103 70
3751 103 71
3752 103 72
3753 103 73
3754 103 110
3755 103 114
3756 103 141
3757 103 148
3758 103 153
3759 103 154
3760 104 0
3761 104 2
3762 104 3
3763 104 4
3764 104 5
3765 104 6
3766 104 7
3767 104 8
3768 104 15
3769 104 24
3770 104 27
3771 104 30
3772 104 33
3773 104 35
3774 104 42
3775 104 43
3776 104 44
3777 104 45
3778 104 46
3779 104 47
3780 104 53
3781 104 54
3782 104 57
3783 104 73
3784 104 110
3785 104 114
3786 104 141
3787 104 148
3788 104 153
3789 104 154
3790 105 0
3791 105 5
3792 105 6
3793 105 7
3794 105 8
3795 105 15
3796 105 24
3797 105 27
3798 105 30
3799 105 33
3800 105 35
3801 105 42
3802 105 47
3803 105 53
3804 105 54
3805 105 57
3806 105 58
3807 105 59
3808 105 60
3809 105 61
3810 105 62
3811 105 63
3812 105 64
3813 105 65
3814 105 66
3815 105 67
3816 105 68
3817 105 69
3818 105 70
3819 105 71
3820 105 72
3821 105 73
3822 105 110
3823 105 111
3824 105 112
3825 105 113
3826 105 114
3827 105 141
3828 105 142
3829 105 143
3830 105 144
3831 105 145
3832 105 146
3833 105 147
3834 105 148
3835 105 152
3836 105 155
3837 106 0
3838 106 4
3839 106 15
3840 106 20
3841 106 21
3842 106 22
3843 106 23
3844 106 24
3845 106 27
3846 106 30
3847 106 32
3848 106 35
3849 106 42
3850 106 47
3851 106 51
3852 106 52
3853 106 55
3854 106 56
3855 106 74
3856 106 76
3857 106 77
3858 106 78
3859 106 79
3860 106 80
3861 106 81
3862 106 82
3863 106 83
3864 106 84
3865 106 85
3866 106 86
3867 106 92
3868 106 93
3869 106 94
3870 106 95
3871 106 96
3872 106 100
3873 106 101
3874 106 102
3875 106 103
3876 106 104
3877 106 105
3878 106 106
3879 106 107
3880 106 108
3881 106 109
3882 106 118
3883 106 119
3884 106 120
3885 106 121
3886 106 123
3887 106 124
3888 106 125
3889 106 126
3890 106 127
3891 106 128
3892 106 131
3893 106 138
3894 106 139
3895 106 140
3896 106 149
3897 106 150
3898 106 151
3899 106 152
3900 106 155
3901 107 0
3902 107 4
3903 107 15
3904 107 19
3905 107 27
3906 107 30
3907 107 32
3908 107 35
3909 107 42
3910 107 47
3911 107 51
3912 107 52
3913 107 55
3914 107 56
3915 107 74
3916 107 76
3917 107 86
3918 107 92
3919 107 96
3920 107 100
3921 107 109
3922 107 118
3923 107 121
3924 107 123
3925 107 126
3926 107 141
3927 107 142
3928 107 143
3929 107 144
3930 107 145
3931 107 146
3932 107 147
3933 107 148
3934 107 153
3935 107 154
3936 108 0
3937 108 4
3938 108 15
3939 108 16
3940 108 17
3941 108 18
3942 108 19
3943 108 27
3944 108 28
3945 108 29
3946 108 30
3947 108 32
3948 108 35
3949 108 42
3950 108 47
3951 108 51
3952 108 52
3953 108 55
3954 108 56
3955 108 74
3956 108 76
3957 108 86
3958 108 92
3959 108 96
3960 108 100
3961 108 103
3962 108 104
3963 108 105
3964 108 106
3965 108 107
3966 108 108
3967 108 109
3968 108 118
3969 108 121
3970 108 123
3971 108 126
3972 108 141
3973 108 142
3974 108 143
3975 108 144
3976 108 145
3977 108 146
3978 108 147
3979 108 148
3980 108 153
3981 108 154
3982 109 0
3983 109 4
3984 109 13
3985 109 14
3986 109 27
3987 109 32
3988 109 35
3989 109 42
3990 109 47
3991 109 51
3992 109 52
3993 109 55
3994 109 56
3995 109 74
3996 109 76
3997 109 77
3998 109 78
3999 109 79
4000 109 80
4001 109 81
4002 109 82
4003 109 83
4004 109 84
4005 109 85
4006 109 86
4007 109 92
4008 109 93
4009 109 94
4010 109 95
4011 109 96
4012 109 100
4013 109 102
4014 109 110
4015 109 111
4016 109 112
4017 109 113
4018 109 114
4019 109 119
4020 109 120
4021 109 121
4022 109 123
4023 109 124
4024 109 125
4025 109 126
4026 109 127
4027 109 128
4028 109 131
4029 109 132
4030 109 133
4031 109 134
4032 109 135
4033 109 138
4034 109 139
4035 109 140
4036 109 149
4037 109 153
4038 109 154
4039 109 155
4040 110 0
4041 110 4
4042 110 13
4043 110 14
4044 110 27
4045 110 32
4046 110 35
4047 110 42
4048 110 47
4049 110 51
4050 110 52
4051 110 55
4052 110 56
4053 110 58
4054 110 59
4055 110 60
4056 110 61
4057 110 62
4058 110 74
4059 110 75
4060 110 87
4061 110 88
4062 110 89
4063 110 90
4064 110 91
4065 110 97
4066 110 98
4067 110 100
4068 110 102
4069 110 131
4070 110 141
4071 110 142
4072 110 143
4073 110 144
4074 110 145
4075 110 146
4076 110 147
4077 110 148
4078 111 0
4079 111 4
4080 111 13
4081 111 14
4082 111 27
4083 111 32
4084 111 35
4085 111 42
4086 111 47
4087 111 51
4088 111 52
4089 111 55
4090 111 56
4091 111 58
4092 111 62
4093 111 74
4094 111 75
4095 111 80
4096 111 81
4097 111 82
4098 111 83
4099 111 84
4100 111 85
4101 111 86
4102 111 100
4103 111 102
4104 111 141
4105 111 142
4106 111 143
4107 111 144
4108 111 145
4109 111 146
4110 111 148
4111 112 0
4112 112 4
4113 112 13
4114 112 14
4115 112 27
4116 112 32
4117 112 35
4118 112 42
4119 112 47
4120 112 51
4121 112 52
4122 112 55
4123 112 56
4124 112 58
4125 112 63
4126 112 64
4127 112 65
4128 112 66
4129 112 67
4130 112 68
4131 112 74
4132 112 75
4133 112 80
4134 112 81
4135 112 82
4136 112 83
4137 112 84
4138 112 85
4139 112 86
4140 112 100
4141 112 101
4142 112 102
4143 112 141
4144 112 147
4145 112 148
4146 113 0
4147 113 4
4148 113 13
4149 113 14
4150 113 27
4151 113 32
4152 113 35
4153 113 42
4154 113 47
4155 113 51
4156 113 52
4157 113 55
4158 113 56
4159 113 58
4160 113 68
4161 113 74
4162 113 75
4163 113 87
4164 113 88
4165 113 89
4166 113 90
4167 113 91
4168 113 92
4169 113 93
4170 113 94
4171 113 95
4172 113 96
4173 113 97
4174 113 98
4175 113 99
4176 113 103
4177 113 104
4178 113 105
4179 113 106
4180 113 107
4181 113 108
4182 113 109
4183 113 110
4184 113 111
4185 113 112
4186 113 113
4187 113 114
4188 113 141
4189 113 147
4190 113 148
4191 114 0
4192 114 4
4193 114 8
4194 114 13
4195 114 14
4196 114 27
4197 114 32
4198 114 35
4199 114 42
4200 114 47
4201 114 51
4202 114 52
4203 114 55
4204 114 56
4205 114 58
4206 114 68
4207 114 73
4208 114 75
4209 114 77
4210 114 78
4211 114 79
4212 114 80
4213 114 81
4214 114 82
4215 114 83
4216 114 84
4217 114 85
4218 114 86
4219 114 100
4220 114 101
4221 114 102
4222 115 0
4223 115 4
4224 115 8
4225 115 13
4226 115 14
4227 115 26
4228 115 27
4229 115 32
4230 115 35
4231 115 42
4232 115 47
4233 115 51
4234 115 52
4235 115 55
4236 115 56
4237 115 58
4238 115 66
4239 115 67
4240 115 68
4241 115 73
4242 115 75
4243 115 77
4244 115 86
4245 115 100
4246 115 102
4247 115 139
4248 115 141
4249 115 142
4250 116 0
4251 116 1
4252 116 2
4253 116 3
4254 116 4
4255 116 8
4256 116 13
4257 116 14
4258 116 26
4259 116 27
4260 116 32
4261 116 35
4262 116 42
4263 116 47
4264 116 51
4265 116 52
4266 116 55
4267 116 56
4268 116 58
4269 116 65
4270 116 73
4271 116 76
4272 116 78
4273 116 86
4274 116 100
4275 116 102
4276 117 5
4277 117 6
4278 117 7
4279 117 13
4280 117 14
4281 117 26
4282 117 27
4283 117 32
4284 117 35
4285 117 42
4286 117 47
4287 117 51
4288 117 52
4289 117 55
4290 117 56
4291 117 58
4292 117 65
4293 117 73
4294 117 76
4295 117 78
4296 117 86
4297 117 100
4298 117 101
4299 117 102
4300 117 131
4301 117 132
4302 117 133
4303 117 138
4304 117 139
4305 118 5
4306 118 7
4307 118 13
4308 118 14
4309 118 25
4310 118 32
4311 118 33
4312 118 34
4313 118 35
4314 118 42
4315 118 43
4316 118 44
4317 118 45
4318 118 46
4319 118 47
4320 118 51
4321 118 52
4322 118 55
4323 118 56
4324 118 58
4325 118 59
4326 118 60
4327 118 61
4328 118 62
4329 118 63
4330 118 64
4331 118 65
4332 118 73
4333 118 74
4334 118 75
4335 118 76
4336 118 78
4337 118 82
4338 118 83
4339 118 84
4340 118 85
4341 118 86
4342 118 96
4343 118 97
4344 118 98
4345 118 99
4346 118 103
4347 118 104
4348 118 105
4349 118 106
4350 118 107
4351 118 108
4352 118 109
4353 118 110
4354 118 111
4355 118 112
4356 118 113
4357 118 114
4358 118 115
4359 118 118
4360 119 5
4361 119 7
4362 119 13
4363 119 14
4364 119 25
4365 119 36
4366 119 37
4367 119 48
4368 119 49
4369 119 50
4370 119 53
4371 119 54
4372 119 57
4373 119 66
4374 119 67
4375 119 68
4376 119 69
4377 119 70
4378 119 71
4379 119 72
4380 119 78
4381 119 81
4382 120 5
4383 120 6
4384 120 7
4385 120 13
4386 120 14
4387 120 25
4388 120 36
4389 120 37
4390 120 48
4391 120 50
4392 120 53
4393 120 54
4394 120 66
4395 120 67
4396 120 68
4397 120 69
4398 120 72
4399 120 78
4400 120 82
4401 120 83
4402 120 84
4403 120 85
4404 120 86
4405 121 2
4406 121 3
4407 121 4
4408 121 8
4409 121 13
4410 121 14
4411 121 25
4412 121 36
4413 121 37
4414 121 48
4415 121 50
4416 121 53
4417 121 54
4418 121 70
4419 121 72
4420 121 78
4421 121 86
4422 121 147
4423 121 148
4424 121 149
4425 121 150
4426 121 151
4427 121 152
4428 121 153
4429 122 1
4430 122 48
4431 122 50
4432 122 70
4433 122 72
4434 122 78
4435 122 86
4436 122 147
4437 122 153
4438 123 1
4439 123 48
4440 123 50
4441 123 70
4442 123 72
4443 123 78
4444 123 86
4445 123 106
4446 123 107
4447 123 108
4448 123 109
4449 123 115
4450 123 118
4451 123 147
4452 123 153
4453 124 1
4454 124 48
4455 124 50
4456 124 53
4457 124 54
4458 124 55
4459 124 56
4460 124 57
4461 124 58
4462 124 70
4463 124 72
4464 124 78
4465 124 86
4466 124 99
4467 124 100
4468 124 101
4469 124 102
4470 124 103
4471 124 104
4472 124 105
4473 124 110
4474 124 111
4475 124 147
4476 124 153
4477 125 1
4478 125 48
4479 125 49
4480 125 50
4481 125 53
4482 125 54
4483 125 55
4484 125 56
4485 125 58
4486 125 70
4487 125 71
4488 125 72
4489 125 78
4490 125 79
4491 125 80
4492 125 81
4493 125 82
4494 125 83
4495 125 84
4496 125 85
4497 125 86
4498 125 147
4499 125 153
4500 126 1
4501 126 18
4502 126 19
4503 126 20
4504 126 21
4505 126 22
4506 126 23
4507 126 24
4508 126 30
4509 126 36
4510 126 37
4511 126 38
4512 126 39
4513 126 40
4514 126 41
4515 126 44
4516 126 45
4517 126 46
4518 126 47
4519 126 51
4520 126 52
4521 126 57
4522 126 59
4523 126 60
4524 126 61
4525 126 62
4526 126 63
4527 126 64
4528 126 65
4529 126 66
4530 126 67
4531 126 68
4532 126 69
4533 126 73
4534 126 74
4535 126 75
4536 126 76
4537 126 77
4538 126 87
4539 126 88
4540 126 89
4541 126 90
4542 126 91
4543 126 92
4544 126 93
4545 126 94
4546 126 95
4547 126 96
4548 126 97
4549 126 147
4550 126 148
4551 126 149
4552 126 150
4553 126 151
4554 126 152
4555 126 153
4556 127 15
4557 127 16
4558 127 17
4559 127 23
4560 127 24
4561 127 30
4562 127 36
4563 127 41
4564 127 44
4565 127 47
4566 127 51
4567 127 52
4568 127 57
4569 127 69
4570 127 73
4571 127 77
4572 127 87
4573 127 97
4574 127 116
4575 127 117
4576 127 118
4577 127 119
4578 127 120
4579 127 121
4580 127 125
4581 127 126
4582 127 142
4583 127 143
4584 127 144
4585 127 145
4586 127 146
4587 127 153
4588 128 15
4589 128 16
4590 128 18
4591 128 19
4592 128 20
4593 128 21
4594 128 22
4595 128 24
4596 128 27
4597 128 28
4598 128 29
4599 128 31
4600 128 32
4601 128 36
4602 128 41
4603 128 44
4604 128 47
4605 128 51
4606 128 52
4607 128 57
4608 128 69
4609 128 73
4610 128 78
4611 128 79
4612 128 80
4613 128 81
4614 128 82
4615 128 83
4616 128 84
4617 128 85
4618 128 87
4619 128 88
4620 128 98
4621 128 99
4622 128 100
4623 128 101
4624 128 102
4625 128 103
4626 128 104
4627 128 105
4628 128 106
4629 128 107
4630 128 108
4631 128 109
4632 128 110
4633 128 111
4634 128 114
4635 128 115
4636 128 122
4637 128 123
4638 128 125
4639 128 126
4640 128 142
4641 128 143
4642 128 144
4643 128 145
4644 128 146
4645 128 151
4646 128 152
4647 129 15
4648 129 16
4649 129 18
4650 129 24
4651 129 27
4652 129 28
4653 129 29
4654 129 31
4655 129 32
4656 129 36
4657 129 41
4658 129 44
4659 129 48
4660 129 49
4661 129 50
4662 129 52
4663 129 57
4664 129 69
4665 129 73
4666 129 85
4667 129 87
4668 129 89
4669 129 105
4670 129 114
4671 129 115
4672 129 122
4673 129 123
4674 129 125
4675 129 126
4676 129 147
4677 129 148
4678 129 149
4679 129 150
4680 129 152
4681 130 15
4682 130 16
4683 130 18
4684 130 24
4685 130 30
4686 130 32
4687 130 36
4688 130 41
4689 130 44
4690 130 45
4691 130 46
4692 130 47
4693 130 48
4694 130 49
4695 130 50
4696 130 51
4697 130 52
4698 130 57
4699 130 58
4700 130 59
4701 130 60
4702 130 61
4703 130 62
4704 130 69
4705 130 73
4706 130 85
4707 130 87
4708 130 89
4709 130 104
4710 130 105
4711 130 113
4712 130 115
4713 130 122
4714 130 123
4715 130 125
4716 130 126
4717 130 147
4718 130 148
4719 130 149
4720 130 150
4721 130 151
4722 130 152
4723 130 153
4724 131 8
4725 131 15
4726 131 16
4727 131 18
4728 131 24
4729 131 30
4730 131 32
4731 131 36
4732 131 41
4733 131 53
4734 131 54
4735 131 55
4736 131 56
4737 131 63
4738 131 69
4739 131 73
4740 131 85
4741 131 87
4742 131 89
4743 131 103
4744 131 106
4745 131 107
4746 131 108
4747 131 109
4748 131 110
4749 131 111
4750 131 112
4751 131 114
4752 131 115
4753 131 122
4754 131 123
4755 131 125
4756 131 126
4757 131 142
4758 131 143
4759 131 144
4760 131 145
4761 131 146
4762 131 154
4763 131 155
4764 132 15
4765 132 16
4766 132 18
4767 132 24
4768 132 30
4769 132 31
4770 132 32
4771 132 36
4772 132 41
4773 132 53
4774 132 56
4775 132 63
4776 132 69
4777 132 73
4778 132 81
4779 132 82
4780 132 83
4781 132 84
4782 132 85
4783 132 87
4784 132 89
4785 132 103
4786 132 106
4787 132 112
4788 132 114
4789 132 115
4790 132 122
4791 132 123
4792 132 125
4793 132 127
4794 132 128
4795 132 129
4796 132 130
4797 132 131
4798 132 132
4799 132 133
4800 132 141
4801 132 146
4802 132 150
4803 132 151
4804 132 152
4805 132 153
4806 133 15
4807 133 16
4808 133 18
4809 133 24
4810 133 30
4811 133 33
4812 133 34
4813 133 35
4814 133 37
4815 133 41
4816 133 53
4817 133 56
4818 133 63
4819 133 69
4820 133 73
4821 133 80
4822 133 87
4823 133 89
4824 133 103
4825 133 106
4826 133 112
4827 133 114
4828 133 115
4829 133 122
4830 133 123
4831 133 125
4832 133 133
4833 133 141
4834 133 146
4835 133 150
4836 133 153
4837 134 3
4838 134 4
4839 134 8
4840 134 15
4841 134 16
4842 134 18
4843 134 24
4844 134 30
4845 134 33
4846 134 35
4847 134 37
4848 134 41
4849 134 46
4850 134 47
4851 134 48
4852 134 49
4853 134 50
4854 134 51
4855 134 52
4856 134 56
4857 134 63
4858 134 69
4859 134 73
4860 134 76
4861 134 77
4862 134 78
4863 134 79
4864 134 80
4865 134 87
4866 134 89
4867 134 103
4868 134 106
4869 134 112
4870 134 114
4871 134 115
4872 134 122
4873 134 123
4874 134 125
4875 134 126
4876 134 127
4877 134 128
4878 134 129
4879 134 133
4880 134 141
4881 134 145
4882 134 150
4883 134 153
4884 135 3
4885 135 4
4886 135 8
4887 135 15
4888 135 16
4889 135 18
4890 135 24
4891 135 30
4892 135 33
4893 135 35
4894 135 37
4895 135 42
4896 135 43
4897 135 44
4898 135 45
4899 135 56
4900 135 63
4901 135 69
4902 135 73
4903 135 75
4904 135 81
4905 135 82
4906 135 83
4907 135 84
4908 135 85
4909 135 86
4910 135 89
4911 135 103
4912 135 106
4913 135 112
4914 135 122
4915 135 124
4916 135 130
4917 135 131
4918 135 132
4919 135 133
4920 135 141
4921 135 142
4922 135 143
4923 135 144
4924 135 145
4925 135 150
4926 135 151
4927 135 152
4928 135 153
4929 135 154
4930 135 155
4931 135 156
4932 135 157
4933 135 158
4934 135 159
4935 135 160
4936 136 3
4937 136 4
4938 136 8
4939 136 9
4940 136 10
4941 136 15
4942 136 16
4943 136 18
4944 136 24
4945 136 29
4946 136 33
4947 136 34
4948 136 35
4949 136 37
4950 136 38
4951 136 39
4952 136 40
4953 136 41
4954 136 42
4955 136 43
4956 136 44
4957 136 45
4958 136 46
4959 136 56
4960 136 63
4961 136 64
4962 136 65
4963 136 66
4964 136 67
4965 136 68
4966 136 69
4967 136 73
4968 136 74
4969 136 75
4970 136 81
4971 136 86
4972 136 89
4973 136 92
4974 136 93
4975 136 94
4976 136 95
4977 136 96
4978 136 97
4979 136 98
4980 136 99
4981 136 100
4982 136 101
4983 136 102
4984 136 103
4985 136 106
4986 136 112
4987 136 122
4988 136 124
4989 136 127
4990 136 128
4991 136 129
4992 136 146
4993 136 147
4994 136 148
4995 136 149
4996 137 2
4997 137 4
4998 137 8
4999 137 10
5000 137 13
5001 137 14
5002 137 16
5003 137 18
5004 137 23
5005 137 30
5006 137 31
5007 137 32
5008 137 36
5009 137 47
5010 137 48
5011 137 49
5012 137 50
5013 137 51
5014 137 52
5015 137 53
5016 137 54
5017 137 55
5018 137 56
5019 137 81
5020 137 86
5021 137 89
5022 137 91
5023 137 106
5024 137 111
5025 137 112
5026 137 122
5027 137 124
5028 137 127
5029 137 129
5030 137 146
5031 137 149
5032 138 2
5033 138 4
5034 138 8
5035 138 9
5036 138 10
5037 138 13
5038 138 14
5039 138 15
5040 138 16
5041 138 18
5042 138 19
5043 138 20
5044 138 21
5045 138 23
5046 138 30
5047 138 32
5048 138 36
5049 138 81
5050 138 82
5051 138 83
5052 138 84
5053 138 85
5054 138 86
5055 138 89
5056 138 90
5057 138 91
5058 138 106
5059 138 107
5060 138 108
5061 138 109
5062 138 110
5063 138 122
5064 138 124
5065 138 127
5066 138 129
5067 138 146
5068 138 149
5069 139 2
5070 139 5
5071 139 6
5072 139 7
5073 139 11
5074 139 12
5075 139 22
5076 139 24
5077 139 30
5078 139 32
5079 139 36
5080 139 92
5081 139 93
5082 139 94
5083 139 95
5084 139 96
5085 139 97
5086 139 98
5087 139 99
5088 139 100
5089 139 101
5090 139 102
5091 139 103
5092 139 104
5093 139 105
5094 139 111
5095 139 112
5096 139 113
5097 139 114
5098 139 115
5099 139 116
5100 139 117
5101 139 118
5102 139 119
5103 139 120
5104 139 121
5105 139 123
5106 139 124
5107 139 127
5108 139 129
5109 139 140
5110 139 141
5111 139 142
5112 139 143
5113 139 144
5114 139 145
5115 139 149
5116 140 2
5117 140 7
5118 140 11
5119 140 12
5120 140 22
5121 140 23
5122 140 24
5123 140 30
5124 140 32
5125 140 92
5126 140 93
5127 140 94
5128 140 95
5129 140 96
5130 140 97
5131 140 98
5132 140 99
5133 140 100
5134 140 101
5135 140 102
5136 140 103
5137 140 104
5138 140 105
5139 140 111
5140 140 112
5141 140 113
5142 140 114
5143 140 121
5144 140 123
5145 140 124
5146 140 127
5147 140 128
5148 140 129
5149 140 140
5150 140 149
5151 141 2
5152 141 7
5153 141 11
5154 141 12
5155 141 19
5156 141 20
5157 141 21
5158 141 25
5159 141 30
5160 141 32
5161 141 115
5162 141 116
5163 141 117
5164 141 118
5165 141 119
5166 141 120
5167 141 121
5168 141 123
5169 141 124
5170 141 140
5171 141 141
5172 141 142
5173 141 143
5174 141 144
5175 141 145
5176 141 146
5177 141 147
5178 141 148
5179 141 149
5180 142 2
5181 142 7
5182 142 13
5183 142 19
5184 142 21
5185 142 25
5186 142 30
5187 142 32
5188 142 84
5189 142 85
5190 142 125
5191 142 126
5192 142 127
5193 142 128
5194 142 129
5195 143 2
5196 143 7
5197 143 13
5198 143 19
5199 143 21
5200 143 25
5201 143 28
5202 143 29
5203 143 32
5204 143 79
5205 143 80
5206 143 83
5207 143 86
5208 143 125
5209 143 127
5210 143 128
5211 143 129
5212 144 2
5213 144 7
5214 144 13
5215 144 19
5216 144 21
5217 144 25
5218 144 28
5219 144 32
5220 144 79
5221 144 80
5222 144 83
5223 144 87
5224 144 88
5225 144 89
5226 144 90
5227 144 91
5228 144 92
5229 144 93
5230 144 94
5231 144 95
5232 144 96
5233 144 97
5234 144 98
5235 144 99
5236 144 100
5237 144 101
5238 144 102
5239 144 115
5240 144 116
5241 144 117
5242 144 118
5243 144 119
5244 144 120
5245 144 121
5246 144 123
5247 144 124
5248 144 126
5249 144 130
5250 144 131
5251 144 132
5252 144 134
5253 144 140
5254 144 141
5255 144 142
5256 144 143
5257 144 144
5258 144 145
5259 144 146
5260 144 147
5261 144 148
5262 144 149
5263 145 2
5264 145 7
5265 145 13
5266 145 19
5267 145 20
5268 145 21
5269 145 25
5270 145 28
5271 145 32
5272 145 36
5273 145 79
5274 145 80
5275 145 83
5276 145 87
5277 145 89
5278 145 90
5279 145 91
5280 145 92
5281 145 93
5282 145 102
5283 145 115
5284 145 121
5285 145 123
5286 145 126
5287 145 128
5288 145 129
5289 145 140
5290 145 141
5291 145 142
5292 145 143
5293 145 144
5294 145 145
5295 145 146
5296 145 147
5297 145 148
5298 145 149
5299 146 2
5300 146 7
5301 146 13
5302 146 22
5303 146 23
5304 146 24
5305 146 28
5306 146 32
5307 146 36
5308 146 79
5309 146 80
5310 146 83
5311 146 87
5312 146 88
5313 146 94
5314 146 95
5315 146 96
5316 146 97
5317 146 102
5318 146 115
5319 146 121
5320 146 123
5321 146 127
5322 146 132
5323 146 138
5324 146 139
5325 146 150
5326 146 151
5327 146 152
5328 146 153
5329 146 154
5330 146 155
5331 146 156
5332 146 157
5333 146 158
5334 146 159
5335 146 160
5336 147 2
5337 147 8
5338 147 9
5339 147 10
5340 147 13
5341 147 22
5342 147 24
5343 147 28
5344 147 33
5345 147 34
5346 147 35
5347 147 37
5348 147 38
5349 147 39
5350 147 84
5351 147 85
5352 147 86
5353 147 89
5354 147 90
5355 147 91
5356 147 92
5357 147 93
5358 147 98
5359 147 99
5360 147 100
5361 147 101
5362 147 102
5363 147 115
5364 147 116
5365 147 117
5366 147 118
5367 147 119
5368 147 121
5369 147 123
5370 147 127
5371 147 132
5372 147 140
5373 147 141
5374 147 142
5375 147 143
5376 147 144
5377 147 150
5378 147 151
5379 147 152
5380 147 153
5381 147 154
5382 147 155
5383 147 156
5384 147 157
5385 147 158
5386 147 159
5387 147 160
5388 148 2
5389 148 10
5390 148 13
5391 148 22
5392 148 24
5393 148 28
5394 148 35
5395 148 37
5396 148 39
5397 148 84
5398 148 103
5399 148 111
5400 148 112
5401 148 113
5402 148 114
5403 148 120
5404 148 121
5405 148 123
5406 148 124
5407 148 125
5408 148 127
5409 148 132
5410 148 140
5411 148 144
5412 148 146
5413 148 147
5414 148 148
5415 148 149
5416 149 2
5417 149 10
5418 149 13
5419 149 22
5420 149 24
5421 149 28
5422 149 35
5423 149 37
5424 149 39
5425 149 56
5426 149 57
5427 149 58
5428 149 59
5429 149 60
5430 149 61
5431 149 62
5432 149 115
5433 149 116
5434 149 117
5435 149 118
5436 149 119
5437 149 126
5438 149 127
5439 149 140
5440 149 141
5441 149 142
5442 149 143
5443 149 144
5444 149 146
5445 149 147
5446 149 148
5447 149 149
5448 150 2
5449 150 10
5450 150 13
5451 150 18
5452 150 19
5453 150 20
5454 150 21
5455 150 24
5456 150 28
5457 150 35
5458 150 37
5459 150 38
5460 150 39
5461 150 56
5462 150 57
5463 150 58
5464 150 59
5465 150 60
5466 150 62
5467 150 115
5468 150 119
5469 150 126
5470 150 127
5471 150 145
5472 151 2
5473 151 11
5474 151 12
5475 151 18
5476 151 19
5477 151 20
5478 151 21
5479 151 22
5480 151 23
5481 151 24
5482 151 28
5483 151 35
5484 151 40
5485 151 41
5486 151 42
5487 151 43
5488 151 44
5489 151 45
5490 151 46
5491 151 50
5492 151 51
5493 151 52
5494 151 53
5495 151 54
5496 151 55
5497 151 61
5498 151 63
5499 151 64
5500 151 65
5501 151 66
5502 151 67
5503 151 68
5504 151 69
5505 151 70
5506 151 71
5507 151 72
5508 151 73
5509 151 74
5510 151 75
5511 151 76
5512 151 77
5513 151 115
5514 151 119
5515 152 2
5516 152 12
5517 152 28
5518 152 35
5519 152 40
5520 152 46
5521 152 50
5522 152 55
5523 152 61
5524 152 77
5525 152 115
5526 152 116
5527 152 117
5528 152 118
5529 152 119
5530 153 2
5531 153 13
5532 153 28
5533 153 29
5534 153 30
5535 153 31
5536 153 32
5537 153 33
5538 153 34
5539 153 35
5540 153 40
5541 153 41
5542 153 42
5543 153 43
5544 153 44
5545 153 45
5546 153 46
5547 153 50
5548 153 51
5549 153 52
5550 153 53
5551 153 54
5552 153 55
5553 153 61
5554 153 62
5555 153 63
5556 153 64
5557 153 65
5558 153 66
5559 153 67
5560 153 68
5561 153 69
5562 153 70
5563 153 71
5564 153 72
5565 153 73
5566 153 74
5567 153 75
5568 153 76
5569 153 77
5570 153 89
5571 153 90
5572 153 91
5573 153 92
5574 153 93
5575 153 94
5576 153 95
5577 153 96
5578 153 141
5579 153 142
5580 153 143
5581 153 144
5582 153 145
5583 153 146
5584 153 147
5585 153 148
5586 153 149
5587 153 156
5588 153 157
5589 153 158
5590 153 159
5591 153 160
5592 154 2
5593 154 3
5594 154 4
5595 154 5
5596 154 6
5597 154 7
5598 154 8
5599 154 9
5600 154 10
5601 154 11
5602 154 12
5603 154 13
5604 154 36
5605 154 37
5606 154 38
5607 154 39
5608 154 56
5609 154 57
5610 154 58
5611 154 59
5612 154 60
5613 154 141
5614 154 142
5615 154 149
5616 154 156
5617 154 160
5618 155 0
5619 155 1
5620 155 36
5621 155 39
5622 155 143
5623 155 149
5624 155 156
5625 155 160
5626 156 0
5627 156 1
5628 156 21
5629 156 22
5630 156 23
5631 156 24
5632 156 25
5633 156 30
5634 156 36
5635 156 39
5636 156 143
5637 156 144
5638 156 149
5639 156 156
5640 156 160
5641 157 0
5642 157 1
5643 157 21
5644 157 25
5645 157 30
5646 157 36
5647 157 39
5648 157 142
5649 157 145
5650 157 149
5651 157 156
5652 157 160
5653 158 0
5654 158 1
5655 158 21
5656 158 25
5657 158 30
5658 158 36
5659 158 39
5660 158 56
5661 158 57
5662 158 58
5663 158 59
5664 158 60
5665 158 61
5666 158 62
5667 158 63
5668 158 64
5669 158 65
5670 158 66
5671 158 67
5672 158 68
5673 158 69
5674 158 70
5675 158 71
5676 158 72
5677 158 73
5678 158 74
5679 158 142
5680 158 145
5681 158 149
5682 158 156
5683 158 160
5684 159 0
5685 159 1
5686 159 21
5687 159 25
5688 159 30
5689 159 36
5690 159 37
5691 159 38
5692 159 39
5693 159 56
5694 159 57
5695 159 58
5696 159 59
5697 159 60
5698 159 61
5699 159 62
5700 159 63
5701 159 64
5702 159 65
5703 159 66
5704 159 67
5705 159 68
5706 159 69
5707 159 70
5708 159 71
5709 159 72
5710 159 73
5711 159 74
5712 159 142
5713 159 145
5714 159 149
5715 159 156
5716 159 160
5717 160 0
5718 160 1
5719 160 21
5720 160 22
5721 160 23
5722 160 24
5723 160 25
5724 160 28
5725 160 29
5726 160 31
5727 160 32
5728 160 33
5729 160 34
5730 160 35
5731 160 40
5732 160 42
5733 160 43
5734 160 44
5735 160 50
5736 160 51
5737 160 52
5738 160 53
5739 160 54
5740 160 55
5741 160 75
5742 160 76
5743 160 77
5744 160 89
5745 160 90
5746 160 142
5747 160 144
5748 160 145
5749 160 146
5750 160 147
5751 160 148
5752 160 149
5753 160 156
5754 160 157
5755 160 158
5756 160 159
5757 160 160
