262
0 0 5
1 0 6
2 0 7
3 0 8
4 0 9
5 0 10
6 0 11
7 0 13
8 0 14
9 0 15
10 1 5
11 1 11
12 1 13
13 1 14
14 1 15
15 1 23
16 1 24
17 1 25
18 1 26
19 1 27
20 1 28
21 1 29
22 2 5
23 2 6
24 2 7
25 2 8
26 2 9
27 2 11
28 2 16
29 2 17
30 2 18
31 2 19
32 2 20
33 2 21
34 2 22
35 2 29
36 3 2
37 3 3
38 3 4
39 3 10
40 3 11
41 3 16
42 3 17
43 3 23
44 3 24
45 3 25
46 3 26
47 3 27
48 3 28
49 3 29
50 4 2
51 4 4
52 4 10
53 4 11
54 4 18
55 4 19
56 4 20
57 4 21
58 4 22
59 5 2
60 5 4
61 5 10
62 5 11
63 5 16
64 5 17
65 6 2
66 6 3
67 6 4
68 6 10
69 6 11
70 7 10
71 7 11
72 8 0
73 8 1
74 8 5
75 8 6
76 8 10
77 8 11
78 8 15
79 8 16
80 8 17
81 8 22
82 8 23
83 8 28
84 8 29
85 9 0
86 9 1
87 9 8
88 9 9
89 9 10
90 9 11
91 9 15
92 9 17
93 9 22
94 9 23
95 9 28
96 10 0
97 10 15
98 10 17
99 10 22
100 10 23
101 10 28
102 11 15
103 11 16
104 11 17
105 11 22
106 11 23
107 11 28
108 12 3
109 12 4
110 12 5
111 12 6
112 12 7
113 12 8
114 12 9
115 12 12
116 12 13
117 12 14
118 12 18
119 12 19
120 12 20
121 12 21
122 12 22
123 12 23
124 12 28
125 13 3
126 13 4
127 13 10
128 13 11
129 13 14
130 13 18
131 13 19
132 13 28
133 14 3
134 14 4
135 14 10
136 14 11
137 14 12
138 14 13
139 14 14
140 14 16
141 14 17
142 14 18
143 14 19
144 14 28
145 15 3
146 15 4
147 15 15
148 15 27
149 15 29
150 15 30
151 16 3
152 16 4
153 16 8
154 16 15
155 16 27
156 16 28
157 16 29
158 16 30
159 17 3
160 17 4
161 17 8
162 17 15
163 17 24
164 17 25
165 17 26
166 18 3
167 18 5
168 18 8
169 18 24
170 18 26
171 19 3
172 19 5
173 19 8
174 19 23
175 19 26
176 20 3
177 20 4
178 20 5
179 20 8
180 20 9
181 20 10
182 20 11
183 20 14
184 20 15
185 20 24
186 20 26
187 21 24
188 21 25
189 22 24
190 22 25
191 23 2
192 23 9
193 23 10
194 23 12
195 23 13
196 23 22
197 23 23
198 24 2
199 24 5
200 24 9
201 24 10
202 24 12
203 24 14
204 24 15
205 24 16
206 24 24
207 24 25
208 24 26
209 24 27
210 24 28
211 24 29
212 25 2
213 25 5
214 25 9
215 25 10
216 25 12
217 25 16
218 25 24
219 25 25
220 25 29
221 26 1
222 26 2
223 26 5
224 26 9
225 26 10
226 26 12
227 26 13
228 26 14
229 26 15
230 26 16
231 26 26
232 26 27
233 26 28
234 26 29
235 27 1
236 27 2
237 27 5
238 27 9
239 27 10
240 27 12
241 27 30
242 28 1
243 28 2
244 28 5
245 28 9
246 28 10
247 28 12
248 28 30
249 29 0
250 29 2
251 29 5
252 29 9
253 29 10
254 29 12
255 30 0
256 30 1
257 30 2
258 30 5
259 30 9
260 30 10
261 30 12
