355
0 0 0
1 0 1
2 0 4
3 0 5
4 0 6
5 0 7
6 0 8
7 0 9
8 0 10
9 0 11
10 0 12
11 0 17
12 0 18
13 0 19
14 0 20
15 0 21
16 0 22
17 0 23
18 0 24
19 0 25
20 0 26
21 0 27
22 0 28
23 0 29
24 0 30
25 1 0
26 1 1
27 1 4
28 1 12
29 1 17
30 1 18
31 1 19
32 1 20
33 1 21
34 1 22
35 1 27
36 1 30
37 2 0
38 2 1
39 2 5
40 2 12
41 2 23
42 2 25
43 2 26
44 2 27
45 2 30
46 3 0
47 3 1
48 3 5
49 3 12
50 3 23
51 3 24
52 3 28
53 3 29
54 3 30
55 4 0
56 4 1
57 4 5
58 4 13
59 4 14
60 4 15
61 4 16
62 4 17
63 4 18
64 4 19
65 4 20
66 4 21
67 5 0
68 5 1
69 5 5
70 5 7
71 5 8
72 5 13
73 5 14
74 5 15
75 5 16
76 5 21
77 6 0
78 6 2
79 6 3
80 6 4
81 6 6
82 6 9
83 6 10
84 6 12
85 6 17
86 6 22
87 6 23
88 6 24
89 6 25
90 6 26
91 6 27
92 6 28
93 6 29
94 6 30
95 7 0
96 7 1
97 7 4
98 7 5
99 7 6
100 7 11
101 7 12
102 7 17
103 7 24
104 7 26
105 7 27
106 7 28
107 7 29
108 7 30
109 8 2
110 8 3
111 8 7
112 8 8
113 8 9
114 8 10
115 8 17
116 8 23
117 8 25
118 9 2
119 9 3
120 9 7
121 9 13
122 9 17
123 9 19
124 9 20
125 9 23
126 9 25
127 10 2
128 10 3
129 10 7
130 10 13
131 10 17
132 10 18
133 10 21
134 10 22
135 10 23
136 10 25
137 11 2
138 11 3
139 11 7
140 11 13
141 11 17
142 11 18
143 11 23
144 11 25
145 11 29
146 11 30
147 12 2
148 12 4
149 12 5
150 12 6
151 12 8
152 12 9
153 12 10
154 12 11
155 12 13
156 12 14
157 12 17
158 12 18
159 12 22
160 12 25
161 12 29
162 12 30
163 13 2
164 13 3
165 13 6
166 13 7
167 13 8
168 13 9
169 13 10
170 13 11
171 13 13
172 13 14
173 13 17
174 13 18
175 13 22
176 13 26
177 13 27
178 13 29
179 13 30
180 14 2
181 14 3
182 14 5
183 14 14
184 14 17
185 14 18
186 14 22
187 14 26
188 14 27
189 14 29
190 14 30
191 15 2
192 15 3
193 15 5
194 15 14
195 15 17
196 15 18
197 15 22
198 15 26
199 15 28
200 15 30
201 16 1
202 16 5
203 16 6
204 16 7
205 16 8
206 16 9
207 16 14
208 16 17
209 16 18
210 16 22
211 16 26
212 16 28
213 16 30
214 17 2
215 17 3
216 17 5
217 17 6
218 17 7
219 17 14
220 17 17
221 17 18
222 17 22
223 17 23
224 17 26
225 17 28
226 17 30
227 18 2
228 18 4
229 18 8
230 18 14
231 18 17
232 18 18
233 18 23
234 18 26
235 18 27
236 18 28
237 18 29
238 19 2
239 19 4
240 19 8
241 19 14
242 19 17
243 19 18
244 19 24
245 19 25
246 20 4
247 20 8
248 20 9
249 20 15
250 20 16
251 20 19
252 20 20
253 20 24
254 20 25
255 21 4
256 21 8
257 21 9
258 21 19
259 21 21
260 21 22
261 21 24
262 21 25
263 22 4
264 22 8
265 22 9
266 22 19
267 22 23
268 22 26
269 22 27
270 22 28
271 22 29
272 22 30
273 23 0
274 23 4
275 23 6
276 23 7
277 23 19
278 23 23
279 23 26
280 23 27
281 23 29
282 23 30
283 24 0
284 24 4
285 24 7
286 24 19
287 24 23
288 24 28
289 25 4
290 25 7
291 25 10
292 25 19
293 25 23
294 25 28
295 26 8
296 26 9
297 26 11
298 26 12
299 26 13
300 26 14
301 26 15
302 26 16
303 26 17
304 26 18
305 26 23
306 26 27
307 26 29
308 26 30
309 27 8
310 27 10
311 27 11
312 27 12
313 27 13
314 27 23
315 27 27
316 28 3
317 28 4
318 28 5
319 28 8
320 28 10
321 28 14
322 28 23
323 28 27
324 29 0
325 29 1
326 29 2
327 29 5
328 29 8
329 29 10
330 29 14
331 29 19
332 29 20
333 29 21
334 29 22
335 29 23
336 29 27
337 30 0
338 30 1
339 30 2
340 30 3
341 30 4
342 30 5
343 30 8
344 30 9
345 30 10
346 30 14
347 30 15
348 30 16
349 30 17
350 30 18
351 30 25
352 30 26
353 30 28
354 30 29
