1312
0 0 0
1 0 1
2 0 2
3 0 3
4 0 4
5 0 5
6 0 6
7 0 18
8 0 19
9 0 20
10 0 21
11 0 22
12 0 23
13 0 24
14 0 25
15 0 44
16 0 45
17 0 47
18 0 48
19 0 49
20 0 50
21 0 51
22 0 52
23 0 53
24 0 54
25 0 55
26 1 3
27 1 5
28 1 7
29 1 8
30 1 9
31 1 10
32 1 11
33 1 12
34 1 13
35 1 14
36 1 15
37 1 18
38 1 20
39 1 21
40 1 22
41 1 23
42 1 24
43 1 25
44 1 44
45 1 45
46 1 47
47 1 48
48 1 49
49 1 50
50 1 51
51 1 52
52 1 53
53 1 56
54 1 57
55 1 58
56 2 3
57 2 5
58 2 9
59 2 15
60 2 18
61 2 19
62 2 25
63 2 33
64 2 34
65 2 46
66 2 54
67 2 58
68 3 3
69 3 5
70 3 9
71 3 10
72 3 15
73 3 18
74 3 19
75 3 26
76 3 27
77 3 28
78 3 29
79 3 30
80 3 31
81 3 32
82 3 35
83 3 36
84 3 37
85 3 38
86 3 39
87 3 40
88 3 41
89 3 42
90 3 43
91 3 44
92 3 45
93 3 54
94 3 55
95 3 59
96 3 60
97 4 3
98 4 4
99 4 5
100 4 9
101 4 11
102 4 12
103 4 13
104 4 14
105 4 15
106 4 16
107 4 18
108 4 19
109 4 26
110 4 27
111 4 32
112 4 35
113 4 36
114 4 37
115 4 38
116 4 39
117 4 40
118 4 41
119 4 42
120 4 43
121 4 44
122 4 45
123 4 52
124 4 53
125 4 54
126 4 56
127 4 60
128 5 0
129 5 2
130 5 10
131 5 17
132 5 19
133 5 28
134 5 32
135 5 46
136 5 47
137 5 48
138 5 49
139 5 52
140 5 54
141 5 56
142 5 57
143 5 58
144 5 59
145 5 60
146 6 0
147 6 2
148 6 10
149 6 17
150 6 20
151 6 21
152 6 22
153 6 23
154 6 24
155 6 25
156 6 28
157 6 32
158 6 52
159 6 53
160 6 55
161 7 2
162 7 10
163 7 17
164 7 18
165 7 19
166 7 20
167 7 21
168 7 22
169 7 23
170 7 24
171 7 25
172 7 28
173 7 32
174 7 50
175 7 52
176 7 53
177 7 55
178 7 56
179 8 3
180 8 4
181 8 10
182 8 11
183 8 12
184 8 13
185 8 14
186 8 15
187 8 16
188 8 28
189 8 32
190 8 50
191 8 52
192 8 53
193 8 55
194 8 56
195 9 3
196 9 4
197 9 10
198 9 16
199 9 26
200 9 27
201 9 28
202 9 29
203 9 30
204 9 31
205 9 32
206 9 39
207 9 40
208 9 41
209 9 42
210 9 43
211 9 53
212 9 55
213 9 57
214 9 58
215 9 59
216 9 60
217 10 3
218 10 4
219 10 10
220 10 16
221 10 26
222 10 27
223 10 37
224 10 38
225 10 53
226 10 55
227 10 56
228 10 57
229 10 59
230 10 60
231 11 3
232 11 4
233 11 10
234 11 15
235 11 16
236 11 26
237 11 27
238 11 39
239 11 40
240 11 41
241 11 42
242 11 43
243 11 44
244 11 45
245 11 49
246 11 50
247 11 51
248 11 54
249 11 58
250 12 1
251 12 2
252 12 5
253 12 6
254 12 11
255 12 14
256 12 19
257 12 20
258 12 21
259 12 22
260 12 23
261 12 24
262 12 26
263 12 27
264 12 39
265 12 45
266 12 49
267 12 51
268 12 54
269 12 58
270 13 1
271 13 2
272 13 5
273 13 6
274 13 11
275 13 14
276 13 19
277 13 24
278 13 26
279 13 27
280 13 39
281 13 40
282 13 41
283 13 42
284 13 43
285 13 44
286 13 46
287 13 49
288 13 50
289 13 51
290 13 52
291 13 53
292 13 55
293 13 56
294 13 57
295 13 59
296 13 60
297 14 1
298 14 3
299 14 4
300 14 11
301 14 12
302 14 13
303 14 14
304 14 17
305 14 19
306 14 20
307 14 21
308 14 22
309 14 23
310 14 24
311 14 26
312 14 27
313 14 32
314 14 33
315 14 34
316 14 46
317 14 55
318 14 57
319 15 1
320 15 5
321 15 6
322 15 7
323 15 8
324 15 9
325 15 10
326 15 17
327 15 18
328 15 25
329 15 32
330 15 34
331 15 46
332 15 55
333 15 56
334 15 57
335 15 60
336 16 1
337 16 4
338 16 7
339 16 10
340 16 17
341 16 18
342 16 25
343 16 26
344 16 27
345 16 28
346 16 29
347 16 30
348 16 31
349 16 32
350 16 33
351 16 34
352 16 46
353 16 60
354 17 2
355 17 3
356 17 5
357 17 7
358 17 10
359 17 17
360 17 18
361 17 35
362 17 36
363 17 37
364 17 38
365 17 40
366 17 41
367 17 42
368 17 43
369 17 60
370 18 2
371 18 3
372 18 5
373 18 7
374 18 8
375 18 9
376 18 10
377 18 11
378 18 12
379 18 13
380 18 14
381 18 15
382 18 16
383 18 22
384 18 26
385 18 27
386 18 28
387 18 29
388 18 30
389 18 31
390 18 32
391 18 33
392 18 34
393 18 35
394 18 36
395 18 37
396 18 38
397 18 40
398 18 43
399 18 60
400 19 2
401 19 3
402 19 5
403 19 6
404 19 12
405 19 15
406 19 16
407 19 17
408 19 18
409 19 19
410 19 20
411 19 21
412 19 23
413 19 24
414 19 25
415 19 40
416 19 43
417 19 52
418 19 53
419 19 54
420 19 55
421 19 56
422 19 57
423 19 59
424 20 4
425 20 7
426 20 8
427 20 9
428 20 10
429 20 12
430 20 14
431 20 17
432 20 18
433 20 19
434 20 21
435 20 23
436 20 25
437 20 40
438 20 41
439 20 42
440 20 44
441 20 45
442 20 46
443 20 47
444 20 48
445 20 49
446 20 50
447 20 51
448 20 56
449 20 57
450 20 59
451 21 5
452 21 6
453 21 8
454 21 9
455 21 10
456 21 11
457 21 12
458 21 13
459 21 15
460 21 16
461 21 20
462 21 21
463 21 23
464 21 26
465 21 27
466 21 28
467 21 29
468 21 30
469 21 31
470 21 32
471 21 33
472 21 34
473 21 35
474 21 36
475 21 37
476 21 38
477 21 39
478 21 43
479 21 49
480 21 50
481 21 51
482 21 52
483 21 53
484 21 54
485 21 55
486 21 60
487 22 5
488 22 7
489 22 15
490 22 16
491 22 20
492 22 21
493 22 23
494 22 24
495 22 25
496 22 26
497 22 27
498 22 28
499 22 29
500 22 30
501 22 31
502 22 32
503 22 33
504 22 34
505 22 39
506 22 43
507 22 44
508 22 45
509 22 46
510 22 47
511 22 48
512 22 56
513 22 57
514 22 58
515 22 59
516 22 60
517 23 5
518 23 7
519 23 14
520 23 17
521 23 18
522 23 19
523 23 22
524 23 35
525 23 39
526 23 46
527 23 48
528 23 52
529 23 53
530 23 54
531 23 55
532 23 59
533 23 60
534 24 5
535 24 8
536 24 9
537 24 10
538 24 11
539 24 14
540 24 17
541 24 18
542 24 19
543 24 23
544 24 24
545 24 25
546 24 26
547 24 27
548 24 34
549 24 39
550 24 46
551 24 48
552 24 56
553 24 57
554 24 58
555 25 5
556 25 6
557 25 7
558 25 8
559 25 9
560 25 10
561 25 11
562 25 14
563 25 20
564 25 21
565 25 27
566 25 34
567 25 39
568 25 46
569 25 48
570 25 52
571 25 53
572 25 54
573 25 56
574 25 58
575 26 11
576 26 14
577 26 20
578 26 21
579 26 27
580 26 34
581 26 37
582 26 38
583 26 46
584 26 48
585 26 55
586 26 57
587 26 58
588 27 3
589 27 4
590 27 5
591 27 6
592 27 7
593 27 8
594 27 9
595 27 10
596 27 12
597 27 13
598 27 15
599 27 16
600 27 24
601 27 25
602 27 26
603 27 27
604 27 34
605 27 35
606 27 36
607 27 46
608 27 49
609 27 50
610 27 51
611 27 52
612 27 55
613 27 57
614 27 58
615 28 3
616 28 10
617 28 14
618 28 17
619 28 22
620 28 23
621 28 26
622 28 28
623 28 29
624 28 30
625 28 46
626 28 47
627 28 48
628 28 49
629 28 50
630 28 51
631 28 52
632 28 55
633 28 57
634 28 58
635 29 3
636 29 10
637 29 14
638 29 17
639 29 19
640 29 20
641 29 21
642 29 23
643 29 24
644 29 25
645 29 26
646 29 27
647 29 38
648 29 39
649 29 40
650 29 41
651 29 42
652 29 43
653 29 44
654 29 45
655 29 55
656 29 57
657 29 58
658 30 3
659 30 4
660 30 5
661 30 6
662 30 7
663 30 8
664 30 9
665 30 10
666 30 14
667 30 17
668 30 18
669 30 22
670 30 28
671 30 29
672 30 30
673 30 55
674 30 57
675 30 58
676 31 11
677 31 12
678 31 13
679 31 15
680 31 16
681 31 18
682 31 22
683 31 26
684 31 27
685 31 42
686 31 43
687 31 44
688 31 45
689 31 46
690 31 47
691 31 48
692 31 49
693 31 50
694 31 51
695 31 52
696 31 53
697 31 56
698 31 59
699 31 60
700 32 11
701 32 14
702 32 16
703 32 18
704 32 23
705 32 24
706 32 25
707 32 29
708 32 30
709 32 31
710 32 42
711 32 49
712 32 50
713 32 51
714 32 52
715 32 53
716 32 56
717 32 59
718 32 60
719 33 11
720 33 16
721 33 18
722 33 26
723 33 27
724 33 28
725 33 29
726 33 30
727 33 31
728 33 42
729 33 43
730 33 48
731 33 56
732 33 59
733 33 60
734 34 11
735 34 12
736 34 13
737 34 14
738 34 15
739 34 16
740 34 18
741 34 32
742 34 33
743 34 34
744 34 35
745 34 36
746 34 37
747 34 38
748 34 39
749 34 40
750 34 42
751 34 44
752 34 45
753 34 46
754 34 47
755 34 48
756 34 49
757 34 50
758 34 51
759 34 52
760 34 53
761 34 54
762 34 55
763 34 59
764 34 60
765 35 5
766 35 6
767 35 7
768 35 8
769 35 9
770 35 17
771 35 18
772 35 28
773 35 29
774 35 30
775 35 31
776 35 40
777 35 41
778 35 42
779 35 55
780 35 59
781 35 60
782 36 3
783 36 4
784 36 17
785 36 18
786 36 28
787 36 31
788 36 40
789 36 42
790 36 43
791 36 44
792 36 45
793 36 46
794 36 47
795 36 48
796 36 49
797 36 50
798 36 51
799 36 52
800 36 55
801 36 58
802 36 60
803 37 3
804 37 4
805 37 17
806 37 18
807 37 28
808 37 32
809 37 33
810 37 34
811 37 35
812 37 36
813 37 37
814 37 38
815 37 40
816 37 41
817 37 53
818 37 54
819 37 55
820 37 59
821 38 5
822 38 6
823 38 7
824 38 8
825 38 14
826 38 15
827 38 16
828 38 19
829 38 20
830 38 28
831 38 33
832 38 39
833 38 41
834 38 48
835 38 49
836 38 50
837 38 51
838 38 59
839 39 5
840 39 6
841 39 7
842 39 8
843 39 14
844 39 16
845 39 19
846 39 20
847 39 28
848 39 30
849 39 33
850 39 39
851 39 42
852 39 43
853 39 44
854 39 45
855 39 46
856 39 47
857 39 49
858 39 51
859 39 60
860 40 0
861 40 1
862 40 2
863 40 3
864 40 4
865 40 12
866 40 13
867 40 14
868 40 15
869 40 16
870 40 19
871 40 20
872 40 28
873 40 29
874 40 31
875 40 32
876 40 33
877 40 34
878 40 35
879 40 36
880 40 37
881 40 38
882 40 40
883 40 45
884 40 48
885 40 50
886 40 52
887 40 53
888 40 54
889 40 55
890 40 56
891 40 57
892 40 58
893 40 60
894 41 0
895 41 4
896 41 17
897 41 18
898 41 21
899 41 22
900 41 23
901 41 24
902 41 25
903 41 26
904 41 27
905 41 29
906 41 40
907 41 45
908 41 48
909 41 50
910 41 59
911 41 60
912 42 0
913 42 3
914 42 8
915 42 9
916 42 10
917 42 11
918 42 17
919 42 18
920 42 21
921 42 29
922 42 31
923 42 32
924 42 33
925 42 34
926 42 40
927 42 43
928 42 44
929 42 45
930 42 48
931 42 50
932 42 51
933 42 52
934 42 53
935 42 54
936 42 55
937 42 56
938 42 57
939 42 58
940 42 59
941 42 60
942 43 0
943 43 3
944 43 17
945 43 19
946 43 20
947 43 22
948 43 23
949 43 29
950 43 31
951 43 32
952 43 33
953 43 34
954 43 40
955 43 41
956 43 42
957 43 46
958 43 47
959 43 49
960 44 0
961 44 3
962 44 11
963 44 12
964 44 13
965 44 17
966 44 20
967 44 24
968 44 29
969 44 37
970 44 38
971 44 39
972 44 46
973 44 47
974 44 49
975 45 0
976 45 3
977 45 11
978 45 12
979 45 13
980 45 17
981 45 20
982 45 24
983 45 29
984 45 32
985 45 33
986 45 34
987 45 35
988 45 36
989 45 39
990 45 46
991 45 47
992 45 49
993 46 0
994 46 3
995 46 11
996 46 17
997 46 20
998 46 24
999 46 28
1000 46 29
1001 46 30
1002 46 31
1003 46 37
1004 46 39
1005 46 49
1006 47 0
1007 47 1
1008 47 3
1009 47 11
1010 47 17
1011 47 18
1012 47 19
1013 47 20
1014 47 24
1015 47 25
1016 47 26
1017 47 27
1018 47 31
1019 47 37
1020 47 38
1021 47 39
1022 47 49
1023 47 56
1024 47 57
1025 47 60
1026 48 2
1027 48 3
1028 48 11
1029 48 17
1030 48 21
1031 48 22
1032 48 23
1033 48 28
1034 48 29
1035 48 30
1036 48 36
1037 48 49
1038 48 55
1039 48 60
1040 49 2
1041 49 3
1042 49 11
1043 49 17
1044 49 18
1045 49 19
1046 49 20
1047 49 24
1048 49 25
1049 49 28
1050 49 31
1051 49 32
1052 49 33
1053 49 34
1054 49 35
1055 49 37
1056 49 38
1057 49 39
1058 49 40
1059 49 41
1060 49 42
1061 49 50
1062 49 51
1063 49 55
1064 49 60
1065 50 2
1066 50 3
1067 50 9
1068 50 10
1069 50 12
1070 50 13
1071 50 14
1072 50 19
1073 50 25
1074 50 28
1075 50 31
1076 50 36
1077 50 38
1078 50 43
1079 50 44
1080 50 45
1081 50 50
1082 50 51
1083 50 55
1084 50 60
1085 51 2
1086 51 3
1087 51 6
1088 51 7
1089 51 8
1090 51 12
1091 51 14
1092 51 19
1093 51 25
1094 51 28
1095 51 32
1096 51 33
1097 51 34
1098 51 36
1099 51 38
1100 51 39
1101 51 43
1102 51 44
1103 51 45
1104 51 49
1105 51 51
1106 51 55
1107 51 60
1108 52 3
1109 52 6
1110 52 8
1111 52 12
1112 52 14
1113 52 19
1114 52 23
1115 52 24
1116 52 25
1117 52 28
1118 52 32
1119 52 34
1120 52 36
1121 52 40
1122 52 42
1123 52 46
1124 52 47
1125 52 48
1126 52 51
1127 52 55
1128 52 60
1129 53 4
1130 53 5
1131 53 8
1132 53 12
1133 53 14
1134 53 19
1135 53 22
1136 53 26
1137 53 27
1138 53 28
1139 53 32
1140 53 34
1141 53 36
1142 53 40
1143 53 42
1144 53 45
1145 53 52
1146 53 53
1147 53 54
1148 53 56
1149 53 57
1150 53 58
1151 53 59
1152 53 60
1153 54 4
1154 54 8
1155 54 13
1156 54 14
1157 54 19
1158 54 22
1159 54 26
1160 54 28
1161 54 30
1162 54 31
1163 54 33
1164 54 34
1165 54 37
1166 54 38
1167 54 39
1168 54 42
1169 54 45
1170 54 50
1171 54 51
1172 54 55
1173 54 60
1174 55 4
1175 55 5
1176 55 6
1177 55 8
1178 55 13
1179 55 14
1180 55 19
1181 55 22
1182 55 26
1183 55 28
1184 55 30
1185 55 31
1186 55 32
1187 55 35
1188 55 37
1189 55 38
1190 55 39
1191 55 40
1192 55 41
1193 55 42
1194 55 43
1195 55 44
1196 55 50
1197 55 51
1198 55 55
1199 55 56
1200 55 57
1201 55 58
1202 55 59
1203 55 60
1204 56 7
1205 56 9
1206 56 10
1207 56 11
1208 56 12
1209 56 14
1210 56 19
1211 56 22
1212 56 26
1213 56 28
1214 56 33
1215 56 34
1216 56 45
1217 57 7
1218 57 8
1219 57 14
1220 57 19
1221 57 22
1222 57 26
1223 57 28
1224 57 33
1225 57 34
1226 57 45
1227 58 3
1228 58 7
1229 58 9
1230 58 10
1231 58 11
1232 58 12
1233 58 13
1234 58 14
1235 58 16
1236 58 17
1237 58 18
1238 58 21
1239 58 26
1240 58 27
1241 58 28
1242 58 34
1243 58 45
1244 58 46
1245 58 47
1246 58 48
1247 58 49
1248 58 50
1249 58 51
1250 58 52
1251 58 53
1252 58 54
1253 58 55
1254 58 56
1255 58 57
1256 58 58
1257 58 59
1258 58 60
1259 59 3
1260 59 7
1261 59 8
1262 59 14
1263 59 16
1264 59 22
1265 59 23
1266 59 24
1267 59 25
1268 59 30
1269 59 31
1270 59 32
1271 59 33
1272 59 45
1273 59 55
1274 59 56
1275 59 57
1276 59 58
1277 59 60
1278 60 0
1279 60 1
1280 60 2
1281 60 3
1282 60 5
1283 60 6
1284 60 9
1285 60 10
1286 60 11
1287 60 12
1288 60 13
1289 60 15
1290 60 16
1291 60 17
1292 60 18
1293 60 19
1294 60 20
1295 60 21
1296 60 30
1297 60 31
1298 60 32
1299 60 33
1300 60 45
1301 60 46
1302 60 47
1303 60 48
1304 60 49
1305 60 50
1306 60 51
1307 60 52
1308 60 53
1309 60 54
1310 60 59
1311 60 60
