995
0 0 0
1 0 1
2 0 4
3 0 5
4 0 6
5 0 7
6 0 8
7 0 9
8 0 10
9 0 11
10 0 12
11 0 13
12 0 14
13 0 15
14 0 16
15 0 17
16 0 18
17 0 19
18 0 26
19 0 27
20 0 28
21 0 29
22 0 30
23 0 31
24 0 32
25 0 33
26 0 34
27 0 35
28 0 36
29 0 37
30 0 38
31 0 39
32 0 40
33 0 41
34 0 42
35 0 43
36 0 44
37 0 45
38 0 46
39 0 56
40 0 57
41 0 58
42 0 59
43 0 60
44 0 61
45 0 62
46 1 0
47 1 1
48 1 6
49 1 7
50 1 8
51 1 9
52 1 10
53 1 11
54 1 12
55 1 28
56 1 29
57 1 30
58 1 31
59 1 42
60 1 43
61 1 44
62 1 45
63 1 46
64 1 56
65 1 60
66 1 61
67 1 62
68 2 0
69 2 1
70 2 32
71 2 33
72 2 34
73 2 41
74 2 56
75 2 57
76 2 58
77 2 59
78 3 0
79 3 1
80 3 35
81 3 41
82 3 56
83 4 0
84 4 2
85 4 3
86 4 6
87 4 7
88 4 8
89 4 9
90 4 10
91 4 11
92 4 12
93 4 13
94 4 28
95 4 29
96 4 35
97 4 36
98 4 39
99 4 40
100 4 41
101 5 0
102 5 3
103 5 6
104 5 13
105 5 37
106 5 38
107 5 41
108 6 0
109 6 3
110 6 6
111 6 13
112 6 37
113 6 38
114 6 41
115 6 79
116 6 80
117 7 0
118 7 3
119 7 6
120 7 13
121 7 37
122 7 38
123 7 41
124 7 79
125 7 80
126 8 0
127 8 3
128 8 6
129 8 13
130 8 23
131 8 24
132 8 37
133 8 38
134 8 41
135 8 49
136 8 50
137 8 51
138 8 70
139 8 71
140 8 72
141 8 73
142 8 74
143 8 75
144 8 76
145 8 77
146 8 78
147 8 80
148 9 0
149 9 3
150 9 6
151 9 13
152 9 23
153 9 25
154 9 26
155 9 27
156 9 28
157 9 45
158 9 46
159 9 47
160 9 48
161 9 49
162 9 70
163 9 78
164 9 79
165 9 80
166 10 0
167 10 3
168 10 6
169 10 7
170 10 8
171 10 9
172 10 10
173 10 11
174 10 12
175 10 13
176 10 23
177 10 28
178 10 45
179 10 46
180 10 47
181 10 48
182 10 49
183 10 67
184 10 68
185 10 69
186 10 70
187 10 71
188 10 72
189 10 73
190 10 77
191 11 0
192 11 3
193 11 23
194 11 24
195 11 25
196 11 28
197 11 57
198 11 58
199 11 59
200 11 60
201 11 61
202 11 74
203 11 76
204 12 0
205 12 3
206 12 26
207 12 28
208 12 56
209 12 62
210 12 63
211 12 64
212 12 65
213 12 66
214 12 74
215 12 76
216 13 0
217 13 3
218 13 26
219 13 28
220 13 56
221 13 67
222 13 68
223 13 69
224 13 70
225 13 71
226 13 72
227 13 73
228 13 76
229 14 0
230 14 3
231 14 26
232 14 29
233 14 56
234 14 65
235 14 66
236 14 67
237 14 68
238 14 69
239 14 70
240 14 71
241 14 72
242 14 73
243 14 74
244 14 75
245 14 76
246 15 0
247 15 3
248 15 27
249 15 29
250 15 57
251 15 60
252 15 61
253 15 64
254 15 77
255 15 78
256 15 79
257 15 80
258 16 0
259 16 3
260 16 27
261 16 28
262 16 29
263 16 57
264 16 59
265 16 62
266 16 65
267 16 66
268 16 67
269 16 77
270 16 78
271 17 0
272 17 1
273 17 3
274 17 22
275 17 57
276 17 59
277 17 62
278 17 67
279 17 75
280 17 76
281 17 78
282 18 2
283 18 3
284 18 22
285 18 57
286 18 59
287 18 62
288 18 67
289 18 72
290 18 73
291 18 74
292 18 75
293 18 78
294 19 2
295 19 4
296 19 5
297 19 6
298 19 7
299 19 8
300 19 9
301 19 12
302 19 13
303 19 14
304 19 22
305 19 57
306 19 59
307 19 62
308 19 68
309 19 69
310 19 76
311 19 77
312 19 78
313 20 2
314 20 9
315 20 12
316 20 14
317 20 22
318 20 57
319 20 59
320 20 62
321 20 68
322 20 69
323 21 2
324 21 9
325 21 12
326 21 14
327 21 22
328 21 57
329 21 59
330 21 63
331 21 67
332 21 69
333 22 2
334 22 9
335 22 12
336 22 14
337 22 19
338 22 24
339 22 25
340 22 26
341 22 56
342 22 58
343 22 59
344 22 63
345 22 67
346 22 69
347 23 2
348 23 9
349 23 12
350 23 14
351 23 19
352 23 24
353 23 25
354 23 26
355 23 56
356 23 57
357 23 63
358 23 67
359 23 69
360 24 2
361 24 3
362 24 9
363 24 12
364 24 14
365 24 56
366 24 57
367 24 63
368 24 64
369 24 65
370 24 66
371 24 67
372 24 69
373 25 4
374 25 9
375 25 12
376 25 14
377 26 4
378 26 9
379 26 12
380 26 14
381 26 24
382 26 25
383 26 26
384 26 56
385 26 57
386 26 62
387 26 63
388 26 64
389 26 65
390 26 66
391 26 67
392 26 69
393 26 70
394 26 71
395 26 72
396 26 73
397 27 4
398 27 9
399 27 12
400 27 14
401 27 24
402 27 26
403 27 62
404 27 63
405 27 64
406 27 67
407 27 69
408 27 73
409 28 4
410 28 8
411 28 9
412 28 12
413 28 13
414 28 14
415 28 24
416 28 26
417 28 38
418 28 65
419 28 67
420 28 69
421 28 73
422 28 80
423 29 4
424 29 5
425 29 6
426 29 7
427 29 24
428 29 26
429 29 38
430 29 66
431 29 67
432 29 69
433 29 70
434 29 71
435 29 72
436 29 73
437 30 24
438 30 26
439 30 53
440 30 54
441 30 55
442 30 69
443 31 24
444 31 26
445 31 66
446 31 67
447 31 69
448 31 70
449 31 71
450 31 72
451 31 73
452 31 74
453 31 75
454 31 78
455 31 79
456 31 80
457 32 24
458 32 25
459 32 26
460 32 69
461 32 70
462 32 73
463 32 74
464 32 75
465 32 78
466 32 79
467 32 80
468 33 71
469 33 72
470 34 0
471 34 22
472 34 71
473 34 72
474 35 0
475 35 22
476 35 71
477 35 72
478 36 0
479 36 8
480 36 12
481 36 13
482 36 14
483 36 72
484 37 0
485 37 8
486 37 12
487 37 14
488 37 72
489 38 0
490 38 8
491 38 12
492 38 13
493 38 14
494 38 35
495 38 36
496 38 72
497 38 80
498 39 0
499 39 32
500 39 33
501 39 34
502 39 36
503 39 46
504 39 47
505 39 72
506 39 76
507 39 80
508 40 0
509 40 29
510 40 30
511 40 31
512 40 36
513 40 46
514 40 47
515 40 56
516 40 72
517 41 0
518 41 29
519 41 36
520 41 46
521 41 47
522 41 56
523 41 72
524 42 0
525 42 29
526 42 30
527 42 31
528 42 36
529 42 46
530 42 48
531 42 49
532 42 50
533 42 51
534 42 72
535 43 0
536 43 32
537 43 33
538 43 34
539 43 35
540 43 36
541 43 46
542 43 49
543 43 50
544 43 51
545 43 72
546 44 0
547 44 20
548 44 21
549 44 22
550 44 46
551 44 47
552 44 48
553 44 56
554 45 0
555 45 20
556 45 22
557 45 54
558 45 55
559 45 57
560 45 58
561 45 59
562 46 0
563 46 11
564 46 20
565 46 22
566 46 23
567 46 54
568 46 56
569 46 63
570 46 64
571 46 75
572 46 76
573 46 80
574 47 0
575 47 11
576 47 20
577 47 21
578 47 54
579 47 56
580 47 63
581 47 64
582 47 72
583 48 0
584 48 11
585 48 20
586 48 21
587 48 54
588 48 56
589 48 63
590 48 64
591 48 72
592 49 0
593 49 37
594 49 38
595 49 39
596 49 40
597 49 54
598 49 56
599 49 63
600 49 64
601 50 0
602 50 34
603 50 35
604 50 36
605 50 37
606 50 38
607 50 39
608 50 40
609 50 55
610 50 56
611 50 63
612 50 64
613 51 0
614 51 13
615 51 14
616 51 15
617 51 16
618 51 17
619 51 40
620 51 55
621 51 56
622 51 63
623 51 64
624 51 73
625 52 0
626 52 14
627 52 17
628 52 40
629 52 41
630 52 42
631 52 55
632 52 56
633 53 0
634 53 14
635 53 17
636 53 55
637 53 56
638 53 80
639 54 0
640 54 14
641 54 17
642 54 39
643 54 40
644 54 41
645 54 42
646 54 48
647 54 49
648 54 50
649 54 80
650 55 0
651 55 15
652 55 17
653 55 24
654 55 25
655 55 39
656 55 42
657 55 48
658 55 49
659 55 50
660 55 68
661 55 72
662 55 73
663 55 80
664 56 0
665 56 15
666 56 17
667 56 24
668 56 25
669 56 39
670 56 42
671 56 50
672 56 68
673 56 72
674 56 73
675 56 80
676 57 0
677 57 5
678 57 15
679 57 16
680 57 24
681 57 25
682 57 39
683 57 40
684 57 42
685 57 50
686 57 68
687 57 72
688 57 73
689 57 80
690 58 0
691 58 5
692 58 16
693 58 41
694 58 42
695 58 50
696 58 68
697 58 72
698 58 77
699 58 80
700 59 0
701 59 5
702 59 16
703 59 41
704 59 43
705 59 68
706 59 69
707 59 70
708 59 71
709 59 72
710 59 77
711 59 80
712 60 0
713 60 5
714 60 16
715 60 39
716 60 40
717 60 41
718 60 42
719 60 43
720 60 67
721 60 72
722 60 77
723 60 80
724 61 0
725 61 16
726 61 32
727 61 67
728 61 69
729 61 70
730 61 71
731 61 72
732 61 77
733 62 0
734 62 16
735 62 68
736 62 77
737 63 0
738 63 16
739 63 39
740 63 40
741 63 41
742 63 42
743 63 43
744 63 77
745 64 0
746 64 15
747 64 16
748 64 20
749 64 21
750 64 22
751 64 23
752 64 39
753 64 40
754 64 41
755 64 43
756 64 77
757 64 78
758 64 79
759 64 80
760 65 0
761 65 15
762 65 16
763 65 42
764 65 43
765 65 48
766 65 65
767 65 77
768 65 80
769 66 0
770 66 1
771 66 15
772 66 42
773 66 43
774 66 48
775 66 65
776 66 77
777 66 78
778 66 79
779 66 80
780 67 0
781 67 1
782 67 15
783 67 42
784 67 43
785 67 48
786 67 58
787 67 59
788 67 60
789 67 61
790 67 62
791 67 65
792 67 66
793 68 0
794 68 1
795 68 15
796 68 42
797 68 43
798 68 48
799 68 59
800 68 63
801 68 64
802 68 66
803 69 0
804 69 1
805 69 15
806 69 42
807 69 43
808 69 48
809 69 49
810 69 50
811 69 59
812 69 66
813 69 69
814 69 70
815 70 10
816 70 11
817 70 13
818 70 14
819 70 16
820 70 59
821 70 66
822 70 69
823 70 70
824 71 10
825 71 13
826 71 14
827 71 15
828 71 16
829 71 59
830 71 66
831 71 69
832 71 70
833 72 18
834 72 19
835 72 20
836 72 21
837 72 22
838 72 23
839 72 24
840 72 25
841 72 26
842 72 27
843 72 28
844 72 29
845 72 30
846 72 31
847 72 34
848 72 35
849 72 36
850 72 37
851 72 38
852 72 59
853 72 67
854 72 68
855 72 71
856 72 72
857 72 73
858 72 74
859 72 75
860 73 0
861 73 48
862 73 49
863 73 50
864 73 51
865 73 52
866 73 53
867 73 54
868 73 55
869 73 58
870 73 76
871 73 77
872 73 78
873 73 79
874 73 80
875 74 0
876 74 13
877 74 14
878 74 15
879 74 16
880 74 17
881 74 21
882 74 22
883 74 23
884 74 24
885 74 25
886 74 26
887 74 27
888 74 28
889 74 29
890 74 30
891 74 31
892 74 32
893 74 33
894 74 51
895 74 55
896 74 58
897 74 80
898 75 13
899 75 14
900 75 15
901 75 16
902 75 17
903 75 21
904 75 25
905 75 26
906 75 27
907 75 33
908 75 51
909 75 53
910 75 54
911 75 55
912 75 58
913 75 80
914 76 21
915 76 22
916 76 23
917 76 24
918 76 28
919 76 33
920 76 50
921 76 52
922 76 55
923 76 58
924 76 80
925 77 0
926 77 1
927 77 2
928 77 6
929 77 7
930 77 24
931 77 28
932 77 33
933 77 50
934 77 51
935 77 52
936 77 55
937 77 58
938 77 59
939 77 60
940 77 61
941 77 62
942 77 63
943 77 64
944 77 65
945 77 66
946 77 67
947 77 68
948 77 69
949 77 70
950 77 71
951 77 72
952 77 73
953 77 74
954 77 75
955 77 76
956 77 77
957 77 78
958 77 79
959 77 80
960 78 0
961 78 2
962 78 6
963 78 8
964 78 9
965 78 10
966 78 11
967 78 12
968 78 28
969 78 29
970 78 30
971 78 31
972 78 32
973 78 33
974 78 34
975 78 35
976 78 38
977 78 39
978 79 0
979 79 1
980 79 5
981 79 6
982 79 8
983 79 9
984 79 10
985 79 11
986 79 12
987 79 38
988 79 39
989 80 7
990 80 20
991 80 21
992 80 22
993 80 23
994 80 24
