5459
0 0 20
1 0 21
2 0 22
3 0 23
4 0 24
5 0 123
6 0 124
7 0 125
8 0 126
9 0 127
10 0 128
11 0 129
12 0 130
13 0 131
14 0 132
15 0 133
16 0 134
17 0 135
18 0 136
19 0 137
20 0 138
21 0 139
22 1 20
23 1 24
24 1 51
25 1 52
26 1 62
27 1 63
28 1 64
29 1 65
30 1 66
31 1 67
32 1 68
33 1 69
34 1 70
35 1 71
36 1 72
37 1 73
38 1 74
39 1 75
40 1 76
41 1 77
42 1 78
43 1 79
44 1 80
45 1 81
46 1 82
47 1 83
48 1 84
49 1 85
50 1 86
51 1 87
52 1 88
53 1 123
54 1 124
55 1 131
56 1 132
57 1 134
58 1 135
59 1 136
60 1 139
61 2 20
62 2 24
63 2 51
64 2 52
65 2 62
66 2 70
67 2 71
68 2 88
69 2 118
70 2 119
71 2 120
72 2 121
73 2 122
74 2 125
75 2 130
76 2 133
77 2 137
78 2 140
79 2 141
80 2 142
81 2 143
82 2 144
83 2 145
84 2 146
85 2 147
86 2 148
87 2 149
88 2 150
89 2 151
90 2 152
91 2 153
92 2 154
93 2 155
94 2 156
95 2 157
96 2 158
97 2 159
98 2 160
99 3 20
100 3 24
101 3 33
102 3 34
103 3 35
104 3 36
105 3 37
106 3 38
107 3 39
108 3 40
109 3 41
110 3 46
111 3 47
112 3 48
113 3 49
114 3 50
115 3 53
116 3 54
117 3 55
118 3 56
119 3 57
120 3 58
121 3 59
122 3 60
123 3 61
124 3 69
125 3 72
126 3 88
127 3 118
128 3 122
129 3 125
130 3 130
131 3 133
132 3 137
133 3 160
134 4 20
135 4 24
136 4 33
137 4 41
138 4 46
139 4 50
140 4 53
141 4 54
142 4 55
143 4 56
144 4 57
145 4 58
146 4 59
147 4 60
148 4 61
149 4 62
150 4 63
151 4 64
152 4 65
153 4 66
154 4 67
155 4 68
156 4 69
157 4 72
158 4 73
159 4 74
160 4 75
161 4 76
162 4 77
163 4 78
164 4 79
165 4 80
166 4 83
167 4 84
168 4 85
169 4 86
170 4 87
171 4 88
172 4 92
173 4 93
174 4 94
175 4 95
176 4 96
177 4 97
178 4 98
179 4 99
180 4 100
181 4 101
182 4 102
183 4 103
184 4 104
185 4 105
186 4 106
187 4 107
188 4 108
189 4 109
190 4 110
191 4 111
192 4 112
193 4 113
194 4 119
195 4 122
196 4 125
197 4 130
198 4 133
199 4 137
200 4 139
201 4 140
202 4 141
203 4 142
204 4 143
205 4 144
206 4 145
207 4 146
208 4 147
209 4 148
210 4 149
211 4 150
212 4 151
213 4 152
214 4 153
215 4 154
216 4 155
217 4 156
218 4 157
219 4 158
220 4 159
221 4 160
222 5 20
223 5 24
224 5 33
225 5 42
226 5 43
227 5 44
228 5 45
229 5 47
230 5 51
231 5 52
232 5 70
233 5 71
234 5 81
235 5 82
236 5 89
237 5 90
238 5 91
239 5 113
240 5 119
241 5 120
242 5 121
243 5 122
244 5 125
245 5 130
246 5 134
247 5 135
248 5 136
249 5 137
250 5 138
251 6 20
252 6 21
253 6 22
254 6 23
255 6 24
256 6 33
257 6 34
258 6 35
259 6 36
260 6 37
261 6 38
262 6 39
263 6 40
264 6 41
265 6 42
266 6 43
267 6 44
268 6 45
269 6 48
270 6 52
271 6 70
272 6 71
273 6 81
274 6 82
275 6 89
276 6 90
277 6 91
278 6 92
279 6 93
280 6 94
281 6 95
282 6 96
283 6 97
284 6 98
285 6 99
286 6 100
287 6 101
288 6 102
289 6 103
290 6 104
291 6 105
292 6 106
293 6 107
294 6 108
295 6 109
296 6 110
297 6 111
298 6 112
299 6 113
300 6 118
301 6 125
302 6 126
303 6 127
304 6 128
305 6 129
306 6 130
307 6 139
308 6 140
309 6 141
310 6 142
311 6 143
312 6 144
313 6 145
314 6 146
315 6 147
316 6 148
317 6 149
318 6 150
319 6 151
320 6 152
321 6 153
322 6 154
323 6 155
324 6 156
325 6 157
326 6 158
327 6 159
328 6 160
329 7 17
330 7 18
331 7 19
332 7 25
333 7 26
334 7 27
335 7 28
336 7 29
337 7 30
338 7 31
339 7 32
340 7 48
341 7 52
342 7 70
343 7 71
344 7 81
345 7 82
346 7 114
347 7 115
348 7 116
349 7 117
350 7 122
351 7 123
352 7 124
353 7 130
354 7 131
355 7 139
356 7 141
357 7 146
358 7 155
359 8 17
360 8 19
361 8 25
362 8 32
363 8 36
364 8 37
365 8 38
366 8 39
367 8 40
368 8 41
369 8 42
370 8 43
371 8 48
372 8 51
373 8 52
374 8 57
375 8 58
376 8 59
377 8 60
378 8 61
379 8 62
380 8 63
381 8 64
382 8 65
383 8 66
384 8 67
385 8 68
386 8 69
387 8 72
388 8 73
389 8 74
390 8 75
391 8 81
392 8 82
393 8 125
394 8 126
395 8 127
396 8 128
397 8 129
398 8 131
399 8 139
400 8 141
401 8 146
402 8 155
403 9 17
404 9 19
405 9 25
406 9 32
407 9 36
408 9 43
409 9 48
410 9 49
411 9 50
412 9 53
413 9 54
414 9 55
415 9 56
416 9 69
417 9 72
418 9 75
419 9 81
420 9 82
421 9 125
422 9 131
423 9 139
424 9 141
425 9 146
426 9 155
427 10 4
428 10 5
429 10 6
430 10 17
431 10 19
432 10 25
433 10 32
434 10 36
435 10 43
436 10 55
437 10 69
438 10 72
439 10 75
440 10 81
441 10 83
442 10 84
443 10 85
444 10 122
445 10 123
446 10 124
447 10 125
448 10 126
449 10 127
450 10 128
451 10 129
452 10 130
453 10 131
454 10 139
455 10 140
456 10 141
457 10 146
458 10 147
459 10 148
460 10 149
461 10 150
462 10 151
463 10 152
464 10 155
465 11 4
466 11 6
467 11 17
468 11 19
469 11 25
470 11 32
471 11 36
472 11 43
473 11 55
474 11 69
475 11 72
476 11 76
477 11 77
478 11 78
479 11 79
480 11 80
481 11 81
482 11 82
483 11 83
484 11 84
485 11 85
486 11 122
487 11 132
488 11 133
489 11 134
490 11 135
491 11 136
492 11 137
493 11 138
494 11 142
495 11 143
496 11 144
497 11 145
498 11 153
499 11 156
500 11 157
501 11 158
502 11 159
503 11 160
504 12 4
505 12 6
506 12 17
507 12 19
508 12 25
509 12 32
510 12 36
511 12 43
512 12 55
513 12 69
514 12 72
515 12 78
516 12 122
517 12 132
518 12 138
519 12 142
520 12 145
521 12 153
522 12 154
523 12 155
524 12 156
525 12 157
526 12 158
527 13 4
528 13 6
529 13 17
530 13 18
531 13 19
532 13 25
533 13 32
534 13 36
535 13 43
536 13 55
537 13 56
538 13 57
539 13 58
540 13 59
541 13 60
542 13 61
543 13 62
544 13 63
545 13 64
546 13 65
547 13 66
548 13 67
549 13 68
550 13 69
551 13 72
552 13 73
553 13 74
554 13 75
555 13 76
556 13 77
557 13 78
558 13 87
559 13 88
560 13 89
561 13 90
562 13 91
563 13 92
564 13 93
565 13 94
566 13 95
567 13 96
568 13 97
569 13 98
570 13 99
571 13 100
572 13 101
573 13 102
574 13 103
575 13 122
576 13 132
577 13 138
578 13 142
579 13 145
580 13 159
581 13 160
582 14 4
583 14 6
584 14 20
585 14 21
586 14 22
587 14 23
588 14 24
589 14 26
590 14 32
591 14 36
592 14 43
593 14 87
594 14 103
595 14 122
596 14 132
597 14 138
598 14 142
599 14 145
600 14 159
601 14 160
602 15 4
603 15 6
604 15 20
605 15 24
606 15 26
607 15 27
608 15 28
609 15 32
610 15 36
611 15 40
612 15 41
613 15 42
614 15 43
615 15 55
616 15 56
617 15 57
618 15 58
619 15 59
620 15 60
621 15 61
622 15 62
623 15 63
624 15 64
625 15 65
626 15 66
627 15 67
628 15 68
629 15 69
630 15 72
631 15 73
632 15 74
633 15 75
634 15 76
635 15 77
636 15 78
637 15 79
638 15 80
639 15 81
640 15 82
641 15 83
642 15 84
643 15 85
644 15 86
645 15 87
646 15 88
647 15 89
648 15 90
649 15 91
650 15 92
651 15 93
652 15 94
653 15 95
654 15 96
655 15 97
656 15 98
657 15 103
658 15 123
659 15 124
660 15 125
661 15 126
662 15 127
663 15 128
664 15 129
665 15 130
666 15 131
667 15 132
668 15 133
669 15 134
670 15 135
671 15 136
672 15 137
673 15 138
674 15 142
675 15 143
676 15 144
677 15 145
678 15 159
679 15 160
680 16 4
681 16 6
682 16 20
683 16 25
684 16 29
685 16 32
686 16 36
687 16 39
688 16 55
689 16 56
690 16 70
691 16 71
692 16 99
693 16 103
694 16 123
695 16 131
696 16 159
697 16 160
698 17 4
699 17 6
700 17 20
701 17 25
702 17 29
703 17 32
704 17 36
705 17 39
706 17 55
707 17 56
708 17 70
709 17 71
710 17 99
711 17 100
712 17 101
713 17 102
714 17 103
715 17 123
716 17 131
717 17 146
718 17 147
719 17 148
720 17 149
721 17 150
722 17 151
723 17 152
724 17 153
725 17 154
726 17 155
727 17 156
728 17 157
729 17 158
730 18 4
731 18 6
732 18 20
733 18 25
734 18 29
735 18 32
736 18 36
737 18 39
738 18 55
739 18 56
740 18 70
741 18 71
742 18 104
743 18 105
744 18 106
745 18 107
746 18 108
747 18 109
748 18 122
749 18 123
750 18 131
751 18 146
752 18 154
753 19 4
754 19 6
755 19 16
756 19 17
757 19 18
758 19 19
759 19 25
760 19 29
761 19 32
762 19 36
763 19 37
764 19 38
765 19 39
766 19 55
767 19 56
768 19 70
769 19 71
770 19 104
771 19 108
772 19 109
773 19 124
774 19 129
775 19 130
776 19 131
777 19 146
778 19 154
779 20 2
780 20 3
781 20 6
782 20 16
783 20 25
784 20 29
785 20 32
786 20 48
787 20 49
788 20 50
789 20 51
790 20 52
791 20 53
792 20 55
793 20 56
794 20 70
795 20 71
796 20 104
797 20 107
798 20 110
799 20 116
800 20 117
801 20 124
802 20 128
803 20 146
804 20 147
805 20 148
806 20 149
807 20 150
808 20 151
809 20 152
810 20 153
811 20 154
812 21 2
813 21 6
814 21 16
815 21 25
816 21 29
817 21 32
818 21 48
819 21 53
820 21 55
821 21 56
822 21 70
823 21 71
824 21 104
825 21 105
826 21 106
827 21 107
828 21 110
829 21 116
830 21 118
831 21 122
832 21 123
833 21 124
834 21 125
835 21 126
836 21 127
837 21 128
838 21 129
839 21 130
840 21 131
841 21 144
842 21 145
843 21 155
844 21 156
845 21 157
846 21 158
847 21 159
848 21 160
849 22 2
850 22 6
851 22 16
852 22 25
853 22 29
854 22 30
855 22 31
856 22 32
857 22 38
858 22 39
859 22 40
860 22 41
861 22 42
862 22 48
863 22 53
864 22 55
865 22 56
866 22 70
867 22 71
868 22 102
869 22 103
870 22 108
871 22 110
872 22 116
873 22 118
874 22 122
875 22 123
876 22 144
877 22 145
878 22 155
879 22 160
880 23 2
881 23 6
882 23 12
883 23 13
884 23 14
885 23 15
886 23 26
887 23 27
888 23 28
889 23 33
890 23 34
891 23 35
892 23 36
893 23 37
894 23 42
895 23 48
896 23 53
897 23 55
898 23 56
899 23 70
900 23 71
901 23 102
902 23 103
903 23 108
904 23 112
905 23 113
906 23 114
907 23 115
908 23 118
909 23 122
910 23 123
911 23 144
912 23 145
913 23 155
914 23 160
915 24 2
916 24 6
917 24 12
918 24 28
919 24 33
920 24 34
921 24 35
922 24 36
923 24 37
924 24 38
925 24 39
926 24 42
927 24 48
928 24 53
929 24 55
930 24 56
931 24 70
932 24 71
933 24 100
934 24 101
935 24 108
936 24 112
937 24 115
938 24 118
939 24 122
940 24 123
941 24 146
942 24 147
943 24 148
944 24 149
945 24 150
946 24 155
947 24 158
948 24 159
949 24 160
950 25 2
951 25 6
952 25 12
953 25 13
954 25 14
955 25 15
956 25 16
957 25 17
958 25 18
959 25 19
960 25 29
961 25 30
962 25 31
963 25 32
964 25 40
965 25 42
966 25 48
967 25 53
968 25 55
969 25 56
970 25 70
971 25 71
972 25 100
973 25 101
974 25 108
975 25 112
976 25 115
977 25 117
978 25 122
979 25 123
980 25 147
981 25 150
982 25 155
983 25 157
984 26 2
985 26 7
986 26 8
987 26 9
988 26 10
989 26 11
990 26 20
991 26 32
992 26 40
993 26 42
994 26 48
995 26 53
996 26 55
997 26 56
998 26 70
999 26 71
1000 26 100
1001 26 101
1002 26 108
1003 26 112
1004 26 115
1005 26 117
1006 26 122
1007 26 123
1008 26 130
1009 26 131
1010 26 132
1011 26 147
1012 26 149
1013 26 150
1014 26 155
1015 26 157
1016 27 2
1017 27 11
1018 27 20
1019 27 32
1020 27 40
1021 27 41
1022 27 42
1023 27 48
1024 27 53
1025 27 55
1026 27 56
1027 27 70
1028 27 71
1029 27 100
1030 27 101
1031 27 112
1032 27 113
1033 27 115
1034 27 117
1035 27 118
1036 27 119
1037 27 120
1038 27 121
1039 27 124
1040 27 125
1041 27 126
1042 27 127
1043 27 130
1044 27 132
1045 27 147
1046 27 148
1047 27 155
1048 27 157
1049 28 2
1050 28 11
1051 28 20
1052 28 32
1053 28 49
1054 28 53
1055 28 55
1056 28 56
1057 28 70
1058 28 71
1059 28 100
1060 28 101
1061 28 112
1062 28 114
1063 28 115
1064 28 117
1065 28 121
1066 28 124
1067 28 127
1068 28 130
1069 28 132
1070 28 147
1071 28 148
1072 28 155
1073 28 158
1074 28 159
1075 28 160
1076 29 2
1077 29 11
1078 29 20
1079 29 21
1080 29 22
1081 29 23
1082 29 24
1083 29 25
1084 29 26
1085 29 27
1086 29 28
1087 29 29
1088 29 30
1089 29 31
1090 29 32
1091 29 49
1092 29 50
1093 29 51
1094 29 52
1095 29 53
1096 29 55
1097 29 56
1098 29 70
1099 29 71
1100 29 100
1101 29 101
1102 29 112
1103 29 114
1104 29 115
1105 29 117
1106 29 121
1107 29 124
1108 29 125
1109 29 126
1110 29 127
1111 29 130
1112 29 131
1113 29 132
1114 29 147
1115 29 148
1116 29 155
1117 29 160
1118 30 2
1119 30 11
1120 30 57
1121 30 58
1122 30 59
1123 30 60
1124 30 61
1125 30 62
1126 30 63
1127 30 64
1128 30 65
1129 30 66
1130 30 67
1131 30 68
1132 30 69
1133 30 72
1134 30 73
1135 30 74
1136 30 75
1137 30 76
1138 30 77
1139 30 78
1140 30 79
1141 30 80
1142 30 81
1143 30 82
1144 30 83
1145 30 84
1146 30 85
1147 30 86
1148 30 87
1149 30 88
1150 30 89
1151 30 90
1152 30 91
1153 30 92
1154 30 93
1155 30 100
1156 30 101
1157 30 112
1158 30 114
1159 30 115
1160 30 117
1161 30 121
1162 30 128
1163 30 129
1164 30 133
1165 30 134
1166 30 135
1167 30 147
1168 30 148
1169 30 151
1170 30 152
1171 30 153
1172 30 154
1173 30 160
1174 31 2
1175 31 6
1176 31 7
1177 31 8
1178 31 9
1179 31 10
1180 31 11
1181 31 57
1182 31 69
1183 31 72
1184 31 93
1185 31 109
1186 31 110
1187 31 111
1188 31 112
1189 31 114
1190 31 115
1191 31 117
1192 31 121
1193 31 128
1194 31 129
1195 31 133
1196 31 135
1197 31 141
1198 31 142
1199 31 143
1200 31 144
1201 31 145
1202 31 146
1203 31 151
1204 31 160
1205 32 2
1206 32 5
1207 32 12
1208 32 13
1209 32 14
1210 32 15
1211 32 16
1212 32 17
1213 32 18
1214 32 19
1215 32 20
1216 32 21
1217 32 22
1218 32 23
1219 32 24
1220 32 25
1221 32 26
1222 32 27
1223 32 28
1224 32 57
1225 32 58
1226 32 59
1227 32 60
1228 32 61
1229 32 62
1230 32 63
1231 32 64
1232 32 65
1233 32 66
1234 32 67
1235 32 68
1236 32 69
1237 32 72
1238 32 73
1239 32 74
1240 32 75
1241 32 76
1242 32 77
1243 32 78
1244 32 79
1245 32 80
1246 32 81
1247 32 82
1248 32 83
1249 32 84
1250 32 85
1251 32 86
1252 32 87
1253 32 88
1254 32 89
1255 32 90
1256 32 91
1257 32 92
1258 32 93
1259 32 98
1260 32 99
1261 32 109
1262 32 110
1263 32 112
1264 32 117
1265 32 121
1266 32 128
1267 32 129
1268 32 133
1269 32 135
1270 32 141
1271 32 146
1272 32 151
1273 32 160
1274 33 2
1275 33 5
1276 33 12
1277 33 28
1278 33 94
1279 33 95
1280 33 96
1281 33 97
1282 33 111
1283 33 112
1284 33 117
1285 33 121
1286 33 128
1287 33 129
1288 33 133
1289 33 135
1290 33 141
1291 33 142
1292 33 143
1293 33 144
1294 33 145
1295 33 146
1296 33 151
1297 33 160
1298 34 2
1299 34 5
1300 34 12
1301 34 29
1302 34 49
1303 34 50
1304 34 51
1305 34 52
1306 34 94
1307 34 97
1308 34 111
1309 34 112
1310 34 117
1311 34 118
1312 34 119
1313 34 120
1314 34 121
1315 34 128
1316 34 129
1317 34 133
1318 34 134
1319 34 135
1320 34 151
1321 34 152
1322 34 153
1323 34 154
1324 34 155
1325 34 156
1326 34 157
1327 34 158
1328 34 159
1329 34 160
1330 35 2
1331 35 5
1332 35 12
1333 35 30
1334 35 31
1335 35 32
1336 35 38
1337 35 39
1338 35 40
1339 35 41
1340 35 42
1341 35 48
1342 35 54
1343 35 55
1344 35 56
1345 35 64
1346 35 65
1347 35 66
1348 35 72
1349 35 73
1350 35 74
1351 35 75
1352 35 90
1353 35 91
1354 35 92
1355 35 93
1356 35 97
1357 35 123
1358 35 124
1359 35 125
1360 35 126
1361 35 127
1362 35 130
1363 35 131
1364 35 132
1365 35 147
1366 35 148
1367 35 149
1368 35 150
1369 36 2
1370 36 5
1371 36 12
1372 36 32
1373 36 38
1374 36 42
1375 36 48
1376 36 54
1377 36 56
1378 36 64
1379 36 66
1380 36 72
1381 36 75
1382 36 90
1383 36 97
1384 36 123
1385 36 127
1386 36 130
1387 37 2
1388 37 5
1389 37 12
1390 37 16
1391 37 17
1392 37 18
1393 37 19
1394 37 20
1395 37 21
1396 37 22
1397 37 23
1398 37 24
1399 37 25
1400 37 26
1401 37 27
1402 37 28
1403 37 29
1404 37 30
1405 37 31
1406 37 32
1407 37 38
1408 37 39
1409 37 40
1410 37 41
1411 37 42
1412 37 48
1413 37 54
1414 37 56
1415 37 64
1416 37 65
1417 37 66
1418 37 72
1419 37 75
1420 37 90
1421 37 97
1422 37 123
1423 37 127
1424 37 155
1425 37 156
1426 37 157
1427 38 2
1428 38 5
1429 38 12
1430 38 15
1431 38 33
1432 38 34
1433 38 35
1434 38 36
1435 38 37
1436 38 43
1437 38 44
1438 38 45
1439 38 46
1440 38 47
1441 38 54
1442 38 56
1443 38 60
1444 38 61
1445 38 62
1446 38 63
1447 38 69
1448 38 72
1449 38 76
1450 38 90
1451 38 97
1452 38 124
1453 38 127
1454 39 2
1455 39 5
1456 39 12
1457 39 15
1458 39 33
1459 39 37
1460 39 43
1461 39 47
1462 39 54
1463 39 55
1464 39 56
1465 39 60
1466 39 63
1467 39 69
1468 39 72
1469 39 76
1470 39 90
1471 39 97
1472 39 124
1473 39 128
1474 39 129
1475 39 130
1476 39 131
1477 39 132
1478 39 133
1479 40 2
1480 40 5
1481 40 12
1482 40 15
1483 40 33
1484 40 37
1485 40 43
1486 40 47
1487 40 54
1488 40 57
1489 40 58
1490 40 59
1491 40 63
1492 40 69
1493 40 72
1494 40 76
1495 40 90
1496 40 91
1497 40 92
1498 40 93
1499 40 94
1500 40 95
1501 40 96
1502 40 97
1503 40 124
1504 40 133
1505 40 151
1506 40 152
1507 40 153
1508 41 2
1509 41 5
1510 41 12
1511 41 15
1512 41 22
1513 41 23
1514 41 24
1515 41 25
1516 41 26
1517 41 27
1518 41 28
1519 41 29
1520 41 30
1521 41 31
1522 41 32
1523 41 34
1524 41 35
1525 41 36
1526 41 37
1527 41 43
1528 41 44
1529 41 45
1530 41 46
1531 41 47
1532 41 54
1533 41 57
1534 41 58
1535 41 59
1536 41 60
1537 41 61
1538 41 62
1539 41 63
1540 41 69
1541 41 72
1542 41 73
1543 41 74
1544 41 75
1545 41 76
1546 41 124
1547 41 127
1548 41 128
1549 41 129
1550 41 130
1551 41 131
1552 41 132
1553 41 133
1554 41 151
1555 41 153
1556 42 2
1557 42 5
1558 42 12
1559 42 15
1560 42 22
1561 42 32
1562 42 38
1563 42 39
1564 42 40
1565 42 41
1566 42 42
1567 42 48
1568 42 49
1569 42 50
1570 42 51
1571 42 52
1572 42 53
1573 42 124
1574 42 125
1575 42 126
1576 42 151
1577 42 153
1578 43 2
1579 43 5
1580 43 12
1581 43 15
1582 43 22
1583 43 32
1584 43 38
1585 43 42
1586 43 48
1587 43 53
1588 43 151
1589 43 152
1590 43 153
1591 44 2
1592 44 5
1593 44 12
1594 44 15
1595 44 22
1596 44 32
1597 44 38
1598 44 42
1599 44 48
1600 44 53
1601 44 149
1602 44 150
1603 44 154
1604 44 155
1605 44 156
1606 44 157
1607 44 158
1608 44 159
1609 44 160
1610 45 2
1611 45 5
1612 45 12
1613 45 15
1614 45 22
1615 45 32
1616 45 38
1617 45 42
1618 45 48
1619 45 53
1620 45 68
1621 45 69
1622 45 149
1623 45 150
1624 45 154
1625 45 160
1626 46 2
1627 46 5
1628 46 12
1629 46 15
1630 46 22
1631 46 32
1632 46 38
1633 46 42
1634 46 48
1635 46 53
1636 46 109
1637 46 110
1638 46 111
1639 46 112
1640 46 116
1641 46 122
1642 46 123
1643 46 124
1644 46 125
1645 46 126
1646 46 149
1647 46 150
1648 46 154
1649 46 160
1650 47 2
1651 47 5
1652 47 12
1653 47 15
1654 47 22
1655 47 23
1656 47 24
1657 47 32
1658 47 38
1659 47 42
1660 47 48
1661 47 53
1662 47 122
1663 47 125
1664 47 126
1665 47 149
1666 47 150
1667 47 154
1668 47 160
1669 48 2
1670 48 5
1671 48 12
1672 48 15
1673 48 25
1674 48 32
1675 48 38
1676 48 42
1677 48 48
1678 48 53
1679 48 122
1680 48 124
1681 48 133
1682 48 147
1683 48 148
1684 48 150
1685 48 154
1686 48 159
1687 49 2
1688 49 5
1689 49 12
1690 49 15
1691 49 25
1692 49 26
1693 49 32
1694 49 38
1695 49 42
1696 49 48
1697 49 53
1698 49 68
1699 49 69
1700 49 122
1701 49 124
1702 49 147
1703 49 150
1704 49 154
1705 49 159
1706 50 2
1707 50 5
1708 50 12
1709 50 15
1710 50 27
1711 50 28
1712 50 29
1713 50 30
1714 50 31
1715 50 32
1716 50 38
1717 50 39
1718 50 40
1719 50 41
1720 50 42
1721 50 48
1722 50 49
1723 50 50
1724 50 51
1725 50 53
1726 50 68
1727 50 69
1728 50 122
1729 50 124
1730 50 131
1731 50 132
1732 50 133
1733 50 147
1734 50 148
1735 50 149
1736 50 150
1737 50 154
1738 50 155
1739 50 156
1740 50 157
1741 50 158
1742 50 159
1743 51 2
1744 51 5
1745 51 12
1746 51 15
1747 51 33
1748 51 34
1749 51 35
1750 51 36
1751 51 37
1752 51 43
1753 51 44
1754 51 45
1755 51 46
1756 51 47
1757 51 52
1758 51 53
1759 51 68
1760 51 69
1761 51 83
1762 51 84
1763 51 85
1764 51 86
1765 51 87
1766 51 88
1767 51 89
1768 51 90
1769 51 91
1770 51 92
1771 51 93
1772 51 94
1773 51 95
1774 51 96
1775 51 97
1776 51 122
1777 51 124
1778 51 131
1779 51 133
1780 51 151
1781 51 152
1782 51 153
1783 52 2
1784 52 5
1785 52 12
1786 52 15
1787 52 33
1788 52 34
1789 52 35
1790 52 36
1791 52 37
1792 52 43
1793 52 44
1794 52 45
1795 52 46
1796 52 47
1797 52 52
1798 52 53
1799 52 68
1800 52 69
1801 52 92
1802 52 93
1803 52 94
1804 52 95
1805 52 96
1806 52 97
1807 52 122
1808 52 123
1809 52 124
1810 52 131
1811 52 132
1812 52 133
1813 52 151
1814 52 153
1815 53 2
1816 53 5
1817 53 12
1818 53 13
1819 53 14
1820 53 15
1821 53 21
1822 53 22
1823 53 23
1824 53 24
1825 53 25
1826 53 26
1827 53 27
1828 53 28
1829 53 29
1830 53 30
1831 53 31
1832 53 32
1833 53 38
1834 53 39
1835 53 40
1836 53 41
1837 53 42
1838 53 48
1839 53 49
1840 53 50
1841 53 51
1842 53 151
1843 53 153
1844 54 2
1845 54 6
1846 54 7
1847 54 8
1848 54 9
1849 54 10
1850 54 11
1851 54 16
1852 54 17
1853 54 18
1854 54 19
1855 54 20
1856 54 151
1857 54 152
1858 54 153
1859 55 2
1860 55 11
1861 55 16
1862 55 21
1863 55 22
1864 55 23
1865 55 24
1866 55 25
1867 55 26
1868 55 27
1869 55 28
1870 55 29
1871 55 30
1872 55 31
1873 55 32
1874 55 38
1875 55 39
1876 55 40
1877 55 41
1878 55 42
1879 55 48
1880 55 49
1881 55 50
1882 55 51
1883 55 52
1884 55 53
1885 55 68
1886 55 69
1887 55 70
1888 55 71
1889 55 72
1890 55 73
1891 55 74
1892 55 81
1893 55 109
1894 55 110
1895 55 122
1896 55 123
1897 55 124
1898 55 150
1899 55 154
1900 55 155
1901 55 156
1902 55 157
1903 55 158
1904 55 159
1905 55 160
1906 56 2
1907 56 11
1908 56 16
1909 56 24
1910 56 25
1911 56 26
1912 56 27
1913 56 28
1914 56 29
1915 56 30
1916 56 31
1917 56 32
1918 56 38
1919 56 39
1920 56 40
1921 56 41
1922 56 42
1923 56 48
1924 56 49
1925 56 50
1926 56 51
1927 56 52
1928 56 53
1929 56 68
1930 56 69
1931 56 70
1932 56 71
1933 56 72
1934 56 73
1935 56 74
1936 56 81
1937 56 109
1938 56 110
1939 56 122
1940 56 124
1941 56 147
1942 56 148
1943 56 149
1944 56 150
1945 56 154
1946 56 155
1947 56 158
1948 56 159
1949 56 160
1950 57 2
1951 57 11
1952 57 16
1953 57 23
1954 57 33
1955 57 34
1956 57 35
1957 57 36
1958 57 37
1959 57 43
1960 57 44
1961 57 45
1962 57 46
1963 57 47
1964 57 54
1965 57 64
1966 57 65
1967 57 66
1968 57 67
1969 57 75
1970 57 76
1971 57 77
1972 57 78
1973 57 79
1974 57 80
1975 57 82
1976 57 83
1977 57 84
1978 57 85
1979 57 109
1980 57 110
1981 57 122
1982 57 123
1983 57 124
1984 57 128
1985 57 129
1986 57 130
1987 57 131
1988 57 132
1989 57 133
1990 57 142
1991 57 143
1992 57 144
1993 57 147
1994 57 150
1995 57 155
1996 57 160
1997 58 2
1998 58 11
1999 58 16
2000 58 24
2001 58 25
2002 58 26
2003 58 27
2004 58 28
2005 58 29
2006 58 30
2007 58 31
2008 58 33
2009 58 34
2010 58 35
2011 58 36
2012 58 37
2013 58 43
2014 58 44
2015 58 45
2016 58 46
2017 58 47
2018 58 54
2019 58 64
2020 58 65
2021 58 66
2022 58 67
2023 58 75
2024 58 80
2025 58 82
2026 58 85
2027 58 108
2028 58 111
2029 58 112
2030 58 113
2031 58 114
2032 58 115
2033 58 116
2034 58 117
2035 58 118
2036 58 119
2037 58 120
2038 58 121
2039 58 125
2040 58 126
2041 58 127
2042 58 131
2043 58 134
2044 58 142
2045 58 144
2046 58 147
2047 58 150
2048 58 155
2049 58 160
2050 59 2
2051 59 11
2052 59 16
2053 59 17
2054 59 18
2055 59 19
2056 59 20
2057 59 21
2058 59 22
2059 59 23
2060 59 24
2061 59 25
2062 59 26
2063 59 32
2064 59 38
2065 59 39
2066 59 40
2067 59 41
2068 59 42
2069 59 48
2070 59 49
2071 59 50
2072 59 51
2073 59 52
2074 59 53
2075 59 68
2076 59 69
2077 59 70
2078 59 71
2079 59 72
2080 59 73
2081 59 74
2082 59 75
2083 59 76
2084 59 77
2085 59 78
2086 59 80
2087 59 82
2088 59 85
2089 59 108
2090 59 109
2091 59 110
2092 59 121
2093 59 125
2094 59 131
2095 59 134
2096 59 142
2097 59 144
2098 59 147
2099 59 148
2100 59 149
2101 59 150
2102 59 155
2103 59 160
2104 60 2
2105 60 8
2106 60 9
2107 60 10
2108 60 11
2109 60 48
2110 60 53
2111 60 79
2112 60 80
2113 60 82
2114 60 85
2115 60 95
2116 60 96
2117 60 97
2118 60 98
2119 60 100
2120 60 101
2121 60 102
2122 60 103
2123 60 104
2124 60 105
2125 60 106
2126 60 107
2127 60 111
2128 60 121
2129 60 125
2130 60 131
2131 60 135
2132 60 136
2133 60 137
2134 60 138
2135 60 142
2136 60 143
2137 60 144
2138 60 151
2139 60 152
2140 60 153
2141 60 154
2142 60 160
2143 61 2
2144 61 7
2145 61 48
2146 61 53
2147 61 79
2148 61 80
2149 61 82
2150 61 85
2151 61 102
2152 61 107
2153 61 111
2154 61 121
2155 61 125
2156 61 131
2157 61 134
2158 61 151
2159 61 154
2160 61 160
2161 62 2
2162 62 7
2163 62 48
2164 62 53
2165 62 79
2166 62 80
2167 62 82
2168 62 83
2169 62 84
2170 62 85
2171 62 102
2172 62 103
2173 62 104
2174 62 105
2175 62 106
2176 62 107
2177 62 111
2178 62 112
2179 62 113
2180 62 114
2181 62 115
2182 62 116
2183 62 117
2184 62 118
2185 62 119
2186 62 120
2187 62 121
2188 62 125
2189 62 126
2190 62 127
2191 62 128
2192 62 129
2193 62 130
2194 62 131
2195 62 134
2196 62 135
2197 62 136
2198 62 137
2199 62 138
2200 62 151
2201 62 152
2202 62 153
2203 62 154
2204 62 160
2205 63 2
2206 63 7
2207 63 48
2208 63 53
2209 63 81
2210 63 108
2211 63 109
2212 63 110
2213 63 122
2214 63 123
2215 63 124
2216 63 131
2217 63 132
2218 63 133
2219 63 160
2220 64 2
2221 64 7
2222 64 48
2223 64 49
2224 64 50
2225 64 51
2226 64 52
2227 64 53
2228 64 108
2229 64 109
2230 64 110
2231 64 122
2232 64 123
2233 64 124
2234 64 131
2235 64 132
2236 64 133
2237 64 160
2238 65 2
2239 65 7
2240 65 32
2241 65 33
2242 65 38
2243 65 39
2244 65 40
2245 65 41
2246 65 42
2247 65 46
2248 65 47
2249 65 54
2250 65 68
2251 65 69
2252 65 70
2253 65 71
2254 65 81
2255 65 82
2256 65 83
2257 65 84
2258 65 85
2259 65 86
2260 65 87
2261 65 88
2262 65 94
2263 65 95
2264 65 96
2265 65 97
2266 65 98
2267 65 102
2268 65 103
2269 65 104
2270 65 105
2271 65 106
2272 65 107
2273 65 111
2274 65 112
2275 65 113
2276 65 114
2277 65 115
2278 65 116
2279 65 117
2280 65 118
2281 65 119
2282 65 120
2283 65 121
2284 65 125
2285 65 126
2286 65 127
2287 65 128
2288 65 129
2289 65 130
2290 65 134
2291 65 135
2292 65 151
2293 65 152
2294 65 160
2295 66 2
2296 66 7
2297 66 32
2298 66 33
2299 66 38
2300 66 39
2301 66 46
2302 66 47
2303 66 54
2304 66 81
2305 66 95
2306 66 98
2307 66 102
2308 66 107
2309 66 111
2310 66 118
2311 66 119
2312 66 120
2313 66 121
2314 66 125
2315 66 126
2316 66 127
2317 66 128
2318 66 129
2319 66 130
2320 66 136
2321 66 137
2322 66 138
2323 66 151
2324 66 152
2325 66 160
2326 67 2
2327 67 8
2328 67 9
2329 67 32
2330 67 33
2331 67 38
2332 67 39
2333 67 48
2334 67 49
2335 67 50
2336 67 51
2337 67 52
2338 67 53
2339 67 81
2340 67 95
2341 67 98
2342 67 102
2343 67 105
2344 67 106
2345 67 107
2346 67 111
2347 67 117
2348 67 122
2349 67 123
2350 67 124
2351 67 131
2352 67 132
2353 67 133
2354 67 134
2355 67 135
2356 67 138
2357 67 151
2358 67 152
2359 67 160
2360 68 2
2361 68 3
2362 68 4
2363 68 5
2364 68 6
2365 68 9
2366 68 28
2367 68 29
2368 68 30
2369 68 31
2370 68 34
2371 68 35
2372 68 36
2373 68 37
2374 68 40
2375 68 48
2376 68 53
2377 68 81
2378 68 95
2379 68 98
2380 68 102
2381 68 104
2382 68 107
2383 68 111
2384 68 117
2385 68 122
2386 68 124
2387 68 131
2388 68 138
2389 68 151
2390 68 152
2391 68 160
2392 69 7
2393 69 9
2394 69 38
2395 69 39
2396 69 48
2397 69 53
2398 69 81
2399 69 95
2400 69 98
2401 69 102
2402 69 104
2403 69 107
2404 69 111
2405 69 117
2406 69 122
2407 69 124
2408 69 129
2409 69 130
2410 69 138
2411 69 145
2412 69 147
2413 69 148
2414 69 149
2415 69 150
2416 69 153
2417 69 154
2418 69 160
2419 70 1
2420 70 2
2421 70 3
2422 70 4
2423 70 5
2424 70 6
2425 70 9
2426 70 38
2427 70 39
2428 70 48
2429 70 53
2430 70 64
2431 70 65
2432 70 66
2433 70 67
2434 70 68
2435 70 69
2436 70 70
2437 70 71
2438 70 79
2439 70 80
2440 70 81
2441 70 95
2442 70 98
2443 70 102
2444 70 104
2445 70 107
2446 70 111
2447 70 118
2448 70 119
2449 70 122
2450 70 124
2451 70 129
2452 70 138
2453 70 145
2454 70 147
2455 70 150
2456 70 153
2457 70 154
2458 70 160
2459 71 1
2460 71 9
2461 71 38
2462 71 39
2463 71 48
2464 71 49
2465 71 50
2466 71 51
2467 71 52
2468 71 53
2469 71 64
2470 71 71
2471 71 79
2472 71 81
2473 71 95
2474 71 98
2475 71 102
2476 71 104
2477 71 107
2478 71 111
2479 71 119
2480 71 122
2481 71 124
2482 71 128
2483 71 130
2484 71 138
2485 71 145
2486 71 147
2487 71 150
2488 71 153
2489 71 154
2490 71 160
2491 72 1
2492 72 9
2493 72 40
2494 72 41
2495 72 46
2496 72 47
2497 72 54
2498 72 64
2499 72 65
2500 72 66
2501 72 67
2502 72 71
2503 72 79
2504 72 81
2505 72 95
2506 72 98
2507 72 102
2508 72 104
2509 72 107
2510 72 111
2511 72 119
2512 72 122
2513 72 124
2514 72 128
2515 72 130
2516 72 138
2517 72 145
2518 72 147
2519 72 150
2520 72 153
2521 72 154
2522 72 160
2523 73 1
2524 73 2
2525 73 3
2526 73 4
2527 73 5
2528 73 6
2529 73 7
2530 73 8
2531 73 9
2532 73 40
2533 73 41
2534 73 48
2535 73 51
2536 73 52
2537 73 53
2538 73 68
2539 73 71
2540 73 79
2541 73 81
2542 73 95
2543 73 98
2544 73 102
2545 73 104
2546 73 107
2547 73 111
2548 73 119
2549 73 122
2550 73 124
2551 73 128
2552 73 130
2553 73 138
2554 73 145
2555 73 147
2556 73 150
2557 73 153
2558 73 154
2559 73 160
2560 74 10
2561 74 11
2562 74 12
2563 74 13
2564 74 14
2565 74 15
2566 74 16
2567 74 17
2568 74 30
2569 74 31
2570 74 32
2571 74 33
2572 74 34
2573 74 35
2574 74 36
2575 74 37
2576 74 40
2577 74 41
2578 74 48
2579 74 51
2580 74 53
2581 74 68
2582 74 71
2583 74 79
2584 74 81
2585 74 95
2586 74 98
2587 74 102
2588 74 104
2589 74 107
2590 74 111
2591 74 119
2592 74 122
2593 74 124
2594 74 128
2595 74 130
2596 74 138
2597 74 145
2598 74 147
2599 74 150
2600 74 154
2601 74 160
2602 75 10
2603 75 18
2604 75 19
2605 75 20
2606 75 21
2607 75 22
2608 75 23
2609 75 24
2610 75 28
2611 75 29
2612 75 33
2613 75 37
2614 75 40
2615 75 41
2616 75 48
2617 75 51
2618 75 53
2619 75 64
2620 75 65
2621 75 66
2622 75 67
2623 75 68
2624 75 69
2625 75 70
2626 75 71
2627 75 79
2628 75 80
2629 75 81
2630 75 95
2631 75 98
2632 75 102
2633 75 104
2634 75 107
2635 75 111
2636 75 119
2637 75 122
2638 75 124
2639 75 128
2640 75 130
2641 75 138
2642 75 145
2643 75 147
2644 75 151
2645 75 153
2646 76 10
2647 76 24
2648 76 28
2649 76 29
2650 76 33
2651 76 37
2652 76 40
2653 76 41
2654 76 48
2655 76 51
2656 76 53
2657 76 82
2658 76 83
2659 76 84
2660 76 85
2661 76 86
2662 76 87
2663 76 95
2664 76 98
2665 76 102
2666 76 104
2667 76 107
2668 76 111
2669 76 119
2670 76 122
2671 76 124
2672 76 128
2673 76 130
2674 76 138
2675 76 145
2676 76 147
2677 76 151
2678 76 153
2679 77 10
2680 77 24
2681 77 28
2682 77 29
2683 77 33
2684 77 37
2685 77 40
2686 77 41
2687 77 48
2688 77 51
2689 77 53
2690 77 82
2691 77 83
2692 77 84
2693 77 85
2694 77 86
2695 77 87
2696 77 95
2697 77 98
2698 77 102
2699 77 103
2700 77 107
2701 77 111
2702 77 119
2703 77 122
2704 77 124
2705 77 128
2706 77 130
2707 77 138
2708 77 145
2709 77 147
2710 77 151
2711 77 153
2712 78 10
2713 78 24
2714 78 30
2715 78 31
2716 78 32
2717 78 37
2718 78 40
2719 78 41
2720 78 48
2721 78 51
2722 78 53
2723 78 68
2724 78 79
2725 78 80
2726 78 81
2727 78 95
2728 78 98
2729 78 102
2730 78 103
2731 78 107
2732 78 111
2733 78 119
2734 78 122
2735 78 124
2736 78 128
2737 78 130
2738 78 132
2739 78 133
2740 78 134
2741 78 135
2742 78 136
2743 78 137
2744 78 138
2745 78 145
2746 78 147
2747 78 151
2748 78 153
2749 79 10
2750 79 11
2751 79 12
2752 79 13
2753 79 24
2754 79 30
2755 79 32
2756 79 37
2757 79 40
2758 79 41
2759 79 48
2760 79 51
2761 79 53
2762 79 68
2763 79 79
2764 79 80
2765 79 81
2766 79 95
2767 79 98
2768 79 102
2769 79 103
2770 79 107
2771 79 111
2772 79 119
2773 79 122
2774 79 124
2775 79 128
2776 79 130
2777 79 131
2778 79 139
2779 79 145
2780 79 147
2781 79 148
2782 79 149
2783 79 150
2784 79 151
2785 79 153
2786 80 14
2787 80 24
2788 80 30
2789 80 32
2790 80 37
2791 80 38
2792 80 39
2793 80 48
2794 80 51
2795 80 53
2796 80 68
2797 80 82
2798 80 83
2799 80 84
2800 80 85
2801 80 86
2802 80 87
2803 80 88
2804 80 89
2805 80 90
2806 80 91
2807 80 95
2808 80 98
2809 80 102
2810 80 103
2811 80 107
2812 80 109
2813 80 110
2814 80 119
2815 80 122
2816 80 124
2817 80 128
2818 80 130
2819 80 131
2820 80 139
2821 80 140
2822 80 153
2823 81 14
2824 81 24
2825 81 30
2826 81 32
2827 81 37
2828 81 38
2829 81 39
2830 81 49
2831 81 50
2832 81 53
2833 81 68
2834 81 82
2835 81 91
2836 81 95
2837 81 98
2838 81 104
2839 81 107
2840 81 109
2841 81 119
2842 81 122
2843 81 124
2844 81 128
2845 81 130
2846 81 131
2847 81 139
2848 81 140
2849 81 153
2850 82 13
2851 82 24
2852 82 30
2853 82 32
2854 82 49
2855 82 53
2856 82 68
2857 82 82
2858 82 87
2859 82 88
2860 82 89
2861 82 90
2862 82 91
2863 82 95
2864 82 96
2865 82 97
2866 82 98
2867 82 104
2868 82 107
2869 82 109
2870 82 110
2871 82 111
2872 82 112
2873 82 113
2874 82 114
2875 82 115
2876 82 116
2877 82 119
2878 82 122
2879 82 124
2880 82 128
2881 82 130
2882 82 131
2883 82 139
2884 82 140
2885 83 10
2886 83 11
2887 83 13
2888 83 24
2889 83 30
2890 83 32
2891 83 49
2892 83 50
2893 83 51
2894 83 52
2895 83 53
2896 83 68
2897 83 82
2898 83 83
2899 83 84
2900 83 85
2901 83 86
2902 83 92
2903 83 93
2904 83 94
2905 83 108
2906 83 117
2907 83 119
2908 83 122
2909 83 124
2910 83 128
2911 83 130
2912 83 131
2913 83 139
2914 83 140
2915 84 10
2916 84 11
2917 84 13
2918 84 24
2919 84 30
2920 84 32
2921 84 68
2922 84 79
2923 84 80
2924 84 81
2925 84 87
2926 84 88
2927 84 92
2928 84 94
2929 84 107
2930 84 108
2931 84 117
2932 84 119
2933 84 122
2934 84 124
2935 84 128
2936 84 130
2937 84 131
2938 84 139
2939 84 140
2940 85 10
2941 85 11
2942 85 13
2943 85 24
2944 85 30
2945 85 31
2946 85 32
2947 85 59
2948 85 60
2949 85 61
2950 85 68
2951 85 79
2952 85 80
2953 85 81
2954 85 87
2955 85 88
2956 85 92
2957 85 94
2958 85 104
2959 85 107
2960 85 108
2961 85 117
2962 85 119
2963 85 122
2964 85 124
2965 85 128
2966 85 130
2967 85 131
2968 85 139
2969 85 140
2970 86 10
2971 86 11
2972 86 13
2973 86 24
2974 86 27
2975 86 28
2976 86 29
2977 86 46
2978 86 47
2979 86 48
2980 86 49
2981 86 50
2982 86 51
2983 86 52
2984 86 53
2985 86 59
2986 86 61
2987 86 82
2988 86 83
2989 86 87
2990 86 88
2991 86 92
2992 86 94
2993 86 104
2994 86 107
2995 86 108
2996 86 117
2997 86 119
2998 86 122
2999 86 124
3000 86 128
3001 86 130
3002 86 131
3003 86 139
3004 86 141
3005 86 145
3006 86 147
3007 86 148
3008 86 149
3009 86 150
3010 86 151
3011 86 153
3012 86 159
3013 86 160
3014 87 10
3015 87 11
3016 87 13
3017 87 23
3018 87 27
3019 87 29
3020 87 46
3021 87 53
3022 87 59
3023 87 61
3024 87 82
3025 87 83
3026 87 87
3027 87 88
3028 87 92
3029 87 94
3030 87 104
3031 87 107
3032 87 108
3033 87 117
3034 87 119
3035 87 122
3036 87 124
3037 87 128
3038 87 130
3039 87 132
3040 87 133
3041 87 134
3042 87 135
3043 87 136
3044 87 139
3045 87 141
3046 87 145
3047 87 147
3048 87 151
3049 87 153
3050 87 159
3051 87 160
3052 88 10
3053 88 11
3054 88 13
3055 88 14
3056 88 15
3057 88 16
3058 88 17
3059 88 18
3060 88 19
3061 88 20
3062 88 21
3063 88 22
3064 88 23
3065 88 27
3066 88 28
3067 88 29
3068 88 46
3069 88 49
3070 88 50
3071 88 51
3072 88 52
3073 88 53
3074 88 59
3075 88 60
3076 88 61
3077 88 82
3078 88 83
3079 88 87
3080 88 88
3081 88 92
3082 88 93
3083 88 94
3084 88 104
3085 88 107
3086 88 108
3087 88 117
3088 88 119
3089 88 122
3090 88 124
3091 88 128
3092 88 130
3093 88 136
3094 88 139
3095 88 141
3096 88 145
3097 88 147
3098 88 151
3099 88 153
3100 88 154
3101 88 159
3102 88 160
3103 89 2
3104 89 3
3105 89 4
3106 89 5
3107 89 6
3108 89 7
3109 89 8
3110 89 9
3111 89 12
3112 89 30
3113 89 31
3114 89 32
3115 89 46
3116 89 48
3117 89 84
3118 89 85
3119 89 86
3120 89 117
3121 89 118
3122 89 119
3123 89 122
3124 89 123
3125 89 124
3126 89 128
3127 89 130
3128 89 131
3129 89 132
3130 89 133
3131 89 134
3132 89 135
3133 89 136
3134 89 139
3135 89 140
3136 89 141
3137 89 145
3138 89 147
3139 89 148
3140 89 149
3141 89 150
3142 89 151
3143 89 153
3144 89 154
3145 89 159
3146 89 160
3147 90 2
3148 90 9
3149 90 12
3150 90 30
3151 90 31
3152 90 32
3153 90 46
3154 90 48
3155 90 84
3156 90 86
3157 90 129
3158 90 137
3159 90 138
3160 91 2
3161 91 9
3162 91 12
3163 91 46
3164 91 48
3165 91 84
3166 91 86
3167 91 117
3168 91 118
3169 91 119
3170 91 129
3171 92 2
3172 92 3
3173 92 4
3174 92 5
3175 92 6
3176 92 7
3177 92 8
3178 92 9
3179 92 12
3180 92 46
3181 92 48
3182 92 84
3183 92 86
3184 92 112
3185 92 113
3186 92 114
3187 92 115
3188 92 116
3189 92 122
3190 92 123
3191 92 124
3192 92 128
3193 92 130
3194 92 131
3195 92 132
3196 92 133
3197 92 134
3198 92 135
3199 92 136
3200 92 137
3201 92 138
3202 92 139
3203 92 140
3204 92 141
3205 92 145
3206 92 147
3207 92 148
3208 92 149
3209 92 150
3210 92 151
3211 92 159
3212 92 160
3213 93 10
3214 93 11
3215 93 12
3216 93 46
3217 93 48
3218 93 84
3219 93 85
3220 93 86
3221 93 112
3222 93 116
3223 93 125
3224 93 126
3225 93 127
3226 93 128
3227 93 130
3228 93 141
3229 93 145
3230 94 10
3231 94 12
3232 94 46
3233 94 48
3234 94 112
3235 94 113
3236 94 114
3237 94 115
3238 94 116
3239 94 125
3240 94 126
3241 94 127
3242 94 128
3243 94 130
3244 94 131
3245 94 132
3246 94 133
3247 94 134
3248 94 135
3249 94 136
3250 94 137
3251 94 138
3252 94 139
3253 94 140
3254 94 141
3255 94 145
3256 95 10
3257 95 11
3258 95 13
3259 95 14
3260 95 15
3261 95 46
3262 95 48
3263 95 117
3264 95 118
3265 95 119
3266 95 122
3267 95 123
3268 95 124
3269 95 129
3270 96 10
3271 96 11
3272 96 13
3273 96 15
3274 96 46
3275 96 48
3276 96 117
3277 96 118
3278 96 119
3279 96 122
3280 96 123
3281 96 124
3282 96 129
3283 97 10
3284 97 11
3285 97 13
3286 97 15
3287 97 46
3288 97 49
3289 97 50
3290 97 51
3291 97 52
3292 97 53
3293 97 54
3294 97 55
3295 97 56
3296 97 57
3297 97 58
3298 97 59
3299 97 99
3300 97 100
3301 97 101
3302 97 115
3303 97 116
3304 97 125
3305 97 126
3306 97 127
3307 97 128
3308 97 129
3309 97 132
3310 97 133
3311 97 134
3312 97 135
3313 97 136
3314 97 141
3315 97 145
3316 97 148
3317 97 149
3318 97 150
3319 97 151
3320 98 10
3321 98 11
3322 98 13
3323 98 15
3324 98 46
3325 98 47
3326 98 48
3327 98 49
3328 98 50
3329 98 51
3330 98 52
3331 98 53
3332 98 54
3333 98 55
3334 98 56
3335 98 57
3336 98 59
3337 98 99
3338 98 101
3339 98 115
3340 98 116
3341 98 125
3342 98 127
3343 98 128
3344 98 129
3345 98 132
3346 98 133
3347 98 134
3348 98 135
3349 98 136
3350 98 141
3351 98 145
3352 98 148
3353 98 151
3354 99 10
3355 99 11
3356 99 13
3357 99 16
3358 99 17
3359 99 18
3360 99 19
3361 99 20
3362 99 21
3363 99 22
3364 99 23
3365 99 27
3366 99 28
3367 99 29
3368 99 30
3369 99 31
3370 99 32
3371 99 38
3372 99 39
3373 99 58
3374 99 59
3375 99 99
3376 99 101
3377 99 115
3378 99 116
3379 99 117
3380 99 118
3381 99 119
3382 99 125
3383 99 126
3384 99 130
3385 99 131
3386 99 137
3387 99 141
3388 99 145
3389 99 148
3390 99 151
3391 100 10
3392 100 11
3393 100 13
3394 100 23
3395 100 27
3396 100 32
3397 100 36
3398 100 37
3399 100 44
3400 100 46
3401 100 47
3402 100 48
3403 100 49
3404 100 50
3405 100 51
3406 100 52
3407 100 53
3408 100 54
3409 100 55
3410 100 56
3411 100 57
3412 100 60
3413 100 61
3414 100 99
3415 100 101
3416 100 122
3417 100 123
3418 100 124
3419 100 130
3420 100 131
3421 100 137
3422 100 139
3423 100 140
3424 100 142
3425 100 143
3426 100 144
3427 100 146
3428 100 147
3429 100 149
3430 100 151
3431 101 10
3432 101 11
3433 101 13
3434 101 22
3435 101 23
3436 101 27
3437 101 28
3438 101 29
3439 101 30
3440 101 31
3441 101 32
3442 101 38
3443 101 39
3444 101 40
3445 101 41
3446 101 42
3447 101 44
3448 101 46
3449 101 57
3450 101 60
3451 101 61
3452 101 99
3453 101 101
3454 101 122
3455 101 123
3456 101 124
3457 101 130
3458 101 131
3459 101 142
3460 101 144
3461 101 146
3462 101 147
3463 101 149
3464 101 151
3465 102 10
3466 102 11
3467 102 13
3468 102 21
3469 102 24
3470 102 25
3471 102 26
3472 102 32
3473 102 38
3474 102 43
3475 102 46
3476 102 57
3477 102 60
3478 102 61
3479 102 99
3480 102 101
3481 102 114
3482 102 115
3483 102 116
3484 102 117
3485 102 118
3486 102 119
3487 102 127
3488 102 128
3489 102 130
3490 102 131
3491 102 142
3492 102 144
3493 102 146
3494 102 147
3495 102 149
3496 102 150
3497 102 151
3498 103 10
3499 103 11
3500 103 13
3501 103 21
3502 103 24
3503 103 26
3504 103 32
3505 103 38
3506 103 43
3507 103 46
3508 103 58
3509 103 59
3510 103 61
3511 103 99
3512 103 101
3513 103 114
3514 103 119
3515 103 127
3516 103 128
3517 103 130
3518 103 131
3519 103 142
3520 103 145
3521 103 148
3522 104 10
3523 104 11
3524 104 13
3525 104 21
3526 104 24
3527 104 26
3528 104 32
3529 104 38
3530 104 43
3531 104 46
3532 104 61
3533 104 99
3534 104 101
3535 104 114
3536 104 119
3537 104 127
3538 104 128
3539 104 130
3540 104 131
3541 104 142
3542 104 143
3543 104 144
3544 104 145
3545 104 148
3546 105 10
3547 105 11
3548 105 13
3549 105 21
3550 105 24
3551 105 26
3552 105 32
3553 105 38
3554 105 43
3555 105 46
3556 105 60
3557 105 61
3558 105 99
3559 105 101
3560 105 114
3561 105 119
3562 105 132
3563 105 133
3564 105 134
3565 105 135
3566 105 136
3567 105 137
3568 105 138
3569 105 139
3570 105 140
3571 105 141
3572 106 10
3573 106 11
3574 106 13
3575 106 15
3576 106 21
3577 106 24
3578 106 26
3579 106 32
3580 106 38
3581 106 43
3582 106 46
3583 106 59
3584 106 99
3585 106 101
3586 106 108
3587 106 109
3588 106 110
3589 106 111
3590 106 114
3591 106 119
3592 106 132
3593 107 10
3594 107 11
3595 107 13
3596 107 14
3597 107 16
3598 107 21
3599 107 24
3600 107 26
3601 107 32
3602 107 38
3603 107 40
3604 107 41
3605 107 42
3606 107 43
3607 107 46
3608 107 59
3609 107 99
3610 107 101
3611 107 108
3612 107 111
3613 107 114
3614 107 119
3615 107 132
3616 108 10
3617 108 11
3618 108 13
3619 108 14
3620 108 16
3621 108 21
3622 108 24
3623 108 26
3624 108 32
3625 108 38
3626 108 39
3627 108 44
3628 108 46
3629 108 59
3630 108 99
3631 108 101
3632 108 108
3633 108 111
3634 108 114
3635 108 119
3636 108 132
3637 108 135
3638 108 136
3639 108 137
3640 108 138
3641 108 139
3642 108 140
3643 108 141
3644 109 10
3645 109 11
3646 109 13
3647 109 14
3648 109 16
3649 109 21
3650 109 24
3651 109 26
3652 109 32
3653 109 38
3654 109 39
3655 109 44
3656 109 46
3657 109 59
3658 109 74
3659 109 82
3660 109 83
3661 109 84
3662 109 85
3663 109 86
3664 109 89
3665 109 90
3666 109 91
3667 109 99
3668 109 101
3669 109 108
3670 109 111
3671 109 114
3672 109 119
3673 109 132
3674 109 135
3675 109 136
3676 109 140
3677 109 141
3678 110 10
3679 110 11
3680 110 13
3681 110 14
3682 110 16
3683 110 17
3684 110 18
3685 110 19
3686 110 20
3687 110 21
3688 110 24
3689 110 25
3690 110 26
3691 110 32
3692 110 38
3693 110 40
3694 110 41
3695 110 42
3696 110 43
3697 110 46
3698 110 51
3699 110 52
3700 110 58
3701 110 74
3702 110 81
3703 110 86
3704 110 89
3705 110 90
3706 110 92
3707 110 93
3708 110 94
3709 110 95
3710 110 96
3711 110 97
3712 110 98
3713 110 101
3714 110 108
3715 110 111
3716 110 114
3717 110 119
3718 110 132
3719 110 137
3720 110 139
3721 110 142
3722 110 143
3723 110 144
3724 110 145
3725 110 146
3726 110 147
3727 110 148
3728 110 149
3729 110 150
3730 110 151
3731 110 152
3732 110 153
3733 111 10
3734 111 12
3735 111 15
3736 111 22
3737 111 23
3738 111 27
3739 111 28
3740 111 29
3741 111 30
3742 111 31
3743 111 32
3744 111 38
3745 111 39
3746 111 40
3747 111 41
3748 111 42
3749 111 43
3750 111 46
3751 111 50
3752 111 53
3753 111 58
3754 111 74
3755 111 75
3756 111 76
3757 111 81
3758 111 86
3759 111 89
3760 111 90
3761 111 92
3762 111 93
3763 111 94
3764 111 95
3765 111 101
3766 111 108
3767 111 111
3768 111 114
3769 111 119
3770 111 132
3771 111 137
3772 111 139
3773 111 149
3774 111 153
3775 112 10
3776 112 12
3777 112 15
3778 112 22
3779 112 23
3780 112 27
3781 112 33
3782 112 36
3783 112 37
3784 112 44
3785 112 45
3786 112 50
3787 112 53
3788 112 58
3789 112 74
3790 112 76
3791 112 81
3792 112 86
3793 112 89
3794 112 91
3795 112 96
3796 112 101
3797 112 108
3798 112 111
3799 112 114
3800 112 119
3801 112 137
3802 112 138
3803 112 139
3804 112 149
3805 112 153
3806 113 10
3807 113 12
3808 113 15
3809 113 22
3810 113 23
3811 113 27
3812 113 33
3813 113 44
3814 113 50
3815 113 53
3816 113 58
3817 113 74
3818 113 76
3819 113 81
3820 113 82
3821 113 83
3822 113 84
3823 113 85
3824 113 86
3825 113 90
3826 113 91
3827 113 96
3828 113 101
3829 113 108
3830 113 111
3831 113 114
3832 113 119
3833 113 135
3834 113 136
3835 113 143
3836 113 144
3837 113 145
3838 113 146
3839 113 147
3840 113 148
3841 113 154
3842 113 155
3843 113 156
3844 113 157
3845 113 158
3846 113 159
3847 113 160
3848 114 10
3849 114 12
3850 114 15
3851 114 22
3852 114 23
3853 114 27
3854 114 33
3855 114 36
3856 114 44
3857 114 50
3858 114 53
3859 114 58
3860 114 74
3861 114 76
3862 114 79
3863 114 80
3864 114 90
3865 114 91
3866 114 96
3867 114 101
3868 114 108
3869 114 111
3870 114 114
3871 114 120
3872 114 121
3873 114 122
3874 114 123
3875 114 126
3876 114 132
3877 114 133
3878 114 134
3879 114 136
3880 114 143
3881 114 160
3882 115 10
3883 115 12
3884 115 15
3885 115 22
3886 115 23
3887 115 27
3888 115 28
3889 115 29
3890 115 30
3891 115 31
3892 115 32
3893 115 33
3894 115 36
3895 115 44
3896 115 50
3897 115 53
3898 115 58
3899 115 74
3900 115 76
3901 115 79
3902 115 80
3903 115 90
3904 115 91
3905 115 95
3906 115 101
3907 115 109
3908 115 111
3909 115 114
3910 115 122
3911 115 123
3912 115 126
3913 115 132
3914 115 136
3915 115 143
3916 115 160
3917 116 10
3918 116 12
3919 116 15
3920 116 36
3921 116 44
3922 116 46
3923 116 47
3924 116 48
3925 116 49
3926 116 50
3927 116 53
3928 116 58
3929 116 74
3930 116 76
3931 116 79
3932 116 80
3933 116 90
3934 116 91
3935 116 95
3936 116 101
3937 116 109
3938 116 111
3939 116 114
3940 116 121
3941 116 126
3942 116 127
3943 116 128
3944 116 129
3945 116 130
3946 116 131
3947 116 136
3948 116 143
3949 116 160
3950 117 10
3951 117 12
3952 117 15
3953 117 36
3954 117 44
3955 117 45
3956 117 51
3957 117 53
3958 117 58
3959 117 74
3960 117 76
3961 117 79
3962 117 80
3963 117 90
3964 117 91
3965 117 95
3966 117 101
3967 117 109
3968 117 110
3969 117 111
3970 117 114
3971 117 121
3972 117 126
3973 117 136
3974 117 143
3975 117 144
3976 117 145
3977 117 160
3978 118 10
3979 118 12
3980 118 15
3981 118 36
3982 118 44
3983 118 45
3984 118 51
3985 118 53
3986 118 58
3987 118 74
3988 118 76
3989 118 79
3990 118 80
3991 118 90
3992 118 91
3993 118 95
3994 118 101
3995 118 107
3996 118 114
3997 118 121
3998 118 126
3999 118 137
4000 118 138
4001 118 139
4002 118 140
4003 118 141
4004 118 142
4005 118 146
4006 118 160
4007 119 10
4008 119 11
4009 119 36
4010 119 37
4011 119 38
4012 119 44
4013 119 45
4014 119 51
4015 119 53
4016 119 58
4017 119 74
4018 119 76
4019 119 79
4020 119 80
4021 119 90
4022 119 91
4023 119 95
4024 119 101
4025 119 107
4026 119 114
4027 119 121
4028 119 126
4029 119 142
4030 119 146
4031 119 160
4032 120 10
4033 120 11
4034 120 39
4035 120 40
4036 120 41
4037 120 44
4038 120 45
4039 120 51
4040 120 53
4041 120 58
4042 120 74
4043 120 76
4044 120 79
4045 120 80
4046 120 90
4047 120 91
4048 120 95
4049 120 101
4050 120 107
4051 120 114
4052 120 121
4053 120 126
4054 120 127
4055 120 128
4056 120 142
4057 120 146
4058 120 147
4059 120 148
4060 120 149
4061 120 150
4062 120 151
4063 120 152
4064 120 153
4065 120 154
4066 120 155
4067 120 156
4068 120 157
4069 120 158
4070 120 159
4071 120 160
4072 121 0
4073 121 1
4074 121 10
4075 121 11
4076 121 39
4077 121 41
4078 121 44
4079 121 45
4080 121 51
4081 121 53
4082 121 55
4083 121 56
4084 121 57
4085 121 58
4086 121 67
4087 121 68
4088 121 72
4089 121 73
4090 121 74
4091 121 75
4092 121 76
4093 121 79
4094 121 80
4095 121 90
4096 121 91
4097 121 95
4098 121 101
4099 121 107
4100 121 114
4101 121 122
4102 121 123
4103 121 125
4104 121 129
4105 121 141
4106 122 0
4107 122 1
4108 122 9
4109 122 12
4110 122 39
4111 122 41
4112 122 44
4113 122 45
4114 122 47
4115 122 48
4116 122 49
4117 122 50
4118 122 53
4119 122 54
4120 122 59
4121 122 60
4122 122 61
4123 122 62
4124 122 63
4125 122 64
4126 122 65
4127 122 66
4128 122 68
4129 122 79
4130 122 80
4131 122 90
4132 122 91
4133 122 95
4134 122 99
4135 122 100
4136 122 101
4137 122 107
4138 122 114
4139 122 121
4140 122 122
4141 122 123
4142 122 125
4143 122 129
4144 122 141
4145 123 0
4146 123 1
4147 123 9
4148 123 12
4149 123 39
4150 123 41
4151 123 44
4152 123 45
4153 123 47
4154 123 50
4155 123 53
4156 123 54
4157 123 59
4158 123 68
4159 123 79
4160 123 80
4161 123 90
4162 123 91
4163 123 95
4164 123 98
4165 123 107
4166 123 114
4167 123 120
4168 123 125
4169 123 129
4170 123 138
4171 123 139
4172 123 140
4173 123 141
4174 124 0
4175 124 1
4176 124 10
4177 124 11
4178 124 15
4179 124 39
4180 124 41
4181 124 44
4182 124 45
4183 124 47
4184 124 50
4185 124 53
4186 124 54
4187 124 59
4188 124 60
4189 124 61
4190 124 68
4191 124 79
4192 124 80
4193 124 90
4194 124 91
4195 124 95
4196 124 98
4197 124 107
4198 124 114
4199 124 120
4200 124 125
4201 124 129
4202 124 130
4203 124 131
4204 124 132
4205 124 133
4206 124 134
4207 124 135
4208 124 136
4209 124 137
4210 124 142
4211 124 146
4212 124 147
4213 124 148
4214 124 149
4215 124 150
4216 124 151
4217 124 152
4218 124 153
4219 124 154
4220 124 155
4221 124 156
4222 124 157
4223 124 158
4224 125 0
4225 125 1
4226 125 10
4227 125 11
4228 125 15
4229 125 39
4230 125 41
4231 125 44
4232 125 45
4233 125 47
4234 125 50
4235 125 53
4236 125 54
4237 125 57
4238 125 58
4239 125 62
4240 125 68
4241 125 79
4242 125 80
4243 125 90
4244 125 91
4245 125 95
4246 125 98
4247 125 107
4248 125 109
4249 125 110
4250 125 114
4251 125 120
4252 125 126
4253 125 127
4254 125 128
4255 125 138
4256 125 139
4257 125 140
4258 125 141
4259 125 146
4260 125 147
4261 125 148
4262 125 149
4263 125 150
4264 125 151
4265 125 152
4266 125 153
4267 125 154
4268 125 155
4269 125 156
4270 125 157
4271 125 158
4272 126 0
4273 126 1
4274 126 10
4275 126 11
4276 126 13
4277 126 14
4278 126 16
4279 126 39
4280 126 41
4281 126 44
4282 126 45
4283 126 47
4284 126 50
4285 126 53
4286 126 54
4287 126 57
4288 126 58
4289 126 62
4290 126 68
4291 126 79
4292 126 80
4293 126 90
4294 126 91
4295 126 95
4296 126 96
4297 126 97
4298 126 98
4299 126 107
4300 126 109
4301 126 110
4302 126 114
4303 126 120
4304 126 126
4305 126 128
4306 126 159
4307 126 160
4308 127 0
4309 127 1
4310 127 10
4311 127 11
4312 127 13
4313 127 14
4314 127 16
4315 127 39
4316 127 41
4317 127 44
4318 127 45
4319 127 47
4320 127 49
4321 127 53
4322 127 54
4323 127 57
4324 127 58
4325 127 62
4326 127 63
4327 127 64
4328 127 65
4329 127 66
4330 127 67
4331 127 68
4332 127 79
4333 127 80
4334 127 83
4335 127 84
4336 127 85
4337 127 86
4338 127 87
4339 127 88
4340 127 89
4341 127 92
4342 127 93
4343 127 94
4344 127 107
4345 127 109
4346 127 110
4347 127 114
4348 127 115
4349 127 116
4350 127 121
4351 127 122
4352 127 126
4353 127 128
4354 127 146
4355 127 147
4356 127 148
4357 127 149
4358 127 150
4359 127 151
4360 127 152
4361 127 153
4362 127 154
4363 127 155
4364 127 156
4365 127 159
4366 127 160
4367 128 0
4368 128 1
4369 128 10
4370 128 11
4371 128 13
4372 128 14
4373 128 16
4374 128 39
4375 128 41
4376 128 44
4377 128 45
4378 128 47
4379 128 48
4380 128 49
4381 128 53
4382 128 54
4383 128 57
4384 128 58
4385 128 81
4386 128 82
4387 128 89
4388 128 92
4389 128 94
4390 128 107
4391 128 108
4392 128 111
4393 128 112
4394 128 113
4395 128 117
4396 128 122
4397 128 126
4398 128 128
4399 128 146
4400 128 156
4401 129 0
4402 129 1
4403 129 10
4404 129 11
4405 129 13
4406 129 14
4407 129 16
4408 129 39
4409 129 41
4410 129 44
4411 129 45
4412 129 55
4413 129 56
4414 129 81
4415 129 82
4416 129 86
4417 129 87
4418 129 88
4419 129 89
4420 129 92
4421 129 93
4422 129 94
4423 129 107
4424 129 108
4425 129 111
4426 129 113
4427 129 117
4428 129 122
4429 129 126
4430 129 127
4431 129 128
4432 129 146
4433 129 156
4434 130 0
4435 130 1
4436 130 10
4437 130 11
4438 130 13
4439 130 14
4440 130 16
4441 130 39
4442 130 41
4443 130 44
4444 130 45
4445 130 55
4446 130 56
4447 130 83
4448 130 85
4449 130 90
4450 130 91
4451 130 95
4452 130 96
4453 130 97
4454 130 98
4455 130 99
4456 130 100
4457 130 101
4458 130 102
4459 130 103
4460 130 107
4461 130 108
4462 130 111
4463 130 114
4464 130 115
4465 130 116
4466 130 122
4467 130 125
4468 130 129
4469 130 130
4470 130 131
4471 130 132
4472 130 133
4473 130 134
4474 130 135
4475 130 136
4476 130 146
4477 130 147
4478 130 148
4479 130 149
4480 130 150
4481 130 151
4482 130 152
4483 130 153
4484 130 154
4485 130 155
4486 130 156
4487 131 0
4488 131 1
4489 131 10
4490 131 11
4491 131 13
4492 131 14
4493 131 16
4494 131 39
4495 131 41
4496 131 44
4497 131 45
4498 131 63
4499 131 64
4500 131 65
4501 131 66
4502 131 67
4503 131 81
4504 131 82
4505 131 84
4506 131 85
4507 131 90
4508 131 91
4509 131 95
4510 131 103
4511 131 107
4512 131 108
4513 131 111
4514 131 122
4515 131 125
4516 131 129
4517 131 130
4518 131 131
4519 131 132
4520 131 133
4521 131 134
4522 131 135
4523 131 136
4524 132 0
4525 132 2
4526 132 3
4527 132 4
4528 132 10
4529 132 11
4530 132 13
4531 132 14
4532 132 16
4533 132 39
4534 132 41
4535 132 44
4536 132 45
4537 132 67
4538 132 75
4539 132 76
4540 132 81
4541 132 82
4542 132 88
4543 132 89
4544 132 92
4545 132 93
4546 132 94
4547 132 103
4548 132 107
4549 132 108
4550 132 111
4551 132 122
4552 132 125
4553 132 137
4554 132 138
4555 132 139
4556 132 140
4557 132 141
4558 133 0
4559 133 4
4560 133 10
4561 133 11
4562 133 13
4563 133 14
4564 133 16
4565 133 39
4566 133 41
4567 133 44
4568 133 45
4569 133 67
4570 133 75
4571 133 76
4572 133 81
4573 133 82
4574 133 88
4575 133 89
4576 133 92
4577 133 93
4578 133 94
4579 133 103
4580 133 107
4581 133 108
4582 133 111
4583 133 122
4584 133 125
4585 133 137
4586 133 141
4587 134 0
4588 134 4
4589 134 10
4590 134 11
4591 134 13
4592 134 14
4593 134 16
4594 134 39
4595 134 41
4596 134 44
4597 134 45
4598 134 67
4599 134 75
4600 134 76
4601 134 81
4602 134 82
4603 134 86
4604 134 87
4605 134 95
4606 134 96
4607 134 97
4608 134 98
4609 134 99
4610 134 100
4611 134 101
4612 134 102
4613 134 103
4614 134 107
4615 134 108
4616 134 111
4617 134 122
4618 134 125
4619 134 137
4620 134 138
4621 134 139
4622 134 140
4623 134 141
4624 135 0
4625 135 4
4626 135 10
4627 135 11
4628 135 13
4629 135 14
4630 135 16
4631 135 39
4632 135 41
4633 135 44
4634 135 46
4635 135 63
4636 135 64
4637 135 68
4638 135 69
4639 135 70
4640 135 71
4641 135 83
4642 135 84
4643 135 85
4644 135 107
4645 135 108
4646 135 111
4647 135 122
4648 135 125
4649 135 133
4650 135 134
4651 135 135
4652 135 136
4653 136 0
4654 136 4
4655 136 10
4656 136 11
4657 136 13
4658 136 14
4659 136 16
4660 136 39
4661 136 41
4662 136 44
4663 136 46
4664 136 63
4665 136 64
4666 136 68
4667 136 71
4668 136 83
4669 136 85
4670 136 107
4671 136 108
4672 136 111
4673 136 122
4674 136 125
4675 136 133
4676 136 136
4677 137 0
4678 137 4
4679 137 10
4680 137 11
4681 137 13
4682 137 14
4683 137 16
4684 137 39
4685 137 40
4686 137 41
4687 137 44
4688 137 46
4689 137 54
4690 137 55
4691 137 56
4692 137 57
4693 137 58
4694 137 59
4695 137 60
4696 137 63
4697 137 64
4698 137 68
4699 137 71
4700 137 83
4701 137 85
4702 137 107
4703 137 108
4704 137 111
4705 137 122
4706 137 125
4707 137 133
4708 137 137
4709 137 138
4710 137 139
4711 137 140
4712 137 141
4713 137 146
4714 137 147
4715 137 148
4716 137 149
4717 137 150
4718 137 151
4719 137 152
4720 137 153
4721 137 154
4722 137 155
4723 137 156
4724 137 157
4725 138 0
4726 138 4
4727 138 10
4728 138 11
4729 138 13
4730 138 14
4731 138 16
4732 138 42
4733 138 44
4734 138 47
4735 138 48
4736 138 49
4737 138 50
4738 138 51
4739 138 52
4740 138 53
4741 138 60
4742 138 63
4743 138 64
4744 138 68
4745 138 69
4746 138 70
4747 138 71
4748 138 83
4749 138 84
4750 138 107
4751 138 108
4752 138 111
4753 138 122
4754 138 125
4755 138 133
4756 138 142
4757 138 143
4758 138 146
4759 138 158
4760 139 0
4761 139 4
4762 139 10
4763 139 12
4764 139 14
4765 139 16
4766 139 42
4767 139 44
4768 139 60
4769 139 63
4770 139 64
4771 139 83
4772 139 84
4773 139 107
4774 139 108
4775 139 111
4776 139 112
4777 139 113
4778 139 114
4779 139 122
4780 139 125
4781 139 133
4782 139 143
4783 139 146
4784 139 158
4785 140 0
4786 140 4
4787 140 10
4788 140 12
4789 140 14
4790 140 16
4791 140 42
4792 140 44
4793 140 56
4794 140 57
4795 140 59
4796 140 60
4797 140 63
4798 140 64
4799 140 83
4800 140 84
4801 140 85
4802 140 96
4803 140 97
4804 140 98
4805 140 99
4806 140 100
4807 140 101
4808 140 102
4809 140 103
4810 140 107
4811 140 108
4812 140 115
4813 140 122
4814 140 126
4815 140 127
4816 140 128
4817 140 129
4818 140 130
4819 140 131
4820 140 132
4821 140 143
4822 140 146
4823 140 158
4824 141 0
4825 141 4
4826 141 10
4827 141 12
4828 141 14
4829 141 16
4830 141 29
4831 141 30
4832 141 42
4833 141 44
4834 141 55
4835 141 58
4836 141 65
4837 141 66
4838 141 67
4839 141 68
4840 141 69
4841 141 70
4842 141 71
4843 141 81
4844 141 82
4845 141 86
4846 141 87
4847 141 88
4848 141 89
4849 141 92
4850 141 93
4851 141 94
4852 141 96
4853 141 98
4854 141 107
4855 141 108
4856 141 115
4857 141 122
4858 141 126
4859 141 143
4860 141 146
4861 141 158
4862 142 0
4863 142 4
4864 142 15
4865 142 29
4866 142 30
4867 142 42
4868 142 44
4869 142 55
4870 142 58
4871 142 65
4872 142 69
4873 142 70
4874 142 71
4875 142 81
4876 142 82
4877 142 86
4878 142 89
4879 142 92
4880 142 94
4881 142 96
4882 142 98
4883 142 109
4884 142 110
4885 142 115
4886 142 122
4887 142 126
4888 142 143
4889 142 146
4890 142 158
4891 143 0
4892 143 2
4893 143 3
4894 143 4
4895 143 15
4896 143 29
4897 143 30
4898 143 42
4899 143 44
4900 143 55
4901 143 58
4902 143 61
4903 143 62
4904 143 63
4905 143 65
4906 143 68
4907 143 81
4908 143 82
4909 143 86
4910 143 89
4911 143 92
4912 143 94
4913 143 96
4914 143 98
4915 143 109
4916 143 110
4917 143 115
4918 143 122
4919 143 126
4920 143 128
4921 143 129
4922 143 130
4923 143 131
4924 143 143
4925 143 146
4926 143 156
4927 143 157
4928 143 158
4929 143 159
4930 143 160
4931 144 0
4932 144 1
4933 144 5
4934 144 6
4935 144 7
4936 144 8
4937 144 9
4938 144 42
4939 144 44
4940 144 56
4941 144 58
4942 144 61
4943 144 64
4944 144 68
4945 144 81
4946 144 83
4947 144 84
4948 144 85
4949 144 89
4950 144 92
4951 144 94
4952 144 96
4953 144 98
4954 144 109
4955 144 110
4956 144 115
4957 144 122
4958 144 126
4959 144 127
4960 144 132
4961 144 133
4962 144 134
4963 144 135
4964 144 143
4965 144 146
4966 144 155
4967 145 0
4968 145 1
4969 145 5
4970 145 8
4971 145 9
4972 145 42
4973 145 44
4974 145 56
4975 145 58
4976 145 61
4977 145 68
4978 145 81
4979 145 89
4980 145 92
4981 145 94
4982 145 96
4983 145 98
4984 145 109
4985 145 110
4986 145 115
4987 145 122
4988 145 136
4989 145 143
4990 145 146
4991 145 155
4992 146 0
4993 146 1
4994 146 5
4995 146 7
4996 146 9
4997 146 23
4998 146 42
4999 146 44
5000 146 56
5001 146 58
5002 146 61
5003 146 68
5004 146 81
5005 146 90
5006 146 91
5007 146 94
5008 146 96
5009 146 98
5010 146 109
5011 146 110
5012 146 115
5013 146 116
5014 146 118
5015 146 119
5016 146 120
5017 146 121
5018 146 122
5019 146 136
5020 146 137
5021 146 138
5022 146 139
5023 146 140
5024 146 141
5025 146 142
5026 146 143
5027 146 146
5028 146 147
5029 146 148
5030 146 155
5031 147 0
5032 147 1
5033 147 5
5034 147 7
5035 147 9
5036 147 29
5037 147 30
5038 147 42
5039 147 44
5040 147 56
5041 147 58
5042 147 61
5043 147 62
5044 147 63
5045 147 64
5046 147 68
5047 147 81
5048 147 93
5049 147 95
5050 147 98
5051 147 109
5052 147 111
5053 147 112
5054 147 113
5055 147 114
5056 147 117
5057 147 123
5058 147 124
5059 147 125
5060 147 126
5061 147 127
5062 147 132
5063 147 133
5064 147 134
5065 147 135
5066 147 144
5067 147 145
5068 147 149
5069 147 150
5070 147 151
5071 147 152
5072 147 153
5073 147 154
5074 147 155
5075 148 0
5076 148 1
5077 148 5
5078 148 7
5079 148 9
5080 148 29
5081 148 30
5082 148 42
5083 148 44
5084 148 53
5085 148 54
5086 148 55
5087 148 56
5088 148 58
5089 148 65
5090 148 68
5091 148 81
5092 148 93
5093 148 95
5094 148 99
5095 148 109
5096 148 114
5097 148 117
5098 148 123
5099 148 127
5100 148 131
5101 148 135
5102 148 144
5103 148 146
5104 148 147
5105 148 148
5106 148 156
5107 149 0
5108 149 1
5109 149 5
5110 149 7
5111 149 9
5112 149 29
5113 149 30
5114 149 42
5115 149 44
5116 149 52
5117 149 65
5118 149 68
5119 149 81
5120 149 93
5121 149 95
5122 149 99
5123 149 109
5124 149 114
5125 149 117
5126 149 123
5127 149 127
5128 149 131
5129 149 135
5130 149 144
5131 149 148
5132 149 156
5133 150 0
5134 150 1
5135 150 5
5136 150 7
5137 150 29
5138 150 30
5139 150 39
5140 150 40
5141 150 41
5142 150 42
5143 150 44
5144 150 52
5145 150 65
5146 150 68
5147 150 81
5148 150 93
5149 150 95
5150 150 99
5151 150 109
5152 150 114
5153 150 117
5154 150 123
5155 150 127
5156 150 131
5157 150 135
5158 150 144
5159 150 148
5160 150 156
5161 151 0
5162 151 1
5163 151 5
5164 151 7
5165 151 29
5166 151 30
5167 151 39
5168 151 42
5169 151 44
5170 151 45
5171 151 46
5172 151 52
5173 151 65
5174 151 66
5175 151 67
5176 151 68
5177 151 81
5178 151 93
5179 151 95
5180 151 99
5181 151 109
5182 151 114
5183 151 117
5184 151 123
5185 151 127
5186 151 131
5187 151 135
5188 151 144
5189 151 145
5190 151 146
5191 151 149
5192 151 156
5193 152 0
5194 152 1
5195 152 5
5196 152 7
5197 152 29
5198 152 30
5199 152 39
5200 152 42
5201 152 47
5202 152 52
5203 152 64
5204 152 69
5205 152 70
5206 152 81
5207 152 93
5208 152 95
5209 152 99
5210 152 109
5211 152 114
5212 152 117
5213 152 123
5214 152 127
5215 152 131
5216 152 136
5217 152 137
5218 152 138
5219 152 139
5220 152 140
5221 152 141
5222 152 142
5223 152 143
5224 152 147
5225 152 148
5226 152 150
5227 152 151
5228 152 156
5229 153 5
5230 153 7
5231 153 29
5232 153 30
5233 153 39
5234 153 42
5235 153 47
5236 153 52
5237 153 64
5238 153 70
5239 153 81
5240 153 93
5241 153 95
5242 153 99
5243 153 109
5244 153 114
5245 153 117
5246 153 123
5247 153 127
5248 153 131
5249 153 143
5250 153 149
5251 153 157
5252 153 158
5253 153 159
5254 153 160
5255 154 5
5256 154 6
5257 154 7
5258 154 29
5259 154 30
5260 154 39
5261 154 42
5262 154 47
5263 154 52
5264 154 64
5265 154 70
5266 154 81
5267 154 82
5268 154 83
5269 154 84
5270 154 85
5271 154 86
5272 154 87
5273 154 88
5274 154 89
5275 154 90
5276 154 91
5277 154 92
5278 154 93
5279 154 95
5280 154 96
5281 154 97
5282 154 98
5283 154 99
5284 154 109
5285 154 110
5286 154 111
5287 154 112
5288 154 113
5289 154 114
5290 154 117
5291 154 123
5292 154 124
5293 154 125
5294 154 126
5295 154 127
5296 154 131
5297 154 143
5298 154 149
5299 154 156
5300 154 157
5301 154 158
5302 154 159
5303 154 160
5304 155 8
5305 155 29
5306 155 30
5307 155 39
5308 155 42
5309 155 47
5310 155 52
5311 155 64
5312 155 70
5313 155 94
5314 155 118
5315 155 119
5316 155 120
5317 155 121
5318 155 122
5319 155 131
5320 155 143
5321 155 150
5322 155 151
5323 155 152
5324 155 153
5325 155 154
5326 155 155
5327 156 8
5328 156 29
5329 156 30
5330 156 39
5331 156 42
5332 156 47
5333 156 52
5334 156 63
5335 156 64
5336 156 70
5337 156 118
5338 156 122
5339 156 131
5340 156 143
5341 156 150
5342 156 155
5343 156 159
5344 156 160
5345 157 8
5346 157 26
5347 157 27
5348 157 28
5349 157 31
5350 157 32
5351 157 33
5352 157 34
5353 157 35
5354 157 36
5355 157 37
5356 157 38
5357 157 42
5358 157 47
5359 157 52
5360 157 63
5361 157 64
5362 157 70
5363 157 118
5364 157 122
5365 157 131
5366 157 132
5367 157 133
5368 157 134
5369 157 135
5370 157 136
5371 157 137
5372 157 138
5373 157 139
5374 157 140
5375 157 141
5376 157 142
5377 157 143
5378 157 150
5379 157 151
5380 157 152
5381 157 153
5382 157 154
5383 157 155
5384 157 159
5385 157 160
5386 158 8
5387 158 26
5388 158 28
5389 158 31
5390 158 42
5391 158 47
5392 158 52
5393 158 63
5394 158 64
5395 158 69
5396 158 70
5397 158 118
5398 158 122
5399 158 149
5400 158 156
5401 158 157
5402 158 158
5403 159 7
5404 159 8
5405 159 26
5406 159 27
5407 159 28
5408 159 31
5409 159 42
5410 159 47
5411 159 51
5412 159 63
5413 159 64
5414 159 69
5415 159 70
5416 159 118
5417 159 119
5418 159 120
5419 159 121
5420 159 122
5421 159 149
5422 159 156
5423 159 158
5424 160 7
5425 160 8
5426 160 31
5427 160 32
5428 160 33
5429 160 34
5430 160 35
5431 160 36
5432 160 37
5433 160 38
5434 160 39
5435 160 40
5436 160 41
5437 160 42
5438 160 47
5439 160 48
5440 160 49
5441 160 50
5442 160 51
5443 160 61
5444 160 62
5445 160 63
5446 160 64
5447 160 69
5448 160 70
5449 160 94
5450 160 95
5451 160 96
5452 160 97
5453 160 98
5454 160 99
5455 160 149
5456 160 156
5457 160 157
5458 160 158
