1095
0 0 3
1 0 4
2 0 5
3 0 6
4 0 7
5 0 8
6 0 9
7 0 10
8 0 14
9 0 26
10 0 27
11 0 28
12 0 32
13 0 33
14 0 34
15 0 35
16 0 36
17 0 37
18 0 38
19 0 39
20 0 40
21 0 41
22 0 42
23 0 43
24 0 44
25 0 45
26 0 46
27 0 47
28 0 48
29 0 49
30 0 50
31 0 51
32 0 52
33 0 53
34 0 63
35 0 64
36 1 3
37 1 6
38 1 16
39 1 17
40 1 18
41 1 19
42 1 26
43 1 63
44 1 64
45 2 2
46 2 6
47 2 16
48 2 19
49 2 26
50 2 63
51 2 64
52 3 2
53 3 7
54 3 8
55 3 9
56 3 10
57 3 14
58 3 15
59 3 16
60 3 17
61 3 18
62 3 19
63 3 26
64 3 57
65 3 58
66 3 59
67 3 63
68 4 2
69 4 10
70 4 26
71 4 35
72 4 36
73 4 37
74 4 38
75 4 39
76 4 40
77 4 41
78 4 51
79 4 52
80 4 53
81 4 63
82 5 2
83 5 10
84 5 26
85 5 35
86 5 41
87 5 54
88 5 55
89 5 56
90 5 62
91 6 2
92 6 10
93 6 26
94 6 27
95 6 35
96 6 36
97 6 37
98 6 38
99 6 39
100 6 40
101 6 41
102 6 57
103 6 58
104 6 62
105 7 2
106 7 3
107 7 4
108 7 5
109 7 6
110 7 7
111 7 8
112 7 9
113 7 10
114 7 26
115 7 27
116 7 57
117 7 58
118 7 61
119 7 63
120 7 64
121 8 0
122 8 1
123 8 22
124 8 23
125 8 25
126 8 26
127 8 27
128 8 29
129 8 30
130 8 31
131 8 32
132 8 59
133 8 63
134 8 64
135 9 0
136 9 1
137 9 17
138 9 27
139 9 29
140 9 32
141 9 38
142 9 39
143 9 52
144 9 53
145 9 56
146 9 59
147 9 63
148 9 64
149 10 2
150 10 17
151 10 20
152 10 21
153 10 24
154 10 27
155 10 29
156 10 32
157 10 36
158 10 37
159 10 52
160 10 53
161 10 54
162 10 55
163 10 56
164 10 59
165 10 64
166 11 2
167 11 17
168 11 20
169 11 21
170 11 24
171 11 27
172 11 29
173 11 30
174 11 31
175 11 32
176 11 36
177 11 37
178 11 56
179 11 59
180 11 64
181 12 2
182 12 3
183 12 4
184 12 5
185 12 6
186 12 7
187 12 10
188 12 11
189 12 16
190 12 20
191 12 26
192 12 33
193 12 34
194 12 35
195 12 53
196 12 57
197 12 58
198 12 64
199 13 2
200 13 7
201 13 10
202 13 11
203 13 16
204 13 20
205 13 26
206 13 28
207 13 32
208 13 35
209 13 36
210 13 37
211 13 38
212 13 39
213 13 56
214 13 59
215 14 2
216 14 7
217 14 10
218 14 11
219 14 16
220 14 20
221 14 26
222 14 28
223 14 32
224 14 34
225 14 55
226 14 57
227 14 58
228 14 59
229 15 2
230 15 7
231 15 10
232 15 11
233 15 16
234 15 24
235 15 27
236 15 28
237 15 32
238 15 35
239 15 36
240 15 37
241 15 38
242 15 55
243 15 56
244 16 2
245 16 7
246 16 11
247 16 24
248 16 27
249 16 28
250 16 32
251 16 38
252 16 55
253 16 56
254 17 2
255 17 5
256 17 6
257 17 7
258 17 11
259 17 24
260 17 27
261 17 28
262 17 32
263 17 35
264 17 36
265 17 37
266 17 38
267 17 53
268 18 0
269 18 1
270 18 4
271 18 11
272 18 13
273 18 14
274 18 15
275 18 32
276 18 33
277 18 34
278 18 39
279 18 53
280 19 0
281 19 4
282 19 11
283 19 13
284 19 14
285 19 15
286 19 35
287 19 36
288 19 53
289 20 0
290 20 1
291 20 2
292 20 3
293 20 4
294 20 11
295 20 13
296 20 15
297 20 23
298 20 35
299 20 36
300 20 53
301 20 63
302 20 64
303 21 0
304 21 8
305 21 9
306 21 12
307 21 14
308 21 15
309 21 23
310 21 35
311 21 36
312 21 49
313 21 50
314 21 51
315 21 52
316 21 54
317 21 63
318 21 64
319 22 1
320 22 2
321 22 3
322 22 4
323 22 11
324 22 20
325 22 23
326 22 34
327 22 37
328 22 38
329 22 46
330 22 47
331 22 53
332 22 54
333 22 63
334 22 64
335 23 1
336 23 3
337 23 8
338 23 9
339 23 20
340 23 22
341 23 23
342 23 30
343 23 31
344 23 34
345 23 37
346 23 38
347 23 44
348 23 45
349 23 53
350 23 54
351 23 57
352 23 58
353 23 59
354 23 60
355 23 61
356 23 62
357 23 63
358 23 64
359 24 1
360 24 2
361 24 3
362 24 8
363 24 9
364 24 20
365 24 21
366 24 35
367 24 36
368 24 37
369 24 38
370 24 44
371 24 45
372 24 53
373 24 54
374 24 57
375 24 58
376 25 0
377 25 5
378 25 6
379 25 7
380 25 9
381 25 20
382 25 21
383 25 24
384 25 25
385 25 26
386 25 27
387 25 28
388 25 39
389 25 40
390 25 42
391 25 43
392 25 44
393 25 46
394 25 47
395 25 54
396 25 57
397 25 58
398 26 0
399 26 5
400 26 6
401 26 9
402 26 20
403 26 21
404 26 24
405 26 28
406 26 39
407 26 40
408 26 42
409 26 44
410 26 46
411 26 47
412 26 54
413 26 57
414 26 58
415 26 59
416 26 60
417 26 61
418 26 62
419 26 63
420 27 0
421 27 7
422 27 8
423 27 9
424 27 20
425 27 21
426 27 24
427 27 28
428 27 40
429 27 42
430 27 43
431 27 44
432 27 45
433 27 48
434 27 49
435 27 50
436 27 51
437 27 52
438 27 53
439 27 54
440 27 59
441 27 63
442 28 0
443 28 11
444 28 12
445 28 19
446 28 23
447 28 28
448 28 41
449 28 45
450 28 48
451 28 49
452 28 50
453 28 51
454 28 52
455 28 53
456 28 54
457 28 59
458 28 63
459 29 0
460 29 6
461 29 11
462 29 13
463 29 14
464 29 15
465 29 16
466 29 19
467 29 23
468 29 28
469 29 41
470 29 46
471 29 47
472 29 59
473 29 60
474 29 63
475 30 0
476 30 6
477 30 11
478 30 13
479 30 17
480 30 18
481 30 23
482 30 28
483 30 39
484 30 40
485 30 46
486 30 47
487 30 61
488 30 63
489 31 6
490 31 11
491 31 14
492 31 15
493 31 16
494 31 19
495 31 20
496 31 21
497 31 22
498 31 23
499 31 24
500 31 25
501 31 26
502 31 27
503 31 28
504 31 39
505 31 40
506 31 46
507 31 47
508 31 55
509 31 61
510 31 62
511 32 7
512 32 8
513 32 11
514 32 16
515 32 29
516 32 30
517 32 31
518 32 32
519 32 39
520 32 40
521 32 46
522 32 47
523 32 55
524 32 61
525 32 62
526 33 7
527 33 8
528 33 11
529 33 16
530 33 29
531 33 32
532 33 41
533 33 42
534 33 43
535 33 44
536 33 45
537 33 48
538 33 49
539 33 50
540 33 51
541 33 55
542 33 56
543 33 57
544 33 58
545 33 61
546 33 62
547 34 0
548 34 1
549 34 7
550 34 8
551 34 11
552 34 12
553 34 14
554 34 15
555 34 16
556 34 29
557 34 32
558 34 35
559 34 36
560 34 39
561 34 40
562 34 46
563 34 47
564 34 48
565 34 49
566 34 50
567 34 52
568 34 53
569 34 54
570 34 58
571 34 61
572 34 62
573 35 0
574 35 1
575 35 3
576 35 13
577 35 29
578 35 31
579 35 32
580 35 35
581 35 36
582 35 39
583 35 40
584 35 51
585 35 53
586 35 58
587 36 0
588 36 1
589 36 3
590 36 13
591 36 23
592 36 24
593 36 28
594 36 30
595 36 36
596 36 40
597 36 51
598 36 53
599 36 58
600 37 0
601 37 1
602 37 3
603 37 10
604 37 14
605 37 15
606 37 16
607 37 19
608 37 21
609 37 22
610 37 24
611 37 26
612 37 27
613 37 30
614 37 36
615 37 40
616 37 51
617 37 53
618 37 58
619 38 0
620 38 2
621 38 7
622 38 9
623 38 10
624 38 14
625 38 17
626 38 18
627 38 19
628 38 21
629 38 22
630 38 23
631 38 26
632 38 30
633 38 40
634 38 51
635 38 53
636 38 58
637 39 0
638 39 2
639 39 7
640 39 9
641 39 10
642 39 14
643 39 19
644 39 26
645 39 30
646 39 40
647 39 48
648 39 49
649 39 50
650 39 51
651 39 53
652 39 54
653 39 55
654 39 56
655 39 57
656 39 58
657 40 0
658 40 1
659 40 7
660 40 9
661 40 10
662 40 14
663 40 15
664 40 16
665 40 17
666 40 18
667 40 19
668 40 26
669 40 29
670 40 47
671 40 61
672 40 62
673 40 63
674 40 64
675 41 0
676 41 1
677 41 7
678 41 9
679 41 10
680 41 20
681 41 27
682 41 30
683 41 37
684 41 38
685 41 53
686 41 54
687 41 55
688 41 61
689 41 64
690 42 0
691 42 2
692 42 3
693 42 6
694 42 8
695 42 10
696 42 20
697 42 27
698 42 31
699 42 37
700 42 39
701 42 40
702 42 53
703 42 54
704 42 61
705 42 62
706 42 63
707 42 64
708 43 0
709 43 2
710 43 3
711 43 6
712 43 7
713 43 8
714 43 9
715 43 10
716 43 20
717 43 27
718 43 31
719 43 37
720 43 40
721 43 53
722 43 54
723 43 55
724 44 0
725 44 2
726 44 3
727 44 20
728 44 27
729 44 28
730 44 29
731 44 30
732 44 31
733 44 37
734 44 38
735 44 39
736 44 40
737 44 47
738 45 0
739 45 2
740 45 3
741 45 4
742 45 5
743 45 6
744 45 7
745 45 11
746 45 12
747 45 13
748 45 14
749 45 15
750 45 16
751 45 17
752 45 20
753 45 42
754 45 47
755 46 0
756 46 1
757 46 4
758 46 6
759 46 11
760 46 13
761 46 18
762 46 19
763 46 42
764 46 47
765 46 52
766 46 53
767 46 54
768 46 55
769 46 56
770 46 61
771 46 62
772 47 0
773 47 1
774 47 4
775 47 6
776 47 11
777 47 14
778 47 15
779 47 16
780 47 20
781 47 21
782 47 22
783 47 23
784 47 24
785 47 25
786 47 30
787 47 31
788 47 32
789 47 33
790 47 34
791 47 38
792 47 39
793 47 40
794 47 47
795 47 52
796 47 53
797 47 54
798 47 55
799 47 56
800 47 61
801 47 62
802 48 0
803 48 1
804 48 4
805 48 6
806 48 11
807 48 13
808 48 17
809 48 35
810 48 36
811 48 37
812 48 47
813 48 61
814 48 62
815 49 0
816 49 1
817 49 3
818 49 6
819 49 11
820 49 12
821 49 13
822 49 18
823 49 19
824 49 35
825 49 36
826 49 37
827 49 55
828 49 56
829 49 57
830 49 58
831 49 61
832 49 62
833 50 3
834 50 6
835 50 9
836 50 10
837 50 14
838 50 15
839 50 18
840 50 19
841 50 28
842 50 29
843 50 30
844 50 31
845 50 42
846 50 47
847 50 48
848 50 49
849 50 54
850 50 59
851 50 60
852 50 63
853 50 64
854 51 3
855 51 6
856 51 9
857 51 10
858 51 16
859 51 17
860 51 28
861 51 42
862 51 47
863 51 54
864 51 59
865 51 60
866 51 63
867 51 64
868 52 2
869 52 6
870 52 10
871 52 16
872 52 17
873 52 42
874 52 43
875 52 44
876 52 45
877 52 46
878 52 47
879 52 55
880 52 56
881 52 57
882 52 58
883 52 61
884 52 62
885 52 63
886 52 64
887 53 2
888 53 6
889 53 10
890 53 16
891 53 17
892 53 38
893 53 39
894 53 40
895 53 41
896 53 42
897 53 64
898 54 2
899 54 5
900 54 7
901 54 16
902 54 17
903 54 45
904 54 46
905 54 47
906 54 48
907 54 64
908 55 2
909 55 5
910 55 7
911 55 16
912 55 17
913 55 41
914 55 42
915 55 43
916 55 44
917 55 45
918 55 46
919 55 47
920 55 48
921 55 53
922 55 54
923 55 61
924 55 62
925 55 63
926 55 64
927 56 2
928 56 5
929 56 7
930 56 13
931 56 14
932 56 15
933 56 18
934 56 19
935 56 25
936 56 34
937 56 35
938 56 36
939 56 37
940 56 38
941 56 39
942 56 40
943 56 49
944 56 50
945 56 51
946 56 52
947 56 55
948 56 61
949 56 64
950 57 2
951 57 6
952 57 13
953 57 15
954 57 20
955 57 21
956 57 22
957 57 25
958 57 46
959 57 47
960 57 48
961 57 50
962 57 53
963 57 54
964 57 55
965 57 61
966 57 64
967 58 2
968 58 3
969 58 4
970 58 5
971 58 6
972 58 7
973 58 8
974 58 9
975 58 13
976 58 14
977 58 15
978 58 20
979 58 21
980 58 22
981 58 25
982 58 41
983 58 50
984 58 55
985 58 61
986 58 64
987 59 1
988 59 25
989 59 45
990 59 46
991 59 47
992 59 48
993 59 49
994 59 55
995 59 61
996 59 63
997 59 64
998 60 0
999 60 1
1000 60 25
1001 60 26
1002 60 27
1003 60 28
1004 60 45
1005 60 46
1006 60 47
1007 60 48
1008 60 49
1009 60 50
1010 60 51
1011 60 52
1012 60 53
1013 60 54
1014 60 55
1015 60 61
1016 60 62
1017 61 0
1018 61 2
1019 61 3
1020 61 4
1021 61 5
1022 61 6
1023 61 7
1024 61 8
1025 61 9
1026 61 12
1027 61 13
1028 61 14
1029 61 15
1030 61 16
1031 61 25
1032 61 26
1033 61 27
1034 61 28
1035 61 29
1036 61 45
1037 61 55
1038 61 61
1039 61 62
1040 62 0
1041 62 4
1042 62 10
1043 62 11
1044 62 46
1045 62 47
1046 62 55
1047 62 56
1048 62 57
1049 62 58
1050 62 59
1051 62 60
1052 63 0
1053 63 1
1054 63 2
1055 63 4
1056 63 12
1057 63 13
1058 63 14
1059 63 15
1060 63 23
1061 63 24
1062 63 25
1063 63 26
1064 63 27
1065 63 28
1066 63 29
1067 63 30
1068 63 31
1069 63 32
1070 63 33
1071 63 34
1072 63 35
1073 63 38
1074 63 39
1075 63 46
1076 63 47
1077 63 55
1078 63 60
1079 64 3
1080 64 4
1081 64 16
1082 64 17
1083 64 18
1084 64 40
1085 64 41
1086 64 43
1087 64 44
1088 64 45
1089 64 55
1090 64 56
1091 64 57
1092 64 58
1093 64 59
1094 64 60
