4994
0 0 7
1 0 8
2 0 72
3 0 73
4 0 81
5 0 82
6 0 83
7 0 84
8 0 85
9 0 86
10 0 87
11 0 88
12 0 89
13 0 90
14 0 91
15 0 92
16 0 93
17 0 94
18 0 95
19 0 96
20 0 97
21 0 98
22 0 103
23 0 104
24 0 105
25 0 106
26 0 107
27 0 108
28 0 109
29 0 110
30 0 111
31 0 112
32 0 113
33 0 114
34 0 115
35 0 116
36 0 117
37 0 118
38 0 119
39 0 120
40 0 121
41 0 122
42 0 123
43 0 124
44 0 125
45 0 126
46 0 127
47 0 128
48 1 7
49 1 8
50 1 72
51 1 81
52 1 82
53 1 83
54 1 84
55 1 98
56 1 103
57 1 105
58 1 129
59 1 130
60 1 131
61 1 132
62 1 133
63 1 134
64 1 135
65 1 136
66 1 137
67 1 138
68 1 139
69 1 140
70 1 141
71 1 142
72 1 143
73 1 144
74 1 145
75 1 146
76 1 147
77 1 148
78 1 149
79 1 150
80 1 151
81 1 152
82 1 153
83 1 154
84 1 155
85 1 156
86 1 157
87 1 158
88 1 159
89 1 160
90 2 7
91 2 9
92 2 10
93 2 11
94 2 12
95 2 13
96 2 14
97 2 15
98 2 16
99 2 17
100 2 18
101 2 19
102 2 20
103 2 21
104 2 22
105 2 23
106 2 24
107 2 69
108 2 70
109 2 71
110 2 98
111 2 103
112 2 104
113 2 105
114 2 119
115 2 120
116 2 121
117 2 122
118 2 123
119 2 129
120 2 160
121 3 7
122 3 24
123 3 68
124 3 72
125 3 98
126 3 123
127 3 129
128 3 152
129 3 153
130 3 154
131 3 155
132 3 156
133 3 157
134 3 158
135 3 159
136 3 160
137 4 6
138 4 24
139 4 68
140 4 69
141 4 70
142 4 71
143 4 72
144 4 98
145 4 123
146 4 129
147 4 130
148 4 131
149 4 132
150 4 133
151 4 134
152 4 135
153 4 136
154 4 137
155 4 138
156 4 139
157 4 140
158 4 141
159 4 142
160 4 143
161 4 144
162 4 145
163 4 146
164 4 147
165 4 148
166 4 149
167 4 150
168 4 151
169 5 6
170 5 24
171 5 73
172 5 74
173 5 75
174 5 76
175 5 79
176 5 80
177 5 81
178 5 82
179 5 83
180 5 98
181 6 6
182 6 24
183 6 72
184 6 73
185 6 74
186 6 75
187 6 76
188 6 77
189 6 78
190 6 83
191 6 98
192 6 103
193 6 104
194 6 105
195 6 106
196 6 107
197 6 108
198 6 109
199 6 110
200 6 111
201 6 123
202 7 6
203 7 24
204 7 37
205 7 38
206 7 39
207 7 40
208 7 41
209 7 45
210 7 46
211 7 47
212 7 48
213 7 49
214 7 50
215 7 51
216 7 52
217 7 53
218 7 54
219 7 57
220 7 58
221 7 59
222 7 60
223 7 61
224 7 62
225 7 63
226 7 64
227 7 65
228 7 66
229 7 67
230 7 68
231 7 69
232 7 70
233 7 71
234 7 77
235 7 83
236 7 98
237 7 103
238 7 111
239 7 118
240 7 119
241 7 120
242 7 121
243 7 122
244 7 124
245 7 125
246 7 126
247 7 127
248 7 128
249 7 129
250 7 130
251 7 131
252 7 132
253 7 133
254 7 134
255 7 135
256 7 136
257 7 137
258 7 138
259 7 139
260 7 140
261 7 141
262 7 142
263 8 6
264 8 24
265 8 37
266 8 41
267 8 45
268 8 54
269 8 57
270 8 58
271 8 59
272 8 60
273 8 61
274 8 62
275 8 63
276 8 64
277 8 65
278 8 66
279 8 67
280 8 68
281 8 69
282 8 70
283 8 71
284 8 77
285 8 83
286 8 98
287 8 103
288 8 111
289 8 118
290 8 122
291 8 124
292 8 142
293 9 6
294 9 24
295 9 37
296 9 41
297 9 45
298 9 54
299 9 71
300 9 77
301 9 83
302 9 98
303 9 103
304 9 104
305 9 105
306 9 106
307 9 107
308 9 108
309 9 109
310 9 110
311 9 111
312 9 118
313 9 122
314 9 124
315 9 125
316 9 126
317 9 127
318 9 128
319 9 129
320 9 130
321 9 131
322 9 132
323 9 133
324 9 134
325 9 135
326 9 136
327 9 137
328 9 138
329 9 139
330 9 140
331 9 141
332 9 142
333 10 6
334 10 24
335 10 37
336 10 41
337 10 45
338 10 54
339 10 77
340 10 83
341 10 98
342 10 118
343 10 122
344 10 143
345 10 144
346 10 145
347 10 146
348 10 147
349 10 148
350 10 149
351 10 150
352 10 151
353 10 153
354 10 154
355 11 6
356 11 23
357 11 37
358 11 41
359 11 45
360 11 54
361 11 77
362 11 78
363 11 79
364 11 83
365 11 98
366 11 118
367 11 122
368 11 135
369 11 136
370 11 137
371 11 138
372 11 139
373 12 6
374 12 23
375 12 37
376 12 38
377 12 39
378 12 40
379 12 41
380 12 45
381 12 55
382 12 56
383 12 57
384 12 58
385 12 59
386 12 60
387 12 61
388 12 62
389 12 63
390 12 64
391 12 65
392 12 66
393 12 67
394 12 68
395 12 69
396 12 70
397 12 71
398 12 72
399 12 73
400 12 74
401 12 75
402 12 76
403 12 80
404 12 83
405 12 98
406 12 118
407 12 122
408 12 139
409 13 6
410 13 7
411 13 8
412 13 9
413 13 10
414 13 11
415 13 12
416 13 13
417 13 14
418 13 15
419 13 16
420 13 17
421 13 18
422 13 19
423 13 20
424 13 21
425 13 23
426 13 36
427 13 42
428 13 43
429 13 44
430 13 48
431 13 49
432 13 50
433 13 51
434 13 52
435 13 53
436 13 54
437 13 55
438 13 56
439 13 57
440 13 58
441 13 59
442 13 80
443 13 83
444 13 98
445 13 118
446 13 120
447 13 121
448 13 122
449 13 139
450 14 22
451 14 23
452 14 34
453 14 35
454 14 36
455 14 42
456 14 43
457 14 44
458 14 45
459 14 46
460 14 47
461 14 80
462 14 81
463 14 82
464 14 83
465 14 99
466 14 100
467 14 101
468 14 102
469 14 103
470 14 104
471 14 105
472 14 106
473 14 107
474 14 118
475 14 119
476 15 1
477 15 2
478 15 22
479 15 23
480 15 34
481 15 36
482 15 42
483 15 98
484 15 118
485 15 119
486 15 135
487 15 136
488 15 137
489 15 138
490 15 139
491 15 153
492 15 154
493 15 155
494 15 156
495 16 1
496 16 2
497 16 22
498 16 23
499 16 25
500 16 26
501 16 27
502 16 28
503 16 29
504 16 30
505 16 31
506 16 32
507 16 33
508 16 36
509 16 38
510 16 39
511 16 40
512 16 41
513 16 43
514 16 44
515 16 45
516 16 46
517 16 47
518 16 98
519 16 118
520 16 120
521 16 121
522 16 122
523 16 123
524 16 124
525 16 125
526 16 126
527 16 127
528 16 128
529 16 129
530 16 130
531 16 131
532 16 132
533 16 133
534 16 134
535 17 1
536 17 2
537 17 22
538 17 23
539 17 25
540 17 36
541 17 38
542 17 41
543 17 43
544 17 44
545 17 45
546 17 46
547 17 47
548 17 50
549 17 51
550 17 66
551 17 67
552 17 68
553 17 69
554 17 70
555 17 71
556 17 72
557 17 73
558 17 74
559 17 75
560 17 76
561 17 77
562 17 78
563 17 79
564 17 80
565 17 81
566 17 82
567 17 83
568 17 98
569 17 118
570 17 119
571 17 120
572 17 121
573 17 122
574 17 123
575 17 124
576 17 125
577 17 126
578 17 127
579 17 128
580 17 129
581 17 130
582 17 131
583 17 132
584 17 133
585 17 134
586 18 1
587 18 2
588 18 22
589 18 23
590 18 25
591 18 36
592 18 38
593 18 41
594 18 48
595 18 49
596 18 52
597 18 53
598 18 74
599 18 83
600 19 1
601 19 2
602 19 10
603 19 11
604 19 22
605 19 23
606 19 25
607 19 36
608 19 38
609 19 41
610 19 47
611 19 50
612 19 51
613 19 74
614 19 75
615 19 76
616 19 77
617 19 78
618 19 79
619 19 80
620 19 81
621 19 82
622 19 83
623 19 118
624 19 119
625 19 120
626 19 121
627 19 122
628 19 123
629 19 124
630 19 125
631 19 126
632 19 127
633 19 128
634 19 129
635 19 130
636 19 131
637 19 132
638 20 1
639 20 2
640 20 10
641 20 12
642 20 13
643 20 14
644 20 15
645 20 16
646 20 17
647 20 18
648 20 19
649 20 20
650 20 21
651 20 23
652 20 25
653 20 36
654 20 38
655 20 41
656 20 47
657 20 50
658 20 51
659 20 66
660 20 67
661 20 68
662 20 69
663 20 70
664 20 71
665 20 72
666 20 73
667 20 118
668 20 130
669 20 131
670 20 132
671 21 1
672 21 2
673 21 10
674 21 12
675 21 23
676 21 25
677 21 36
678 21 38
679 21 41
680 21 47
681 21 50
682 21 51
683 21 52
684 21 53
685 21 66
686 21 73
687 21 81
688 21 82
689 21 83
690 21 118
691 21 129
692 22 1
693 22 2
694 22 9
695 22 10
696 22 12
697 22 23
698 22 25
699 22 35
700 22 38
701 22 41
702 22 48
703 22 49
704 22 54
705 22 55
706 22 56
707 22 57
708 22 58
709 22 59
710 22 66
711 22 73
712 22 81
713 22 84
714 22 85
715 22 118
716 22 119
717 22 120
718 22 121
719 22 122
720 22 123
721 22 124
722 22 125
723 22 126
724 22 127
725 22 128
726 22 129
727 23 1
728 23 2
729 23 9
730 23 10
731 23 12
732 23 23
733 23 25
734 23 35
735 23 38
736 23 39
737 23 40
738 23 41
739 23 48
740 23 49
741 23 50
742 23 54
743 23 55
744 23 56
745 23 59
746 23 66
747 23 73
748 23 77
749 23 78
750 23 81
751 23 82
752 23 83
753 23 84
754 23 85
755 24 1
756 24 2
757 24 9
758 24 10
759 24 12
760 24 23
761 24 25
762 24 29
763 24 30
764 24 31
765 24 32
766 24 33
767 24 34
768 24 35
769 24 42
770 24 43
771 24 44
772 24 45
773 24 46
774 24 47
775 24 51
776 24 52
777 24 53
778 24 57
779 24 58
780 24 59
781 24 66
782 24 67
783 24 68
784 24 69
785 24 70
786 24 71
787 24 72
788 24 73
789 24 85
790 25 1
791 25 2
792 25 9
793 25 10
794 25 12
795 25 23
796 25 25
797 25 28
798 25 54
799 25 55
800 25 56
801 25 85
802 25 91
803 25 92
804 26 1
805 26 2
806 26 9
807 26 10
808 26 12
809 26 23
810 26 25
811 26 28
812 26 30
813 26 31
814 26 32
815 26 33
816 26 34
817 26 35
818 27 1
819 27 2
820 27 9
821 27 10
822 27 12
823 27 23
824 27 25
825 27 28
826 27 30
827 27 35
828 27 52
829 27 53
830 27 54
831 27 55
832 27 56
833 27 57
834 27 58
835 27 59
836 27 66
837 27 67
838 27 68
839 27 69
840 27 70
841 27 71
842 27 72
843 27 73
844 27 91
845 27 92
846 27 93
847 27 94
848 27 108
849 27 109
850 27 110
851 27 111
852 27 112
853 27 113
854 27 114
855 27 115
856 27 116
857 27 117
858 27 120
859 27 121
860 27 122
861 27 123
862 27 124
863 27 125
864 27 126
865 27 127
866 27 128
867 27 129
868 27 130
869 27 131
870 27 132
871 27 133
872 27 134
873 27 135
874 27 136
875 27 137
876 27 138
877 27 139
878 27 140
879 27 141
880 27 142
881 27 143
882 27 144
883 28 1
884 28 2
885 28 9
886 28 10
887 28 12
888 28 23
889 28 25
890 28 28
891 28 30
892 28 31
893 28 32
894 28 33
895 28 34
896 28 35
897 28 52
898 28 53
899 28 54
900 28 55
901 28 56
902 28 57
903 28 58
904 28 59
905 28 66
906 28 73
907 28 108
908 28 118
909 28 119
910 29 1
911 29 2
912 29 9
913 29 10
914 29 12
915 29 14
916 29 15
917 29 16
918 29 17
919 29 18
920 29 19
921 29 20
922 29 21
923 29 22
924 29 23
925 29 25
926 29 26
927 29 27
928 29 28
929 29 29
930 29 36
931 29 37
932 29 38
933 29 39
934 29 40
935 29 41
936 29 48
937 29 49
938 29 50
939 29 60
940 29 61
941 29 66
942 29 67
943 29 68
944 29 69
945 29 70
946 29 71
947 29 72
948 29 76
949 29 77
950 29 78
951 29 79
952 29 80
953 29 81
954 29 85
955 29 89
956 29 90
957 29 91
958 29 92
959 29 93
960 29 94
961 29 97
962 29 98
963 29 99
964 29 100
965 29 101
966 29 102
967 29 103
968 29 104
969 29 105
970 29 106
971 29 107
972 29 119
973 30 1
974 30 2
975 30 9
976 30 10
977 30 12
978 30 13
979 30 24
980 30 30
981 30 31
982 30 32
983 30 36
984 30 41
985 30 44
986 30 45
987 30 46
988 30 47
989 30 51
990 30 52
991 30 53
992 30 54
993 30 55
994 30 56
995 30 57
996 30 58
997 30 97
998 30 119
999 30 156
1000 30 157
1001 30 158
1002 31 1
1003 31 3
1004 31 4
1005 31 9
1006 31 10
1007 31 12
1008 31 13
1009 31 30
1010 31 32
1011 31 36
1012 31 41
1013 31 44
1014 31 47
1015 31 51
1016 31 53
1017 31 97
1018 31 106
1019 31 107
1020 31 108
1021 31 109
1022 31 110
1023 31 111
1024 31 112
1025 31 113
1026 31 114
1027 31 115
1028 31 116
1029 31 117
1030 31 118
1031 31 119
1032 31 156
1033 31 158
1034 32 1
1035 32 4
1036 32 9
1037 32 10
1038 32 12
1039 32 13
1040 32 30
1041 32 32
1042 32 36
1043 32 41
1044 32 44
1045 32 45
1046 32 46
1047 32 47
1048 32 51
1049 32 53
1050 32 97
1051 32 105
1052 32 141
1053 32 142
1054 32 143
1055 32 144
1056 32 145
1057 32 146
1058 32 147
1059 32 148
1060 32 149
1061 32 150
1062 32 151
1063 32 152
1064 32 153
1065 32 154
1066 32 155
1067 32 159
1068 32 160
1069 33 1
1070 33 5
1071 33 6
1072 33 7
1073 33 8
1074 33 30
1075 33 31
1076 33 32
1077 33 36
1078 33 37
1079 33 38
1080 33 39
1081 33 40
1082 33 41
1083 33 44
1084 33 51
1085 33 53
1086 33 97
1087 33 105
1088 33 141
1089 33 160
1090 34 1
1091 34 8
1092 34 34
1093 34 35
1094 34 42
1095 34 43
1096 34 44
1097 34 51
1098 34 53
1099 34 97
1100 34 103
1101 34 104
1102 34 105
1103 34 138
1104 34 139
1105 34 140
1106 34 141
1107 34 142
1108 34 143
1109 34 144
1110 34 145
1111 34 146
1112 34 147
1113 34 148
1114 34 149
1115 34 150
1116 34 151
1117 34 152
1118 34 153
1119 34 154
1120 34 155
1121 34 156
1122 34 157
1123 34 158
1124 34 159
1125 34 160
1126 35 1
1127 35 8
1128 35 34
1129 35 35
1130 35 51
1131 35 52
1132 35 53
1133 35 76
1134 35 77
1135 35 78
1136 35 79
1137 35 80
1138 35 97
1139 35 102
1140 35 105
1141 35 109
1142 35 110
1143 35 111
1144 35 112
1145 35 113
1146 35 114
1147 35 115
1148 35 116
1149 35 117
1150 35 118
1151 35 119
1152 35 120
1153 35 121
1154 35 122
1155 35 123
1156 35 124
1157 35 125
1158 35 126
1159 35 127
1160 35 128
1161 35 129
1162 35 130
1163 35 131
1164 35 132
1165 35 133
1166 35 134
1167 35 135
1168 35 136
1169 35 137
1170 36 1
1171 36 8
1172 36 34
1173 36 35
1174 36 74
1175 36 75
1176 36 80
1177 36 89
1178 36 90
1179 36 91
1180 36 92
1181 36 93
1182 36 94
1183 36 95
1184 36 96
1185 36 102
1186 36 105
1187 36 109
1188 36 110
1189 36 111
1190 36 112
1191 36 113
1192 36 114
1193 36 115
1194 36 116
1195 36 117
1196 36 118
1197 36 119
1198 36 120
1199 36 121
1200 36 122
1201 36 123
1202 36 124
1203 36 125
1204 36 126
1205 36 127
1206 36 128
1207 36 129
1208 36 130
1209 36 131
1210 36 132
1211 36 133
1212 36 134
1213 36 135
1214 36 136
1215 36 137
1216 37 1
1217 37 8
1218 37 13
1219 37 34
1220 37 35
1221 37 69
1222 37 70
1223 37 71
1224 37 72
1225 37 73
1226 37 80
1227 37 89
1228 37 102
1229 37 138
1230 37 139
1231 37 140
1232 37 141
1233 37 142
1234 37 143
1235 37 144
1236 37 145
1237 37 146
1238 37 147
1239 37 148
1240 37 149
1241 37 150
1242 37 151
1243 37 152
1244 37 153
1245 37 154
1246 37 155
1247 37 156
1248 37 157
1249 37 158
1250 37 159
1251 37 160
1252 38 1
1253 38 9
1254 38 10
1255 38 12
1256 38 14
1257 38 15
1258 38 16
1259 38 17
1260 38 18
1261 38 25
1262 38 26
1263 38 30
1264 38 34
1265 38 35
1266 38 69
1267 38 70
1268 38 71
1269 38 72
1270 38 73
1271 38 74
1272 38 75
1273 38 80
1274 38 89
1275 38 102
1276 38 138
1277 38 160
1278 39 1
1279 39 10
1280 39 12
1281 39 14
1282 39 18
1283 39 25
1284 39 26
1285 39 30
1286 39 63
1287 39 64
1288 39 65
1289 39 66
1290 39 67
1291 39 68
1292 39 76
1293 39 80
1294 39 89
1295 39 102
1296 39 109
1297 39 110
1298 39 111
1299 39 138
1300 39 150
1301 39 151
1302 39 152
1303 39 153
1304 39 154
1305 39 155
1306 39 156
1307 39 157
1308 39 158
1309 39 159
1310 39 160
1311 40 1
1312 40 10
1313 40 12
1314 40 14
1315 40 15
1316 40 18
1317 40 25
1318 40 26
1319 40 28
1320 40 29
1321 40 31
1322 40 62
1323 40 76
1324 40 77
1325 40 78
1326 40 79
1327 40 80
1328 40 89
1329 40 102
1330 40 109
1331 40 111
1332 40 138
1333 40 149
1334 41 1
1335 41 2
1336 41 3
1337 41 4
1338 41 5
1339 41 6
1340 41 10
1341 41 13
1342 41 16
1343 41 18
1344 41 25
1345 41 26
1346 41 27
1347 41 28
1348 41 29
1349 41 31
1350 41 89
1351 41 102
1352 41 109
1353 41 111
1354 41 138
1355 41 139
1356 41 140
1357 41 141
1358 41 142
1359 41 147
1360 41 148
1361 41 149
1362 42 7
1363 42 10
1364 42 13
1365 42 16
1366 42 17
1367 42 30
1368 42 89
1369 42 102
1370 42 109
1371 42 110
1372 42 111
1373 42 113
1374 42 114
1375 42 115
1376 42 116
1377 42 117
1378 42 118
1379 42 119
1380 42 120
1381 42 121
1382 42 122
1383 42 123
1384 42 124
1385 42 125
1386 42 126
1387 42 127
1388 42 128
1389 42 129
1390 42 130
1391 42 131
1392 42 132
1393 42 133
1394 42 134
1395 42 135
1396 42 136
1397 42 137
1398 42 143
1399 42 146
1400 43 7
1401 43 10
1402 43 13
1403 43 16
1404 43 17
1405 43 79
1406 43 80
1407 43 81
1408 43 89
1409 43 102
1410 43 117
1411 43 137
1412 43 143
1413 43 146
1414 43 148
1415 43 149
1416 43 150
1417 43 151
1418 43 152
1419 43 153
1420 43 154
1421 43 155
1422 43 156
1423 43 157
1424 43 158
1425 43 159
1426 43 160
1427 44 7
1428 44 10
1429 44 13
1430 44 16
1431 44 17
1432 44 44
1433 44 45
1434 44 51
1435 44 52
1436 44 53
1437 44 79
1438 44 80
1439 44 81
1440 44 89
1441 44 102
1442 44 117
1443 44 137
1444 44 142
1445 44 146
1446 44 148
1447 44 160
1448 45 7
1449 45 10
1450 45 25
1451 45 26
1452 45 27
1453 45 30
1454 45 31
1455 45 32
1456 45 33
1457 45 44
1458 45 46
1459 45 51
1460 45 52
1461 45 54
1462 45 55
1463 45 56
1464 45 57
1465 45 58
1466 45 82
1467 45 83
1468 45 84
1469 45 85
1470 45 86
1471 45 87
1472 45 88
1473 45 102
1474 45 117
1475 45 137
1476 45 142
1477 45 146
1478 45 148
1479 45 160
1480 46 7
1481 46 10
1482 46 25
1483 46 26
1484 46 27
1485 46 30
1486 46 31
1487 46 32
1488 46 33
1489 46 44
1490 46 46
1491 46 51
1492 46 52
1493 46 54
1494 46 55
1495 46 56
1496 46 57
1497 46 58
1498 46 59
1499 46 65
1500 46 66
1501 46 67
1502 46 68
1503 46 69
1504 46 70
1505 46 71
1506 46 72
1507 46 73
1508 46 74
1509 46 75
1510 46 76
1511 46 77
1512 46 78
1513 46 82
1514 46 102
1515 46 117
1516 46 137
1517 46 142
1518 46 146
1519 46 148
1520 46 149
1521 46 150
1522 46 151
1523 46 152
1524 46 153
1525 46 154
1526 46 155
1527 46 156
1528 46 157
1529 46 158
1530 46 159
1531 46 160
1532 47 7
1533 47 10
1534 47 53
1535 47 65
1536 47 82
1537 47 102
1538 47 117
1539 47 137
1540 47 142
1541 47 146
1542 48 7
1543 48 10
1544 48 53
1545 48 65
1546 48 82
1547 48 102
1548 48 117
1549 48 118
1550 48 119
1551 48 120
1552 48 121
1553 48 122
1554 48 123
1555 48 124
1556 48 125
1557 48 126
1558 48 127
1559 48 128
1560 48 129
1561 48 130
1562 48 131
1563 48 132
1564 48 133
1565 48 134
1566 48 135
1567 48 136
1568 48 137
1569 48 142
1570 48 146
1571 49 7
1572 49 10
1573 49 13
1574 49 14
1575 49 15
1576 49 16
1577 49 17
1578 49 53
1579 49 65
1580 49 82
1581 49 102
1582 49 113
1583 49 114
1584 49 115
1585 49 116
1586 49 142
1587 49 147
1588 49 148
1589 49 149
1590 49 150
1591 49 151
1592 49 152
1593 49 153
1594 49 154
1595 49 155
1596 49 156
1597 49 157
1598 49 158
1599 49 159
1600 49 160
1601 50 7
1602 50 10
1603 50 13
1604 50 17
1605 50 53
1606 50 65
1607 50 66
1608 50 67
1609 50 68
1610 50 69
1611 50 82
1612 50 102
1613 50 113
1614 50 116
1615 50 142
1616 50 143
1617 50 144
1618 50 145
1619 50 146
1620 50 147
1621 50 148
1622 50 149
1623 50 150
1624 50 151
1625 50 152
1626 50 153
1627 50 154
1628 50 155
1629 50 156
1630 50 157
1631 50 158
1632 50 159
1633 50 160
1634 51 2
1635 51 3
1636 51 7
1637 51 10
1638 51 13
1639 51 17
1640 51 51
1641 51 52
1642 51 53
1643 51 65
1644 51 69
1645 51 82
1646 51 92
1647 51 93
1648 51 94
1649 51 95
1650 51 96
1651 51 97
1652 51 98
1653 51 99
1654 51 100
1655 51 101
1656 51 102
1657 51 113
1658 51 116
1659 52 2
1660 52 3
1661 52 7
1662 52 10
1663 52 13
1664 52 17
1665 52 24
1666 52 25
1667 52 26
1668 52 27
1669 52 51
1670 52 52
1671 52 53
1672 52 65
1673 52 69
1674 52 82
1675 52 91
1676 52 103
1677 52 104
1678 52 105
1679 52 106
1680 52 107
1681 52 108
1682 52 109
1683 52 110
1684 52 111
1685 52 112
1686 52 116
1687 52 132
1688 52 133
1689 52 134
1690 52 135
1691 52 136
1692 52 137
1693 52 138
1694 52 139
1695 52 140
1696 52 141
1697 52 142
1698 52 143
1699 52 144
1700 52 145
1701 52 146
1702 52 147
1703 52 148
1704 52 149
1705 52 150
1706 52 151
1707 52 152
1708 52 153
1709 52 154
1710 52 155
1711 52 156
1712 52 157
1713 52 158
1714 52 159
1715 52 160
1716 53 2
1717 53 3
1718 53 7
1719 53 10
1720 53 14
1721 53 17
1722 53 24
1723 53 27
1724 53 65
1725 53 69
1726 53 82
1727 53 91
1728 53 96
1729 53 97
1730 53 98
1731 53 99
1732 53 100
1733 53 101
1734 53 102
1735 53 111
1736 53 116
1737 53 132
1738 53 147
1739 53 148
1740 53 149
1741 53 150
1742 53 151
1743 53 152
1744 53 153
1745 53 154
1746 53 155
1747 53 156
1748 53 157
1749 53 158
1750 53 159
1751 53 160
1752 54 2
1753 54 3
1754 54 5
1755 54 6
1756 54 10
1757 54 14
1758 54 16
1759 54 18
1760 54 20
1761 54 24
1762 54 27
1763 54 65
1764 54 70
1765 54 71
1766 54 72
1767 54 82
1768 54 91
1769 54 96
1770 54 102
1771 54 111
1772 54 116
1773 54 122
1774 54 123
1775 54 124
1776 54 125
1777 54 126
1778 54 127
1779 54 128
1780 54 129
1781 54 130
1782 54 131
1783 54 146
1784 55 2
1785 55 3
1786 55 5
1787 55 10
1788 55 14
1789 55 16
1790 55 18
1791 55 20
1792 55 24
1793 55 27
1794 55 63
1795 55 64
1796 55 72
1797 55 82
1798 55 83
1799 55 84
1800 55 85
1801 55 86
1802 55 87
1803 55 88
1804 55 89
1805 55 90
1806 55 91
1807 55 96
1808 55 97
1809 55 98
1810 55 99
1811 55 100
1812 55 101
1813 55 102
1814 55 111
1815 55 112
1816 55 113
1817 55 114
1818 55 115
1819 55 116
1820 55 122
1821 55 123
1822 55 124
1823 55 125
1824 55 126
1825 55 127
1826 55 128
1827 55 129
1828 55 130
1829 55 131
1830 55 132
1831 55 133
1832 55 134
1833 55 135
1834 55 136
1835 55 137
1836 55 138
1837 55 139
1838 55 140
1839 55 141
1840 55 142
1841 55 143
1842 55 144
1843 55 145
1844 55 146
1845 56 2
1846 56 4
1847 56 10
1848 56 14
1849 56 16
1850 56 18
1851 56 20
1852 56 24
1853 56 27
1854 56 30
1855 56 31
1856 56 36
1857 56 37
1858 56 38
1859 56 39
1860 56 43
1861 56 44
1862 56 45
1863 56 46
1864 56 47
1865 56 48
1866 56 49
1867 56 50
1868 56 51
1869 56 52
1870 56 53
1871 56 54
1872 56 55
1873 56 59
1874 56 60
1875 56 61
1876 56 62
1877 56 73
1878 56 74
1879 56 75
1880 56 76
1881 56 77
1882 56 78
1883 56 79
1884 56 80
1885 56 81
1886 56 92
1887 56 93
1888 56 94
1889 56 95
1890 56 103
1891 56 104
1892 56 105
1893 56 106
1894 56 107
1895 56 108
1896 56 117
1897 56 118
1898 56 119
1899 56 120
1900 56 121
1901 57 2
1902 57 10
1903 57 14
1904 57 15
1905 57 16
1906 57 18
1907 57 20
1908 57 24
1909 57 25
1910 57 26
1911 57 27
1912 57 30
1913 57 31
1914 57 36
1915 57 37
1916 57 38
1917 57 39
1918 57 43
1919 57 44
1920 57 45
1921 57 46
1922 57 47
1923 57 48
1924 57 49
1925 57 50
1926 57 51
1927 57 52
1928 57 53
1929 57 54
1930 57 55
1931 57 59
1932 57 60
1933 57 61
1934 57 62
1935 57 63
1936 57 64
1937 57 65
1938 57 66
1939 57 67
1940 57 68
1941 57 69
1942 57 70
1943 57 71
1944 57 72
1945 57 73
1946 57 74
1947 57 75
1948 57 76
1949 57 77
1950 57 78
1951 57 79
1952 57 80
1953 57 81
1954 57 92
1955 57 93
1956 57 94
1957 57 95
1958 57 103
1959 57 104
1960 57 105
1961 57 106
1962 57 107
1963 57 108
1964 57 117
1965 57 118
1966 57 119
1967 57 120
1968 57 121
1969 58 2
1970 58 7
1971 58 8
1972 58 10
1973 58 20
1974 58 23
1975 58 28
1976 58 29
1977 58 32
1978 58 33
1979 58 34
1980 58 35
1981 58 40
1982 58 41
1983 58 42
1984 58 82
1985 58 83
1986 58 84
1987 58 85
1988 58 86
1989 58 87
1990 58 88
1991 58 89
1992 58 90
1993 58 91
1994 58 96
1995 58 97
1996 58 98
1997 58 99
1998 58 100
1999 58 101
2000 58 102
2001 58 114
2002 58 115
2003 58 116
2004 58 122
2005 58 123
2006 58 124
2007 58 125
2008 58 126
2009 58 127
2010 58 128
2011 58 129
2012 58 130
2013 58 131
2014 58 132
2015 58 133
2016 58 134
2017 58 135
2018 58 136
2019 58 137
2020 58 138
2021 58 139
2022 58 140
2023 58 141
2024 59 2
2025 59 6
2026 59 9
2027 59 10
2028 59 20
2029 59 24
2030 59 25
2031 59 28
2032 59 35
2033 59 40
2034 59 42
2035 59 63
2036 59 64
2037 59 65
2038 59 66
2039 59 67
2040 59 68
2041 59 69
2042 59 70
2043 59 71
2044 59 72
2045 59 73
2046 59 74
2047 59 75
2048 59 76
2049 59 77
2050 59 78
2051 59 79
2052 59 80
2053 59 81
2054 59 92
2055 59 93
2056 59 94
2057 59 95
2058 59 103
2059 59 104
2060 59 105
2061 59 106
2062 59 107
2063 59 108
2064 59 109
2065 59 110
2066 59 111
2067 59 112
2068 59 113
2069 59 117
2070 59 118
2071 59 119
2072 59 120
2073 59 121
2074 60 2
2075 60 6
2076 60 9
2077 60 10
2078 60 20
2079 60 24
2080 60 25
2081 60 28
2082 60 35
2083 60 40
2084 60 42
2085 60 63
2086 60 78
2087 60 79
2088 60 80
2089 60 81
2090 60 92
2091 60 93
2092 60 94
2093 60 95
2094 60 124
2095 60 125
2096 60 126
2097 60 127
2098 60 128
2099 60 129
2100 60 130
2101 60 131
2102 60 132
2103 60 133
2104 60 134
2105 60 135
2106 60 136
2107 60 137
2108 60 138
2109 60 139
2110 60 140
2111 60 141
2112 60 142
2113 60 143
2114 60 144
2115 60 145
2116 60 146
2117 60 147
2118 60 148
2119 60 149
2120 60 150
2121 60 151
2122 61 2
2123 61 6
2124 61 9
2125 61 10
2126 61 26
2127 61 27
2128 61 35
2129 61 40
2130 61 42
2131 61 63
2132 61 67
2133 61 68
2134 61 69
2135 61 70
2136 61 71
2137 61 72
2138 61 73
2139 61 74
2140 61 75
2141 61 76
2142 61 77
2143 61 82
2144 61 83
2145 61 84
2146 61 85
2147 61 86
2148 61 87
2149 61 88
2150 61 89
2151 61 90
2152 61 91
2153 61 96
2154 61 97
2155 61 98
2156 61 99
2157 61 100
2158 61 101
2159 61 102
2160 61 103
2161 61 104
2162 61 105
2163 61 106
2164 61 107
2165 61 108
2166 61 109
2167 61 110
2168 61 111
2169 61 112
2170 61 113
2171 61 141
2172 61 151
2173 62 2
2174 62 6
2175 62 9
2176 62 10
2177 62 26
2178 62 31
2179 62 32
2180 62 33
2181 62 34
2182 62 35
2183 62 40
2184 62 42
2185 62 50
2186 62 51
2187 62 52
2188 62 53
2189 62 54
2190 62 55
2191 62 56
2192 62 57
2193 62 58
2194 62 59
2195 62 60
2196 62 61
2197 62 62
2198 62 66
2199 62 78
2200 62 79
2201 62 80
2202 62 81
2203 62 91
2204 62 96
2205 62 113
2206 62 141
2207 62 144
2208 62 145
2209 62 146
2210 62 147
2211 62 148
2212 62 149
2213 62 150
2214 62 151
2215 63 2
2216 63 6
2217 63 9
2218 63 10
2219 63 17
2220 63 18
2221 63 26
2222 63 30
2223 63 40
2224 63 42
2225 63 50
2226 63 66
2227 63 78
2228 63 92
2229 63 93
2230 63 94
2231 63 95
2232 63 113
2233 63 133
2234 63 134
2235 63 135
2236 63 136
2237 63 137
2238 63 138
2239 63 139
2240 63 140
2241 63 143
2242 64 2
2243 64 6
2244 64 9
2245 64 10
2246 64 17
2247 64 18
2248 64 26
2249 64 30
2250 64 40
2251 64 42
2252 64 50
2253 64 66
2254 64 78
2255 64 88
2256 64 89
2257 64 113
2258 64 133
2259 64 137
2260 64 138
2261 64 139
2262 64 140
2263 64 141
2264 64 142
2265 64 143
2266 65 2
2267 65 6
2268 65 9
2269 65 10
2270 65 17
2271 65 18
2272 65 26
2273 65 30
2274 65 40
2275 65 42
2276 65 50
2277 65 64
2278 65 65
2279 65 66
2280 65 78
2281 65 79
2282 65 87
2283 65 90
2284 65 113
2285 65 133
2286 65 134
2287 65 135
2288 65 136
2289 66 2
2290 66 6
2291 66 9
2292 66 10
2293 66 17
2294 66 18
2295 66 26
2296 66 30
2297 66 40
2298 66 42
2299 66 50
2300 66 63
2301 66 67
2302 66 68
2303 66 69
2304 66 70
2305 66 71
2306 66 72
2307 66 73
2308 66 74
2309 66 75
2310 66 76
2311 66 77
2312 66 80
2313 66 87
2314 66 90
2315 66 113
2316 66 121
2317 66 122
2318 66 123
2319 66 124
2320 66 125
2321 66 126
2322 66 127
2323 66 128
2324 66 129
2325 66 130
2326 66 131
2327 66 132
2328 66 136
2329 66 159
2330 67 1
2331 67 2
2332 67 3
2333 67 4
2334 67 5
2335 67 6
2336 67 9
2337 67 10
2338 67 17
2339 67 18
2340 67 26
2341 67 30
2342 67 40
2343 67 42
2344 67 50
2345 67 55
2346 67 56
2347 67 57
2348 67 58
2349 67 59
2350 67 60
2351 67 61
2352 67 62
2353 67 63
2354 67 75
2355 67 78
2356 67 79
2357 67 87
2358 67 90
2359 67 113
2360 67 133
2361 67 134
2362 67 135
2363 68 10
2364 68 17
2365 68 18
2366 68 26
2367 68 30
2368 68 40
2369 68 42
2370 68 45
2371 68 46
2372 68 47
2373 68 48
2374 68 49
2375 68 54
2376 68 75
2377 68 87
2378 68 90
2379 68 108
2380 68 109
2381 68 110
2382 68 111
2383 68 112
2384 68 113
2385 68 133
2386 68 135
2387 69 10
2388 69 18
2389 69 26
2390 69 27
2391 69 28
2392 69 29
2393 69 30
2394 69 40
2395 69 42
2396 69 45
2397 69 46
2398 69 47
2399 69 55
2400 69 56
2401 69 57
2402 69 58
2403 69 59
2404 69 60
2405 69 61
2406 69 62
2407 69 63
2408 69 64
2409 69 65
2410 69 66
2411 69 67
2412 69 68
2413 69 69
2414 69 70
2415 69 75
2416 69 76
2417 69 77
2418 69 78
2419 69 79
2420 69 80
2421 69 81
2422 69 82
2423 69 83
2424 69 84
2425 69 85
2426 69 86
2427 69 87
2428 69 90
2429 69 107
2430 69 133
2431 69 135
2432 70 10
2433 70 18
2434 70 40
2435 70 43
2436 70 44
2437 70 48
2438 70 55
2439 70 90
2440 70 91
2441 70 92
2442 70 93
2443 70 94
2444 70 95
2445 70 96
2446 70 97
2447 70 98
2448 70 99
2449 70 100
2450 70 101
2451 70 102
2452 70 103
2453 70 104
2454 70 105
2455 70 106
2456 70 107
2457 70 133
2458 70 134
2459 70 135
2460 71 10
2461 71 18
2462 71 40
2463 71 41
2464 71 42
2465 71 43
2466 71 44
2467 71 48
2468 71 49
2469 71 50
2470 71 51
2471 71 52
2472 71 53
2473 71 54
2474 71 55
2475 72 31
2476 72 32
2477 72 33
2478 72 34
2479 72 35
2480 72 36
2481 72 37
2482 72 38
2483 72 39
2484 72 159
2485 72 160
2486 73 31
2487 73 39
2488 73 66
2489 73 85
2490 73 86
2491 73 87
2492 73 90
2493 73 91
2494 73 92
2495 73 93
2496 73 94
2497 73 95
2498 73 96
2499 73 97
2500 73 98
2501 73 99
2502 73 100
2503 73 101
2504 73 102
2505 73 103
2506 73 104
2507 73 105
2508 73 106
2509 73 107
2510 73 133
2511 73 134
2512 73 135
2513 73 159
2514 73 160
2515 74 31
2516 74 39
2517 74 63
2518 74 64
2519 74 65
2520 74 66
2521 74 71
2522 74 72
2523 74 73
2524 74 74
2525 74 75
2526 74 79
2527 74 80
2528 74 81
2529 74 82
2530 74 83
2531 74 84
2532 74 87
2533 74 90
2534 74 107
2535 74 124
2536 74 125
2537 74 126
2538 74 127
2539 74 128
2540 74 129
2541 74 130
2542 74 131
2543 74 132
2544 74 136
2545 74 145
2546 74 155
2547 74 156
2548 74 157
2549 74 158
2550 75 29
2551 75 30
2552 75 39
2553 75 61
2554 75 62
2555 75 65
2556 75 71
2557 75 72
2558 75 73
2559 75 74
2560 75 75
2561 75 79
2562 75 80
2563 75 81
2564 75 82
2565 75 83
2566 75 84
2567 75 85
2568 75 86
2569 75 87
2570 75 90
2571 75 92
2572 75 93
2573 75 94
2574 75 95
2575 75 96
2576 75 97
2577 75 98
2578 75 99
2579 75 100
2580 75 101
2581 75 102
2582 75 103
2583 75 104
2584 75 105
2585 75 106
2586 75 107
2587 75 133
2588 75 134
2589 75 135
2590 75 159
2591 75 160
2592 76 1
2593 76 2
2594 76 3
2595 76 4
2596 76 29
2597 76 40
2598 76 41
2599 76 42
2600 76 43
2601 76 61
2602 76 65
2603 76 76
2604 76 77
2605 76 78
2606 76 91
2607 76 132
2608 76 135
2609 76 159
2610 76 160
2611 77 1
2612 77 4
2613 77 29
2614 77 43
2615 77 61
2616 77 65
2617 77 91
2618 77 132
2619 77 135
2620 77 159
2621 77 160
2622 78 1
2623 78 4
2624 78 6
2625 78 7
2626 78 8
2627 78 9
2628 78 29
2629 78 32
2630 78 33
2631 78 34
2632 78 35
2633 78 36
2634 78 37
2635 78 38
2636 78 39
2637 78 40
2638 78 41
2639 78 42
2640 78 43
2641 78 61
2642 78 65
2643 78 91
2644 78 132
2645 78 135
2646 78 159
2647 78 160
2648 79 1
2649 79 4
2650 79 6
2651 79 9
2652 79 14
2653 79 15
2654 79 16
2655 79 17
2656 79 18
2657 79 29
2658 79 30
2659 79 31
2660 79 44
2661 79 48
2662 79 49
2663 79 50
2664 79 51
2665 79 52
2666 79 53
2667 79 54
2668 79 55
2669 79 61
2670 79 66
2671 79 67
2672 79 68
2673 79 69
2674 79 70
2675 79 71
2676 79 74
2677 79 75
2678 79 77
2679 79 78
2680 79 79
2681 79 80
2682 79 81
2683 79 82
2684 79 83
2685 79 84
2686 79 85
2687 79 86
2688 79 87
2689 79 90
2690 79 92
2691 79 93
2692 79 94
2693 79 95
2694 79 96
2695 79 97
2696 79 98
2697 79 99
2698 79 100
2699 79 101
2700 79 102
2701 79 103
2702 79 104
2703 79 105
2704 79 106
2705 79 107
2706 79 132
2707 79 133
2708 79 134
2709 79 136
2710 79 145
2711 79 159
2712 79 160
2713 80 1
2714 80 4
2715 80 6
2716 80 9
2717 80 32
2718 80 33
2719 80 34
2720 80 35
2721 80 36
2722 80 37
2723 80 38
2724 80 39
2725 80 40
2726 80 41
2727 80 42
2728 80 43
2729 80 61
2730 80 69
2731 80 74
2732 80 76
2733 80 82
2734 80 91
2735 80 94
2736 80 102
2737 80 103
2738 80 104
2739 80 105
2740 80 106
2741 80 107
2742 80 135
2743 80 136
2744 80 145
2745 80 159
2746 80 160
2747 81 1
2748 81 4
2749 81 6
2750 81 9
2751 81 32
2752 81 43
2753 81 61
2754 81 67
2755 81 68
2756 81 69
2757 81 74
2758 81 75
2759 81 76
2760 81 77
2761 81 78
2762 81 79
2763 81 80
2764 81 81
2765 81 82
2766 81 91
2767 81 94
2768 81 95
2769 81 101
2770 81 135
2771 81 136
2772 81 145
2773 82 1
2774 82 4
2775 82 6
2776 82 8
2777 82 10
2778 82 32
2779 82 33
2780 82 34
2781 82 35
2782 82 37
2783 82 38
2784 82 39
2785 82 40
2786 82 41
2787 82 42
2788 82 43
2789 82 61
2790 82 66
2791 82 96
2792 82 97
2793 82 98
2794 82 99
2795 82 100
2796 82 124
2797 82 125
2798 82 126
2799 82 135
2800 82 136
2801 82 145
2802 82 157
2803 82 158
2804 82 159
2805 82 160
2806 83 1
2807 83 4
2808 83 6
2809 83 8
2810 83 10
2811 83 30
2812 83 31
2813 83 36
2814 83 61
2815 83 66
2816 83 100
2817 83 124
2818 83 126
2819 83 135
2820 83 136
2821 83 145
2822 83 155
2823 83 156
2824 83 160
2825 84 1
2826 84 2
2827 84 3
2828 84 4
2829 84 6
2830 84 8
2831 84 10
2832 84 30
2833 84 31
2834 84 36
2835 84 61
2836 84 62
2837 84 63
2838 84 64
2839 84 65
2840 84 66
2841 84 79
2842 84 80
2843 84 81
2844 84 82
2845 84 100
2846 84 124
2847 84 126
2848 84 135
2849 84 136
2850 84 145
2851 84 155
2852 84 160
2853 85 6
2854 85 8
2855 85 10
2856 85 11
2857 85 16
2858 85 17
2859 85 18
2860 85 30
2861 85 31
2862 85 36
2863 85 124
2864 85 125
2865 85 126
2866 85 135
2867 85 136
2868 85 143
2869 85 155
2870 85 157
2871 85 158
2872 85 159
2873 85 160
2874 86 6
2875 86 8
2876 86 10
2877 86 11
2878 86 16
2879 86 18
2880 86 30
2881 86 31
2882 86 32
2883 86 33
2884 86 34
2885 86 35
2886 86 143
2887 86 155
2888 86 156
2889 87 6
2890 87 8
2891 87 10
2892 87 11
2893 87 16
2894 87 18
2895 87 101
2896 87 102
2897 87 103
2898 87 104
2899 87 105
2900 87 106
2901 87 107
2902 87 143
2903 87 155
2904 87 156
2905 88 6
2906 88 8
2907 88 10
2908 88 11
2909 88 16
2910 88 18
2911 88 94
2912 88 95
2913 88 96
2914 88 97
2915 88 100
2916 88 107
2917 88 110
2918 88 111
2919 88 112
2920 88 113
2921 88 114
2922 88 115
2923 88 143
2924 88 155
2925 88 156
2926 89 6
2927 89 8
2928 89 10
2929 89 11
2930 89 16
2931 89 17
2932 89 18
2933 89 94
2934 89 97
2935 89 100
2936 89 107
2937 89 110
2938 89 116
2939 89 143
2940 89 155
2941 90 6
2942 90 8
2943 90 10
2944 90 11
2945 90 94
2946 90 97
2947 90 100
2948 90 101
2949 90 102
2950 90 103
2951 90 104
2952 90 105
2953 90 106
2954 90 107
2955 90 110
2956 90 114
2957 90 115
2958 90 116
2959 90 143
2960 90 155
2961 91 6
2962 91 8
2963 91 10
2964 91 11
2965 91 94
2966 91 95
2967 91 96
2968 91 97
2969 91 99
2970 91 108
2971 91 109
2972 91 111
2973 91 113
2974 91 143
2975 91 144
2976 91 155
2977 92 6
2978 92 8
2979 92 10
2980 92 11
2981 92 30
2982 92 31
2983 92 32
2984 92 33
2985 92 34
2986 92 35
2987 92 90
2988 92 91
2989 92 93
2990 92 98
2991 92 99
2992 92 108
2993 92 109
2994 92 111
2995 92 113
2996 93 6
2997 93 8
2998 93 10
2999 93 11
3000 93 30
3001 93 35
3002 93 88
3003 93 89
3004 93 90
3005 93 91
3006 93 93
3007 93 98
3008 93 99
3009 93 108
3010 93 109
3011 93 111
3012 93 113
3013 94 6
3014 94 8
3015 94 30
3016 94 35
3017 94 94
3018 94 95
3019 94 96
3020 94 97
3021 94 99
3022 94 108
3023 94 109
3024 94 111
3025 94 113
3026 94 139
3027 94 140
3028 94 141
3029 94 142
3030 94 143
3031 94 144
3032 94 155
3033 95 0
3034 95 1
3035 95 6
3036 95 8
3037 95 30
3038 95 35
3039 95 94
3040 95 95
3041 95 96
3042 95 97
3043 95 98
3044 95 99
3045 95 108
3046 95 109
3047 95 111
3048 95 112
3049 95 113
3050 95 139
3051 95 144
3052 95 155
3053 96 0
3054 96 1
3055 96 6
3056 96 8
3057 96 30
3058 96 35
3059 96 39
3060 96 139
3061 96 140
3062 96 141
3063 96 142
3064 96 143
3065 96 144
3066 96 155
3067 97 0
3068 97 1
3069 97 6
3070 97 8
3071 97 30
3072 97 35
3073 97 39
3074 97 155
3075 98 0
3076 98 1
3077 98 6
3078 98 7
3079 98 9
3080 98 10
3081 98 11
3082 98 30
3083 98 35
3084 98 39
3085 98 155
3086 98 159
3087 98 160
3088 99 0
3089 99 1
3090 99 6
3091 99 7
3092 99 9
3093 99 11
3094 99 30
3095 99 35
3096 99 39
3097 99 62
3098 99 63
3099 99 71
3100 99 72
3101 99 73
3102 99 74
3103 99 75
3104 99 76
3105 99 77
3106 99 78
3107 99 155
3108 99 159
3109 99 160
3110 100 6
3111 100 7
3112 100 9
3113 100 11
3114 100 30
3115 100 35
3116 100 39
3117 100 62
3118 100 63
3119 100 100
3120 100 101
3121 100 102
3122 100 103
3123 100 104
3124 100 139
3125 100 140
3126 100 141
3127 100 142
3128 100 143
3129 100 144
3130 100 145
3131 100 151
3132 100 152
3133 100 153
3134 100 154
3135 100 155
3136 100 159
3137 100 160
3138 101 0
3139 101 1
3140 101 3
3141 101 4
3142 101 6
3143 101 7
3144 101 9
3145 101 11
3146 101 30
3147 101 35
3148 101 39
3149 101 62
3150 101 63
3151 101 71
3152 101 72
3153 101 73
3154 101 74
3155 101 75
3156 101 76
3157 101 77
3158 101 78
3159 101 79
3160 101 80
3161 101 81
3162 101 82
3163 101 100
3164 101 101
3165 101 102
3166 101 103
3167 101 104
3168 101 139
3169 101 145
3170 101 151
3171 101 155
3172 101 159
3173 101 160
3174 102 0
3175 102 1
3176 102 3
3177 102 4
3178 102 6
3179 102 7
3180 102 9
3181 102 11
3182 102 21
3183 102 22
3184 102 30
3185 102 35
3186 102 64
3187 102 65
3188 102 71
3189 102 72
3190 102 73
3191 102 74
3192 102 75
3193 102 76
3194 102 77
3195 102 78
3196 102 79
3197 102 80
3198 102 81
3199 102 82
3200 102 84
3201 102 85
3202 102 86
3203 102 87
3204 102 88
3205 102 89
3206 102 90
3207 102 96
3208 102 97
3209 102 98
3210 102 99
3211 102 105
3212 102 106
3213 102 107
3214 102 108
3215 102 109
3216 102 110
3217 102 123
3218 102 124
3219 102 125
3220 102 126
3221 102 139
3222 102 145
3223 102 151
3224 102 155
3225 102 159
3226 102 160
3227 103 0
3228 103 1
3229 103 3
3230 103 4
3231 103 6
3232 103 7
3233 103 9
3234 103 11
3235 103 21
3236 103 22
3237 103 30
3238 103 35
3239 103 62
3240 103 63
3241 103 66
3242 103 67
3243 103 68
3244 103 69
3245 103 70
3246 103 84
3247 103 90
3248 103 100
3249 103 101
3250 103 102
3251 103 103
3252 103 104
3253 103 109
3254 103 110
3255 103 121
3256 103 122
3257 103 126
3258 103 140
3259 103 145
3260 103 151
3261 103 152
3262 103 153
3263 103 154
3264 103 155
3265 103 159
3266 103 160
3267 104 0
3268 104 1
3269 104 3
3270 104 4
3271 104 6
3272 104 7
3273 104 9
3274 104 11
3275 104 21
3276 104 22
3277 104 29
3278 104 31
3279 104 35
3280 104 62
3281 104 70
3282 104 84
3283 104 90
3284 104 109
3285 104 110
3286 104 121
3287 104 122
3288 104 123
3289 104 124
3290 104 125
3291 104 126
3292 104 140
3293 104 141
3294 104 142
3295 104 143
3296 104 144
3297 104 145
3298 105 0
3299 105 1
3300 105 3
3301 105 4
3302 105 6
3303 105 7
3304 105 9
3305 105 11
3306 105 21
3307 105 22
3308 105 29
3309 105 31
3310 105 32
3311 105 33
3312 105 34
3313 105 35
3314 105 62
3315 105 66
3316 105 67
3317 105 68
3318 105 69
3319 105 70
3320 105 84
3321 105 90
3322 106 0
3323 106 1
3324 106 3
3325 106 4
3326 106 6
3327 106 7
3328 106 9
3329 106 11
3330 106 21
3331 106 22
3332 106 30
3333 106 62
3334 106 65
3335 106 84
3336 106 90
3337 107 0
3338 107 1
3339 107 3
3340 107 4
3341 107 6
3342 107 7
3343 107 9
3344 107 11
3345 107 21
3346 107 22
3347 107 30
3348 107 31
3349 107 32
3350 107 33
3351 107 34
3352 107 35
3353 107 62
3354 107 66
3355 107 67
3356 107 68
3357 107 69
3358 107 70
3359 107 76
3360 107 84
3361 107 90
3362 107 140
3363 108 0
3364 108 1
3365 108 3
3366 108 4
3367 108 6
3368 108 7
3369 108 9
3370 108 10
3371 108 11
3372 108 21
3373 108 22
3374 108 29
3375 108 34
3376 108 35
3377 108 62
3378 108 70
3379 108 76
3380 108 84
3381 108 90
3382 108 140
3383 109 0
3384 109 1
3385 109 3
3386 109 4
3387 109 6
3388 109 7
3389 109 30
3390 109 31
3391 109 32
3392 109 33
3393 109 35
3394 109 39
3395 109 45
3396 109 46
3397 109 47
3398 109 48
3399 109 53
3400 109 54
3401 109 62
3402 109 70
3403 109 76
3404 109 84
3405 109 90
3406 109 140
3407 110 0
3408 110 1
3409 110 3
3410 110 4
3411 110 6
3412 110 7
3413 110 30
3414 110 35
3415 110 47
3416 110 48
3417 110 53
3418 110 54
3419 110 55
3420 110 56
3421 110 57
3422 110 58
3423 110 62
3424 110 63
3425 110 64
3426 110 65
3427 110 66
3428 110 67
3429 110 68
3430 110 69
3431 110 70
3432 110 76
3433 110 80
3434 110 81
3435 110 82
3436 110 83
3437 110 84
3438 110 85
3439 110 86
3440 110 87
3441 110 88
3442 110 89
3443 110 90
3444 110 106
3445 110 107
3446 110 108
3447 110 121
3448 110 122
3449 110 123
3450 110 124
3451 110 125
3452 110 126
3453 110 140
3454 110 141
3455 110 142
3456 110 143
3457 110 144
3458 110 145
3459 111 0
3460 111 1
3461 111 3
3462 111 4
3463 111 6
3464 111 30
3465 111 35
3466 111 106
3467 111 108
3468 111 123
3469 111 126
3470 111 140
3471 111 145
3472 112 0
3473 112 1
3474 112 3
3475 112 4
3476 112 6
3477 112 30
3478 112 35
3479 112 106
3480 112 108
3481 112 123
3482 112 126
3483 112 140
3484 112 145
3485 113 0
3486 113 1
3487 113 3
3488 113 4
3489 113 6
3490 113 9
3491 113 10
3492 113 11
3493 113 19
3494 113 21
3495 113 22
3496 113 29
3497 113 36
3498 113 37
3499 113 38
3500 113 39
3501 113 68
3502 113 69
3503 113 70
3504 113 106
3505 113 108
3506 113 123
3507 113 126
3508 113 140
3509 113 145
3510 114 0
3511 114 1
3512 114 3
3513 114 4
3514 114 6
3515 114 9
3516 114 11
3517 114 19
3518 114 21
3519 114 22
3520 114 29
3521 114 39
3522 114 69
3523 114 70
3524 114 106
3525 114 107
3526 114 108
3527 114 123
3528 114 126
3529 114 140
3530 114 145
3531 115 0
3532 115 1
3533 115 3
3534 115 4
3535 115 6
3536 115 9
3537 115 11
3538 115 19
3539 115 21
3540 115 29
3541 115 39
3542 115 69
3543 115 70
3544 115 123
3545 115 126
3546 115 140
3547 115 145
3548 115 159
3549 115 160
3550 116 0
3551 116 1
3552 116 3
3553 116 4
3554 116 6
3555 116 9
3556 116 11
3557 116 19
3558 116 21
3559 116 29
3560 116 39
3561 116 123
3562 116 126
3563 116 140
3564 116 145
3565 116 159
3566 116 160
3567 117 0
3568 117 1
3569 117 3
3570 117 4
3571 117 6
3572 117 9
3573 117 11
3574 117 19
3575 117 21
3576 117 29
3577 117 39
3578 117 123
3579 117 126
3580 117 140
3581 117 145
3582 117 159
3583 117 160
3584 118 0
3585 118 1
3586 118 3
3587 118 4
3588 118 6
3589 118 9
3590 118 10
3591 118 11
3592 118 19
3593 118 21
3594 118 29
3595 118 39
3596 118 123
3597 118 124
3598 118 125
3599 118 126
3600 118 140
3601 118 145
3602 118 159
3603 118 160
3604 119 0
3605 119 1
3606 119 3
3607 119 4
3608 119 30
3609 119 39
3610 119 82
3611 119 83
3612 119 84
3613 119 91
3614 119 92
3615 119 93
3616 119 94
3617 119 95
3618 119 96
3619 119 97
3620 119 98
3621 119 99
3622 119 100
3623 119 101
3624 119 104
3625 119 105
3626 119 109
3627 119 110
3628 119 121
3629 119 122
3630 119 127
3631 119 140
3632 119 145
3633 119 159
3634 119 160
3635 120 0
3636 120 1
3637 120 3
3638 120 4
3639 120 30
3640 120 39
3641 120 82
3642 120 85
3643 120 86
3644 120 87
3645 120 88
3646 120 89
3647 120 90
3648 120 101
3649 120 104
3650 120 105
3651 120 109
3652 120 111
3653 120 112
3654 120 113
3655 120 114
3656 120 121
3657 120 122
3658 120 127
3659 120 140
3660 120 145
3661 120 159
3662 120 160
3663 121 0
3664 121 1
3665 121 3
3666 121 4
3667 121 30
3668 121 31
3669 121 32
3670 121 33
3671 121 34
3672 121 35
3673 121 36
3674 121 37
3675 121 38
3676 121 39
3677 121 82
3678 121 101
3679 121 104
3680 121 105
3681 121 109
3682 121 114
3683 121 121
3684 121 122
3685 121 127
3686 121 140
3687 121 145
3688 121 151
3689 121 152
3690 121 153
3691 121 154
3692 121 155
3693 121 156
3694 122 0
3695 122 3
3696 122 4
3697 122 19
3698 122 21
3699 122 29
3700 122 40
3701 122 45
3702 122 46
3703 122 47
3704 122 48
3705 122 49
3706 122 52
3707 122 53
3708 122 54
3709 122 55
3710 122 56
3711 122 57
3712 122 58
3713 122 60
3714 122 61
3715 122 62
3716 122 63
3717 122 69
3718 122 70
3719 122 71
3720 122 72
3721 122 73
3722 122 74
3723 122 75
3724 122 76
3725 122 80
3726 122 81
3727 122 101
3728 122 104
3729 122 105
3730 122 109
3731 122 114
3732 122 121
3733 122 122
3734 122 127
3735 122 140
3736 122 145
3737 122 151
3738 122 156
3739 123 0
3740 123 3
3741 123 4
3742 123 9
3743 123 10
3744 123 11
3745 123 12
3746 123 19
3747 123 21
3748 123 29
3749 123 40
3750 123 45
3751 123 49
3752 123 52
3753 123 58
3754 123 60
3755 123 63
3756 123 69
3757 123 72
3758 123 73
3759 123 74
3760 123 75
3761 123 76
3762 123 80
3763 123 90
3764 123 101
3765 123 104
3766 123 105
3767 123 109
3768 123 114
3769 123 121
3770 123 122
3771 123 127
3772 123 140
3773 123 145
3774 123 151
3775 123 152
3776 123 153
3777 123 154
3778 123 155
3779 123 156
3780 123 157
3781 123 158
3782 123 159
3783 123 160
3784 124 0
3785 124 3
3786 124 4
3787 124 9
3788 124 12
3789 124 19
3790 124 21
3791 124 29
3792 124 40
3793 124 45
3794 124 46
3795 124 47
3796 124 48
3797 124 49
3798 124 52
3799 124 58
3800 124 60
3801 124 63
3802 124 69
3803 124 71
3804 124 80
3805 124 89
3806 124 91
3807 124 101
3808 124 104
3809 124 105
3810 124 109
3811 124 114
3812 124 121
3813 124 122
3814 124 124
3815 124 125
3816 124 126
3817 124 140
3818 124 145
3819 125 0
3820 125 1
3821 125 2
3822 125 5
3823 125 6
3824 125 7
3825 125 8
3826 125 10
3827 125 12
3828 125 19
3829 125 21
3830 125 29
3831 125 40
3832 125 52
3833 125 58
3834 125 60
3835 125 63
3836 125 69
3837 125 71
3838 125 80
3839 125 84
3840 125 85
3841 125 86
3842 125 87
3843 125 88
3844 125 89
3845 125 91
3846 125 101
3847 125 104
3848 125 105
3849 125 109
3850 125 112
3851 125 114
3852 125 121
3853 125 122
3854 125 124
3855 125 126
3856 125 140
3857 125 145
3858 126 0
3859 126 2
3860 126 5
3861 126 8
3862 126 10
3863 126 12
3864 126 29
3865 126 40
3866 126 52
3867 126 53
3868 126 54
3869 126 58
3870 126 60
3871 126 63
3872 126 69
3873 126 71
3874 126 81
3875 126 83
3876 126 91
3877 126 101
3878 126 104
3879 126 105
3880 126 109
3881 126 111
3882 126 113
3883 126 114
3884 126 121
3885 126 122
3886 126 124
3887 126 126
3888 126 140
3889 126 145
3890 127 0
3891 127 2
3892 127 5
3893 127 6
3894 127 7
3895 127 8
3896 127 10
3897 127 11
3898 127 12
3899 127 14
3900 127 15
3901 127 16
3902 127 17
3903 127 18
3904 127 19
3905 127 29
3906 127 40
3907 127 55
3908 127 58
3909 127 60
3910 127 63
3911 127 70
3912 127 71
3913 127 81
3914 127 83
3915 127 91
3916 127 98
3917 127 99
3918 127 100
3919 127 101
3920 127 104
3921 127 105
3922 127 109
3923 127 110
3924 127 111
3925 127 113
3926 127 114
3927 127 121
3928 127 122
3929 127 124
3930 127 126
3931 127 140
3932 127 145
3933 128 0
3934 128 2
3935 128 5
3936 128 9
3937 128 29
3938 128 40
3939 128 41
3940 128 55
3941 128 58
3942 128 60
3943 128 63
3944 128 70
3945 128 71
3946 128 81
3947 128 83
3948 128 91
3949 128 97
3950 128 106
3951 128 107
3952 128 108
3953 128 112
3954 128 113
3955 128 114
3956 128 121
3957 128 122
3958 128 124
3959 128 125
3960 128 126
3961 128 140
3962 128 145
3963 129 0
3964 129 2
3965 129 9
3966 129 29
3967 129 40
3968 129 41
3969 129 55
3970 129 58
3971 129 60
3972 129 63
3973 129 72
3974 129 73
3975 129 74
3976 129 75
3977 129 76
3978 129 81
3979 129 83
3980 129 91
3981 129 98
3982 129 99
3983 129 100
3984 129 101
3985 129 106
3986 129 108
3987 129 112
3988 129 121
3989 129 122
3990 129 127
3991 129 140
3992 129 145
3993 130 0
3994 130 2
3995 130 9
3996 130 29
3997 130 40
3998 130 41
3999 130 55
4000 130 58
4001 130 60
4002 130 63
4003 130 72
4004 130 76
4005 130 81
4006 130 83
4007 130 91
4008 130 101
4009 130 106
4010 130 108
4011 130 112
4012 130 123
4013 130 124
4014 130 125
4015 130 126
4016 130 140
4017 130 145
4018 131 0
4019 131 2
4020 131 4
4021 131 9
4022 131 29
4023 131 40
4024 131 41
4025 131 55
4026 131 58
4027 131 60
4028 131 62
4029 131 72
4030 131 73
4031 131 74
4032 131 75
4033 131 76
4034 131 81
4035 131 82
4036 131 83
4037 131 91
4038 131 92
4039 131 93
4040 131 94
4041 131 95
4042 131 96
4043 131 97
4044 131 98
4045 131 99
4046 131 100
4047 131 101
4048 131 106
4049 131 107
4050 131 108
4051 131 112
4052 131 123
4053 131 124
4054 131 125
4055 131 126
4056 131 135
4057 131 136
4058 131 137
4059 131 138
4060 131 139
4061 131 145
4062 132 0
4063 132 2
4064 132 4
4065 132 9
4066 132 29
4067 132 40
4068 132 41
4069 132 55
4070 132 58
4071 132 60
4072 132 62
4073 132 77
4074 132 78
4075 132 79
4076 132 80
4077 132 85
4078 132 86
4079 132 87
4080 132 88
4081 132 89
4082 132 90
4083 132 135
4084 132 145
4085 133 0
4086 133 2
4087 133 4
4088 133 9
4089 133 29
4090 133 40
4091 133 41
4092 133 55
4093 133 58
4094 133 60
4095 133 62
4096 133 77
4097 133 80
4098 133 85
4099 133 90
4100 133 135
4101 133 145
4102 134 0
4103 134 2
4104 134 4
4105 134 9
4106 134 29
4107 134 40
4108 134 41
4109 134 55
4110 134 56
4111 134 57
4112 134 58
4113 134 60
4114 134 62
4115 134 68
4116 134 69
4117 134 70
4118 134 71
4119 134 77
4120 134 78
4121 134 79
4122 134 80
4123 134 85
4124 134 86
4125 134 87
4126 134 88
4127 134 89
4128 134 90
4129 134 135
4130 134 145
4131 135 0
4132 135 2
4133 135 4
4134 135 9
4135 135 29
4136 135 40
4137 135 41
4138 135 60
4139 135 62
4140 135 68
4141 135 71
4142 135 74
4143 135 75
4144 135 76
4145 135 112
4146 135 135
4147 135 145
4148 136 0
4149 136 3
4150 136 5
4151 136 6
4152 136 7
4153 136 8
4154 136 10
4155 136 11
4156 136 12
4157 136 14
4158 136 15
4159 136 16
4160 136 17
4161 136 18
4162 136 19
4163 136 29
4164 136 60
4165 136 62
4166 136 68
4167 136 69
4168 136 70
4169 136 71
4170 136 74
4171 136 76
4172 136 112
4173 136 135
4174 136 136
4175 136 137
4176 136 138
4177 136 139
4178 136 140
4179 136 141
4180 136 142
4181 136 143
4182 136 144
4183 136 145
4184 137 0
4185 137 3
4186 137 5
4187 137 8
4188 137 10
4189 137 12
4190 137 14
4191 137 19
4192 137 29
4193 137 60
4194 137 61
4195 137 62
4196 137 65
4197 137 66
4198 137 67
4199 137 74
4200 137 77
4201 137 78
4202 137 79
4203 137 80
4204 137 81
4205 137 82
4206 137 83
4207 137 84
4208 137 85
4209 137 86
4210 137 87
4211 137 88
4212 137 89
4213 137 90
4214 137 111
4215 137 112
4216 137 123
4217 137 124
4218 137 125
4219 137 126
4220 137 127
4221 137 128
4222 137 129
4223 137 130
4224 137 131
4225 137 132
4226 137 133
4227 137 134
4228 137 146
4229 137 159
4230 137 160
4231 138 0
4232 138 3
4233 138 5
4234 138 8
4235 138 10
4236 138 12
4237 138 14
4238 138 19
4239 138 29
4240 138 34
4241 138 35
4242 138 36
4243 138 37
4244 138 38
4245 138 39
4246 138 68
4247 138 69
4248 138 70
4249 138 71
4250 138 72
4251 138 73
4252 138 90
4253 138 111
4254 138 113
4255 138 114
4256 138 115
4257 138 116
4258 138 117
4259 138 118
4260 138 119
4261 138 120
4262 138 126
4263 138 127
4264 138 128
4265 138 129
4266 138 134
4267 138 146
4268 138 159
4269 138 160
4270 139 0
4271 139 3
4272 139 5
4273 139 8
4274 139 10
4275 139 12
4276 139 14
4277 139 19
4278 139 29
4279 139 34
4280 139 39
4281 139 60
4282 139 61
4283 139 62
4284 139 65
4285 139 66
4286 139 67
4287 139 90
4288 139 111
4289 139 121
4290 139 122
4291 139 123
4292 139 124
4293 139 125
4294 139 130
4295 139 131
4296 139 132
4297 139 133
4298 139 134
4299 139 146
4300 140 0
4301 140 3
4302 140 5
4303 140 6
4304 140 7
4305 140 8
4306 140 10
4307 140 11
4308 140 12
4309 140 14
4310 140 16
4311 140 17
4312 140 18
4313 140 19
4314 140 29
4315 140 34
4316 140 39
4317 140 60
4318 140 61
4319 140 62
4320 140 65
4321 140 66
4322 140 67
4323 140 68
4324 140 69
4325 140 70
4326 140 71
4327 140 72
4328 140 90
4329 140 103
4330 140 104
4331 140 105
4332 140 106
4333 140 107
4334 140 108
4335 140 109
4336 140 110
4337 140 111
4338 140 112
4339 140 113
4340 140 114
4341 140 115
4342 140 116
4343 140 117
4344 140 118
4345 140 119
4346 140 120
4347 140 121
4348 140 122
4349 140 123
4350 140 124
4351 140 125
4352 140 128
4353 140 129
4354 141 0
4355 141 4
4356 141 9
4357 141 14
4358 141 15
4359 141 30
4360 141 31
4361 141 32
4362 141 33
4363 141 39
4364 141 57
4365 141 58
4366 141 59
4367 141 63
4368 141 64
4369 141 73
4370 141 90
4371 141 126
4372 141 127
4373 142 0
4374 142 4
4375 142 9
4376 142 14
4377 142 15
4378 142 30
4379 142 39
4380 142 57
4381 142 59
4382 142 63
4383 142 64
4384 142 73
4385 142 90
4386 142 126
4387 142 127
4388 143 0
4389 143 4
4390 143 9
4391 143 14
4392 143 15
4393 143 30
4394 143 31
4395 143 32
4396 143 33
4397 143 34
4398 143 35
4399 143 36
4400 143 39
4401 143 57
4402 143 59
4403 143 63
4404 143 64
4405 143 73
4406 143 90
4407 143 104
4408 143 105
4409 143 106
4410 143 107
4411 143 121
4412 143 122
4413 143 123
4414 143 124
4415 143 125
4416 143 128
4417 143 129
4418 143 130
4419 143 131
4420 143 132
4421 143 133
4422 143 134
4423 143 135
4424 143 136
4425 143 137
4426 143 138
4427 143 139
4428 143 140
4429 143 141
4430 143 142
4431 143 143
4432 143 144
4433 144 0
4434 144 4
4435 144 37
4436 144 38
4437 144 39
4438 144 57
4439 144 58
4440 144 63
4441 144 64
4442 144 73
4443 144 89
4444 144 104
4445 144 107
4446 144 121
4447 144 126
4448 144 127
4449 144 132
4450 144 143
4451 144 144
4452 145 0
4453 145 4
4454 145 57
4455 145 58
4456 145 63
4457 145 64
4458 145 73
4459 145 89
4460 145 104
4461 145 107
4462 145 121
4463 145 132
4464 145 143
4465 145 144
4466 146 0
4467 146 4
4468 146 57
4469 146 58
4470 146 63
4471 146 64
4472 146 73
4473 146 89
4474 146 104
4475 146 107
4476 146 121
4477 146 132
4478 146 139
4479 146 140
4480 146 141
4481 146 142
4482 147 0
4483 147 1
4484 147 2
4485 147 3
4486 147 4
4487 147 27
4488 147 28
4489 147 29
4490 147 30
4491 147 31
4492 147 32
4493 147 33
4494 147 37
4495 147 38
4496 147 39
4497 147 47
4498 147 48
4499 147 55
4500 147 57
4501 147 58
4502 147 63
4503 147 64
4504 147 73
4505 147 79
4506 147 80
4507 147 81
4508 147 82
4509 147 83
4510 147 84
4511 147 85
4512 147 86
4513 147 87
4514 147 88
4515 147 89
4516 147 90
4517 147 104
4518 147 107
4519 147 121
4520 147 132
4521 148 26
4522 148 30
4523 148 33
4524 148 37
4525 148 39
4526 148 47
4527 148 48
4528 148 55
4529 148 57
4530 148 58
4531 148 63
4532 148 64
4533 148 73
4534 148 78
4535 148 91
4536 148 92
4537 148 102
4538 148 103
4539 148 107
4540 148 121
4541 148 122
4542 148 123
4543 148 126
4544 148 127
4545 148 128
4546 148 129
4547 148 130
4548 148 131
4549 148 132
4550 149 26
4551 149 30
4552 149 33
4553 149 37
4554 149 39
4555 149 47
4556 149 48
4557 149 55
4558 149 56
4559 149 63
4560 149 64
4561 149 69
4562 149 70
4563 149 71
4564 149 72
4565 149 78
4566 149 91
4567 149 92
4568 149 102
4569 149 107
4570 149 110
4571 149 111
4572 149 112
4573 149 113
4574 149 114
4575 149 115
4576 149 116
4577 149 117
4578 149 118
4579 149 119
4580 149 120
4581 149 124
4582 149 125
4583 149 133
4584 149 134
4585 149 135
4586 149 136
4587 149 137
4588 149 138
4589 150 26
4590 150 30
4591 150 33
4592 150 37
4593 150 39
4594 150 47
4595 150 48
4596 150 55
4597 150 56
4598 150 63
4599 150 64
4600 150 68
4601 150 78
4602 150 91
4603 150 92
4604 150 102
4605 150 107
4606 150 110
4607 150 120
4608 150 124
4609 150 125
4610 150 133
4611 150 134
4612 150 135
4613 150 136
4614 150 137
4615 150 138
4616 151 14
4617 151 15
4618 151 16
4619 151 17
4620 151 18
4621 151 19
4622 151 20
4623 151 21
4624 151 22
4625 151 26
4626 151 30
4627 151 33
4628 151 37
4629 151 38
4630 151 47
4631 151 48
4632 151 55
4633 151 56
4634 151 63
4635 151 64
4636 151 68
4637 151 78
4638 151 91
4639 151 92
4640 151 102
4641 151 107
4642 151 110
4643 151 120
4644 151 124
4645 151 125
4646 152 14
4647 152 22
4648 152 26
4649 152 30
4650 152 33
4651 152 37
4652 152 38
4653 152 47
4654 152 48
4655 152 55
4656 152 56
4657 152 63
4658 152 64
4659 152 68
4660 152 69
4661 152 70
4662 152 71
4663 152 72
4664 152 73
4665 152 74
4666 152 75
4667 152 76
4668 152 77
4669 152 78
4670 152 91
4671 152 92
4672 152 102
4673 152 106
4674 152 108
4675 152 109
4676 152 120
4677 152 124
4678 152 125
4679 153 0
4680 153 14
4681 153 20
4682 153 21
4683 153 22
4684 153 26
4685 153 30
4686 153 33
4687 153 37
4688 153 38
4689 153 41
4690 153 42
4691 153 43
4692 153 44
4693 153 45
4694 153 46
4695 153 48
4696 153 55
4697 153 56
4698 153 63
4699 153 64
4700 153 91
4701 153 93
4702 153 94
4703 153 95
4704 153 96
4705 153 97
4706 153 98
4707 153 102
4708 153 105
4709 153 108
4710 153 120
4711 154 0
4712 154 14
4713 154 19
4714 154 26
4715 154 30
4716 154 31
4717 154 32
4718 154 33
4719 154 37
4720 154 38
4721 154 41
4722 154 46
4723 154 48
4724 154 55
4725 154 56
4726 154 63
4727 154 64
4728 154 91
4729 154 98
4730 154 102
4731 154 105
4732 154 108
4733 154 120
4734 155 0
4735 155 14
4736 155 19
4737 155 27
4738 155 28
4739 155 29
4740 155 34
4741 155 35
4742 155 36
4743 155 38
4744 155 41
4745 155 46
4746 155 48
4747 155 55
4748 155 56
4749 155 63
4750 155 64
4751 155 91
4752 155 98
4753 155 102
4754 155 106
4755 155 107
4756 155 120
4757 156 0
4758 156 1
4759 156 14
4760 156 19
4761 156 27
4762 156 29
4763 156 34
4764 156 38
4765 156 41
4766 156 42
4767 156 43
4768 156 44
4769 156 46
4770 156 48
4771 156 49
4772 156 50
4773 156 51
4774 156 52
4775 156 53
4776 156 54
4777 156 63
4778 156 64
4779 156 91
4780 156 92
4781 156 93
4782 156 94
4783 156 95
4784 156 96
4785 156 97
4786 156 98
4787 156 102
4788 156 120
4789 157 0
4790 157 1
4791 157 4
4792 157 14
4793 157 19
4794 157 25
4795 157 26
4796 157 29
4797 157 34
4798 157 38
4799 157 41
4800 157 45
4801 157 46
4802 157 48
4803 157 50
4804 157 51
4805 157 54
4806 157 58
4807 157 59
4808 157 60
4809 157 61
4810 157 62
4811 157 65
4812 157 66
4813 157 67
4814 157 68
4815 157 69
4816 157 70
4817 157 71
4818 157 72
4819 157 73
4820 157 74
4821 157 75
4822 157 76
4823 157 77
4824 157 78
4825 157 79
4826 157 80
4827 157 81
4828 157 82
4829 157 83
4830 157 84
4831 157 85
4832 157 86
4833 157 87
4834 157 88
4835 157 89
4836 157 90
4837 157 102
4838 157 110
4839 157 111
4840 157 112
4841 157 120
4842 157 125
4843 157 128
4844 157 129
4845 157 140
4846 157 141
4847 157 142
4848 157 143
4849 157 144
4850 157 145
4851 157 146
4852 157 147
4853 157 148
4854 157 149
4855 157 150
4856 157 152
4857 157 153
4858 157 154
4859 157 155
4860 157 156
4861 157 157
4862 157 158
4863 157 159
4864 157 160
4865 158 0
4866 158 1
4867 158 4
4868 158 14
4869 158 18
4870 158 19
4871 158 25
4872 158 26
4873 158 27
4874 158 28
4875 158 29
4876 158 34
4877 158 35
4878 158 36
4879 158 37
4880 158 38
4881 158 41
4882 158 45
4883 158 46
4884 158 48
4885 158 49
4886 158 52
4887 158 53
4888 158 54
4889 158 58
4890 158 59
4891 158 60
4892 158 61
4893 158 62
4894 158 65
4895 158 66
4896 158 67
4897 158 68
4898 158 69
4899 158 70
4900 158 71
4901 158 72
4902 158 73
4903 158 74
4904 158 75
4905 158 76
4906 158 77
4907 158 78
4908 158 79
4909 158 80
4910 158 81
4911 158 82
4912 158 83
4913 158 84
4914 158 85
4915 158 86
4916 158 87
4917 158 88
4918 158 89
4919 158 90
4920 158 102
4921 158 103
4922 158 104
4923 158 105
4924 158 106
4925 158 107
4926 158 108
4927 158 109
4928 158 113
4929 158 114
4930 158 115
4931 158 116
4932 158 117
4933 158 118
4934 158 119
4935 158 120
4936 158 125
4937 158 128
4938 158 129
4939 158 130
4940 158 131
4941 158 132
4942 158 140
4943 158 141
4944 158 142
4945 158 143
4946 158 144
4947 158 145
4948 158 146
4949 158 147
4950 158 148
4951 158 149
4952 158 150
4953 158 152
4954 158 153
4955 158 154
4956 158 155
4957 158 156
4958 158 157
4959 158 158
4960 158 159
4961 158 160
4962 159 0
4963 159 1
4964 159 14
4965 159 17
4966 159 42
4967 159 43
4968 159 44
4969 159 47
4970 159 50
4971 159 51
4972 159 55
4973 159 56
4974 159 57
4975 159 110
4976 159 111
4977 159 112
4978 160 0
4979 160 1
4980 160 14
4981 160 15
4982 160 16
4983 160 17
4984 160 41
4985 160 42
4986 160 43
4987 160 44
4988 160 47
4989 160 50
4990 160 51
4991 160 55
4992 160 56
4993 160 57
