1240
0 0 23
1 0 24
2 0 25
3 0 26
4 0 42
5 0 43
6 0 44
7 0 45
8 0 46
9 0 47
10 0 48
11 0 54
12 0 55
13 0 56
14 0 58
15 0 59
16 0 60
17 1 21
18 1 22
19 1 26
20 1 42
21 1 48
22 1 54
23 1 55
24 1 57
25 1 60
26 2 12
27 2 13
28 2 14
29 2 15
30 2 16
31 2 17
32 2 18
33 2 19
34 2 20
35 2 27
36 2 28
37 2 29
38 2 30
39 2 31
40 2 32
41 2 33
42 2 34
43 2 35
44 2 36
45 2 37
46 2 38
47 2 39
48 2 40
49 2 41
50 2 42
51 2 43
52 2 44
53 2 45
54 2 46
55 2 47
56 2 48
57 2 53
58 2 60
59 3 12
60 3 26
61 3 49
62 3 50
63 3 51
64 3 52
65 3 60
66 4 12
67 4 21
68 4 22
69 4 26
70 4 29
71 4 30
72 4 31
73 4 32
74 4 53
75 4 54
76 4 55
77 4 56
78 4 60
79 5 12
80 5 20
81 5 23
82 5 26
83 5 29
84 5 32
85 5 37
86 5 45
87 5 46
88 5 47
89 5 48
90 5 49
91 5 50
92 5 51
93 5 52
94 5 53
95 5 57
96 5 58
97 5 60
98 6 12
99 6 20
100 6 23
101 6 24
102 6 25
103 6 26
104 6 29
105 6 31
106 6 37
107 6 38
108 6 39
109 6 40
110 6 41
111 6 42
112 6 45
113 6 46
114 6 47
115 6 48
116 6 49
117 6 50
118 6 51
119 6 57
120 6 59
121 6 60
122 7 12
123 7 20
124 7 27
125 7 28
126 7 32
127 7 33
128 7 34
129 7 35
130 7 36
131 7 43
132 7 44
133 7 57
134 7 60
135 8 12
136 8 13
137 8 14
138 8 15
139 8 16
140 8 17
141 8 18
142 8 19
143 8 20
144 8 27
145 8 35
146 8 36
147 8 37
148 8 42
149 8 43
150 8 44
151 8 57
152 8 60
153 9 12
154 9 27
155 9 34
156 9 38
157 9 41
158 9 45
159 9 46
160 9 49
161 9 50
162 9 51
163 9 52
164 9 53
165 9 57
166 9 58
167 9 59
168 10 12
169 10 27
170 10 34
171 10 38
172 10 41
173 10 45
174 10 46
175 10 52
176 10 54
177 10 55
178 11 12
179 11 25
180 11 26
181 11 27
182 11 28
183 11 29
184 11 34
185 11 38
186 11 39
187 11 41
188 11 45
189 11 46
190 11 52
191 11 53
192 11 54
193 11 55
194 12 13
195 12 14
196 12 15
197 12 16
198 12 17
199 12 18
200 12 19
201 12 20
202 12 21
203 12 22
204 12 23
205 12 24
206 12 30
207 12 32
208 12 33
209 12 34
210 12 35
211 12 36
212 12 37
213 12 40
214 12 41
215 12 45
216 12 46
217 12 51
218 12 56
219 12 57
220 12 58
221 12 59
222 13 13
223 13 24
224 13 30
225 13 31
226 13 38
227 13 39
228 13 42
229 13 45
230 13 46
231 13 51
232 13 58
233 13 59
234 14 13
235 14 24
236 14 30
237 14 31
238 14 38
239 14 39
240 14 42
241 14 43
242 14 44
243 14 47
244 14 48
245 14 49
246 14 50
247 14 52
248 14 53
249 14 54
250 14 55
251 14 56
252 14 57
253 15 13
254 15 24
255 15 30
256 15 31
257 15 32
258 15 33
259 15 34
260 15 38
261 15 39
262 15 42
263 15 45
264 15 46
265 15 48
266 15 52
267 15 53
268 15 54
269 15 55
270 15 58
271 15 59
272 16 0
273 16 1
274 16 2
275 16 7
276 16 8
277 16 9
278 16 10
279 16 11
280 16 12
281 16 24
282 16 30
283 16 32
284 16 35
285 16 36
286 16 37
287 16 40
288 16 41
289 16 45
290 16 47
291 16 52
292 16 56
293 16 58
294 16 60
295 17 0
296 17 1
297 17 2
298 17 7
299 17 16
300 17 17
301 17 24
302 17 30
303 17 32
304 17 33
305 17 34
306 17 35
307 17 36
308 17 37
309 17 40
310 17 42
311 17 45
312 17 46
313 17 47
314 17 52
315 17 56
316 17 58
317 17 60
318 18 0
319 18 3
320 18 4
321 18 5
322 18 6
323 18 15
324 18 18
325 18 24
326 18 27
327 18 28
328 18 29
329 18 40
330 18 42
331 18 45
332 18 48
333 18 49
334 18 50
335 18 51
336 18 52
337 18 56
338 18 58
339 18 60
340 19 0
341 19 3
342 19 15
343 19 18
344 19 19
345 19 20
346 19 21
347 19 22
348 19 23
349 19 24
350 19 40
351 19 42
352 19 45
353 19 48
354 19 49
355 19 51
356 19 52
357 19 56
358 19 58
359 19 60
360 20 0
361 20 1
362 20 3
363 20 8
364 20 9
365 20 10
366 20 11
367 20 12
368 20 15
369 20 24
370 20 40
371 20 42
372 20 45
373 20 48
374 20 50
375 20 52
376 20 56
377 20 58
378 20 60
379 21 0
380 21 1
381 21 4
382 21 5
383 21 6
384 21 7
385 21 13
386 21 14
387 21 15
388 21 20
389 21 21
390 21 22
391 21 23
392 21 25
393 21 35
394 21 36
395 21 37
396 21 40
397 21 42
398 21 45
399 21 48
400 21 50
401 21 52
402 21 56
403 21 58
404 21 60
405 22 0
406 22 1
407 22 8
408 22 9
409 22 10
410 22 11
411 22 12
412 22 20
413 22 21
414 22 22
415 22 23
416 22 26
417 22 27
418 22 28
419 22 29
420 22 30
421 22 31
422 22 32
423 22 33
424 22 34
425 22 36
426 22 37
427 22 40
428 22 42
429 22 45
430 22 48
431 22 50
432 22 52
433 22 56
434 22 58
435 22 60
436 23 0
437 23 2
438 23 3
439 23 13
440 23 14
441 23 15
442 23 16
443 23 17
444 23 24
445 23 32
446 23 34
447 23 36
448 23 37
449 23 40
450 23 43
451 23 44
452 23 45
453 23 48
454 23 50
455 23 52
456 23 56
457 23 58
458 24 1
459 24 13
460 24 17
461 24 24
462 24 32
463 24 34
464 24 36
465 24 37
466 24 40
467 24 41
468 24 42
469 24 43
470 24 44
471 24 45
472 24 48
473 24 50
474 24 52
475 24 56
476 24 58
477 25 2
478 25 3
479 25 13
480 25 17
481 25 24
482 25 32
483 25 34
484 25 36
485 25 37
486 25 39
487 25 45
488 25 48
489 25 50
490 25 52
491 25 56
492 25 58
493 26 2
494 26 3
495 26 13
496 26 17
497 26 27
498 26 28
499 26 29
500 26 30
501 26 31
502 26 33
503 26 34
504 26 36
505 26 37
506 26 39
507 26 45
508 26 48
509 26 49
510 26 50
511 26 52
512 26 56
513 26 58
514 27 2
515 27 3
516 27 10
517 27 11
518 27 12
519 27 17
520 27 24
521 27 25
522 27 26
523 27 33
524 27 34
525 27 36
526 27 37
527 27 39
528 27 46
529 27 47
530 27 49
531 27 52
532 27 56
533 27 58
534 28 2
535 28 3
536 28 6
537 28 7
538 28 8
539 28 9
540 28 17
541 28 19
542 28 25
543 28 26
544 28 33
545 28 34
546 28 36
547 28 37
548 28 39
549 28 46
550 28 49
551 28 52
552 28 56
553 28 58
554 29 2
555 29 4
556 29 5
557 29 9
558 29 17
559 29 19
560 29 25
561 29 26
562 29 33
563 29 34
564 29 39
565 29 46
566 29 49
567 29 52
568 29 53
569 29 56
570 29 57
571 29 58
572 30 2
573 30 5
574 30 9
575 30 17
576 30 19
577 30 20
578 30 21
579 30 22
580 30 23
581 30 24
582 30 32
583 30 34
584 30 39
585 30 46
586 30 49
587 30 52
588 30 54
589 30 55
590 30 59
591 30 60
592 31 3
593 31 4
594 31 5
595 31 9
596 31 17
597 31 31
598 31 33
599 31 35
600 31 36
601 31 37
602 31 40
603 31 41
604 31 42
605 31 43
606 31 46
607 31 47
608 31 48
609 31 49
610 31 52
611 31 55
612 31 59
613 31 60
614 32 2
615 32 6
616 32 7
617 32 8
618 32 9
619 32 10
620 32 11
621 32 12
622 32 13
623 32 14
624 32 15
625 32 16
626 32 17
627 32 24
628 32 25
629 32 26
630 32 31
631 32 33
632 32 36
633 32 37
634 32 40
635 32 43
636 32 52
637 32 55
638 32 59
639 32 60
640 33 2
641 33 23
642 33 26
643 33 31
644 33 33
645 33 35
646 33 40
647 33 44
648 33 52
649 33 55
650 33 59
651 33 60
652 34 2
653 34 23
654 34 26
655 34 31
656 34 33
657 34 35
658 34 40
659 34 41
660 34 42
661 34 43
662 34 44
663 34 52
664 34 55
665 34 59
666 34 60
667 35 2
668 35 3
669 35 19
670 35 20
671 35 21
672 35 22
673 35 24
674 35 25
675 35 27
676 35 31
677 35 33
678 35 35
679 35 40
680 35 52
681 35 53
682 35 54
683 35 55
684 35 59
685 35 60
686 36 2
687 36 3
688 36 12
689 36 19
690 36 25
691 36 27
692 36 30
693 36 31
694 36 33
695 36 34
696 36 35
697 36 41
698 36 42
699 36 43
700 36 44
701 36 46
702 36 47
703 36 48
704 36 49
705 36 50
706 36 51
707 36 59
708 36 60
709 37 2
710 37 3
711 37 12
712 37 19
713 37 20
714 37 21
715 37 22
716 37 23
717 37 25
718 37 27
719 37 30
720 37 32
721 37 38
722 37 39
723 37 40
724 37 41
725 37 44
726 37 46
727 37 51
728 37 59
729 37 60
730 38 2
731 38 3
732 38 6
733 38 12
734 38 16
735 38 17
736 38 18
737 38 24
738 38 25
739 38 26
740 38 28
741 38 30
742 38 32
743 38 38
744 38 39
745 38 42
746 38 44
747 38 46
748 38 50
749 38 51
750 38 56
751 38 57
752 38 58
753 38 60
754 39 2
755 39 3
756 39 6
757 39 12
758 39 16
759 39 17
760 39 18
761 39 21
762 39 22
763 39 23
764 39 27
765 39 28
766 39 30
767 39 31
768 39 32
769 39 33
770 39 34
771 39 35
772 39 36
773 39 37
774 39 39
775 39 42
776 39 44
777 39 46
778 39 49
779 39 56
780 39 60
781 40 7
782 40 8
783 40 12
784 40 21
785 40 23
786 40 27
787 40 29
788 40 38
789 40 39
790 40 42
791 40 44
792 40 46
793 40 49
794 40 56
795 40 57
796 40 58
797 40 59
798 40 60
799 41 7
800 41 8
801 41 12
802 41 21
803 41 22
804 41 23
805 41 27
806 41 28
807 41 29
808 41 38
809 41 39
810 41 42
811 41 44
812 41 46
813 41 49
814 42 0
815 42 1
816 42 2
817 42 3
818 42 4
819 42 5
820 42 7
821 42 8
822 42 9
823 42 10
824 42 11
825 42 13
826 42 14
827 42 15
828 42 16
829 42 17
830 42 18
831 42 19
832 42 20
833 42 24
834 42 25
835 42 26
836 42 33
837 42 34
838 42 38
839 42 39
840 42 42
841 42 44
842 42 46
843 42 49
844 43 0
845 43 2
846 43 6
847 43 12
848 43 20
849 43 21
850 43 33
851 43 34
852 43 38
853 43 40
854 43 41
855 43 42
856 43 43
857 43 44
858 43 46
859 43 49
860 43 52
861 43 53
862 43 56
863 43 57
864 43 58
865 44 0
866 44 2
867 44 6
868 44 12
869 44 18
870 44 19
871 44 22
872 44 23
873 44 24
874 44 25
875 44 26
876 44 33
877 44 34
878 44 38
879 44 44
880 44 45
881 44 49
882 44 56
883 44 58
884 45 0
885 45 2
886 45 6
887 45 7
888 45 8
889 45 9
890 45 12
891 45 18
892 45 19
893 45 22
894 45 26
895 45 33
896 45 34
897 45 38
898 45 44
899 45 45
900 45 46
901 45 47
902 45 48
903 45 49
904 45 56
905 45 58
906 46 0
907 46 1
908 46 2
909 46 6
910 46 7
911 46 9
912 46 11
913 46 13
914 46 14
915 46 15
916 46 16
917 46 17
918 46 20
919 46 21
920 46 26
921 46 28
922 46 29
923 46 30
924 46 33
925 46 35
926 46 36
927 46 37
928 46 56
929 46 58
930 47 3
931 47 4
932 47 5
933 47 8
934 47 9
935 47 11
936 47 13
937 47 14
938 47 17
939 47 20
940 47 26
941 47 28
942 47 30
943 47 33
944 47 34
945 47 35
946 47 36
947 47 37
948 47 56
949 47 58
950 48 3
951 48 5
952 48 8
953 48 9
954 48 12
955 48 15
956 48 16
957 48 18
958 48 19
959 48 20
960 48 21
961 48 22
962 48 23
963 48 24
964 48 25
965 48 26
966 48 28
967 48 29
968 48 30
969 48 31
970 48 32
971 48 38
972 48 39
973 48 55
974 48 56
975 48 58
976 49 0
977 49 1
978 49 2
979 49 5
980 49 12
981 49 15
982 49 17
983 49 27
984 49 33
985 49 34
986 49 35
987 49 36
988 49 37
989 49 44
990 49 45
991 49 46
992 49 52
993 49 53
994 49 54
995 49 57
996 49 58
997 50 0
998 50 1
999 50 2
1000 50 5
1001 50 12
1002 50 15
1003 50 16
1004 50 18
1005 50 19
1006 50 20
1007 50 27
1008 50 30
1009 50 31
1010 50 32
1011 50 38
1012 50 39
1013 50 40
1014 50 41
1015 50 42
1016 50 43
1017 50 52
1018 50 54
1019 50 59
1020 50 60
1021 51 0
1022 51 3
1023 51 5
1024 51 12
1025 51 15
1026 51 16
1027 51 18
1028 51 19
1029 51 20
1030 51 27
1031 51 30
1032 51 31
1033 51 32
1034 51 38
1035 51 43
1036 51 52
1037 51 53
1038 51 54
1039 51 59
1040 51 60
1041 52 4
1042 52 5
1043 52 12
1044 52 13
1045 52 14
1046 52 21
1047 52 22
1048 52 23
1049 52 24
1050 52 27
1051 52 30
1052 52 33
1053 52 34
1054 52 35
1055 52 36
1056 52 37
1057 52 43
1058 52 48
1059 52 49
1060 52 50
1061 52 51
1062 52 55
1063 52 56
1064 52 57
1065 52 58
1066 53 4
1067 53 5
1068 53 12
1069 53 14
1070 53 21
1071 53 22
1072 53 23
1073 53 24
1074 53 27
1075 53 28
1076 53 29
1077 53 30
1078 53 33
1079 53 41
1080 53 43
1081 53 48
1082 53 51
1083 53 55
1084 53 58
1085 54 4
1086 54 6
1087 54 7
1088 54 13
1089 54 14
1090 54 15
1091 54 16
1092 54 17
1093 54 18
1094 54 19
1095 54 20
1096 54 27
1097 54 30
1098 54 33
1099 54 40
1100 54 42
1101 54 43
1102 54 47
1103 54 51
1104 54 55
1105 54 59
1106 54 60
1107 55 4
1108 55 5
1109 55 8
1110 55 9
1111 55 10
1112 55 12
1113 55 18
1114 55 19
1115 55 20
1116 55 21
1117 55 22
1118 55 23
1119 55 24
1120 55 25
1121 55 26
1122 55 30
1123 55 33
1124 55 40
1125 55 42
1126 55 43
1127 55 47
1128 55 48
1129 55 49
1130 55 50
1131 55 51
1132 55 55
1133 55 60
1134 56 4
1135 56 5
1136 56 13
1137 56 14
1138 56 15
1139 56 16
1140 56 17
1141 56 22
1142 56 30
1143 56 33
1144 56 40
1145 56 45
1146 56 46
1147 56 52
1148 56 53
1149 56 54
1150 56 60
1151 57 10
1152 57 11
1153 57 12
1154 57 13
1155 57 15
1156 57 16
1157 57 17
1158 57 22
1159 57 30
1160 57 33
1161 57 34
1162 57 35
1163 57 36
1164 57 37
1165 57 38
1166 57 39
1167 57 40
1168 57 45
1169 57 46
1170 57 48
1171 57 52
1172 57 57
1173 57 58
1174 57 60
1175 58 14
1176 58 18
1177 58 22
1178 58 30
1179 58 41
1180 58 45
1181 58 47
1182 58 48
1183 58 52
1184 58 56
1185 58 59
1186 58 60
1187 59 13
1188 59 15
1189 59 16
1190 59 17
1191 59 22
1192 59 31
1193 59 32
1194 59 33
1195 59 34
1196 59 35
1197 59 36
1198 59 37
1199 59 41
1200 59 45
1201 59 46
1202 59 47
1203 59 48
1204 59 52
1205 59 53
1206 59 54
1207 59 55
1208 59 56
1209 59 59
1210 59 60
1211 60 13
1212 60 14
1213 60 15
1214 60 16
1215 60 17
1216 60 22
1217 60 23
1218 60 24
1219 60 25
1220 60 26
1221 60 27
1222 60 28
1223 60 29
1224 60 30
1225 60 31
1226 60 32
1227 60 33
1228 60 34
1229 60 35
1230 60 36
1231 60 37
1232 60 41
1233 60 43
1234 60 44
1235 60 49
1236 60 50
1237 60 51
1238 60 59
1239 60 60
