5151
0 0 0
1 0 1
2 0 2
3 0 4
4 0 5
5 0 6
6 0 7
7 0 8
8 0 9
9 0 10
10 0 11
11 0 12
12 0 13
13 0 55
14 0 56
15 0 57
16 0 59
17 0 60
18 0 61
19 0 62
20 0 63
21 0 64
22 0 65
23 0 66
24 0 67
25 0 68
26 0 69
27 0 70
28 0 71
29 0 72
30 0 73
31 0 74
32 0 75
33 0 76
34 0 77
35 0 78
36 0 79
37 0 80
38 0 81
39 0 82
40 0 83
41 0 84
42 0 85
43 0 86
44 0 87
45 0 88
46 0 89
47 0 90
48 0 91
49 0 92
50 0 93
51 0 94
52 0 95
53 0 96
54 0 97
55 0 98
56 0 99
57 0 100
58 0 101
59 0 102
60 0 103
61 0 104
62 0 105
63 0 106
64 0 107
65 0 108
66 0 109
67 0 110
68 0 111
69 0 112
70 0 113
71 0 114
72 0 115
73 1 0
74 1 2
75 1 4
76 1 5
77 1 6
78 1 7
79 1 8
80 1 9
81 1 10
82 1 11
83 1 12
84 1 13
85 1 53
86 1 54
87 1 57
88 1 59
89 1 60
90 1 61
91 1 62
92 1 63
93 1 64
94 1 115
95 2 1
96 2 2
97 2 4
98 2 39
99 2 40
100 2 41
101 2 42
102 2 43
103 2 44
104 2 53
105 2 57
106 2 65
107 2 103
108 2 104
109 2 105
110 2 106
111 2 107
112 2 108
113 2 109
114 2 110
115 2 111
116 2 112
117 2 113
118 2 114
119 2 115
120 2 144
121 2 145
122 2 146
123 2 147
124 2 148
125 2 149
126 2 150
127 3 1
128 3 2
129 3 4
130 3 39
131 3 45
132 3 46
133 3 47
134 3 48
135 3 49
136 3 54
137 3 58
138 3 65
139 3 66
140 3 67
141 3 68
142 3 69
143 3 70
144 3 71
145 3 72
146 3 73
147 3 74
148 3 75
149 3 76
150 3 102
151 3 144
152 3 150
153 3 159
154 3 160
155 4 1
156 4 2
157 4 5
158 4 6
159 4 7
160 4 8
161 4 9
162 4 10
163 4 11
164 4 12
165 4 13
166 4 14
167 4 15
168 4 16
169 4 17
170 4 18
171 4 19
172 4 20
173 4 21
174 4 22
175 4 23
176 4 24
177 4 25
178 4 26
179 4 27
180 4 28
181 4 29
182 4 39
183 4 49
184 4 54
185 4 59
186 4 60
187 4 61
188 4 62
189 4 63
190 4 64
191 4 77
192 4 78
193 4 79
194 4 80
195 4 81
196 4 82
197 4 83
198 4 84
199 4 85
200 4 86
201 4 87
202 4 88
203 4 89
204 4 90
205 4 91
206 4 102
207 4 112
208 4 113
209 4 114
210 4 115
211 4 116
212 4 117
213 4 118
214 4 119
215 4 120
216 4 121
217 4 122
218 4 123
219 4 124
220 4 125
221 4 126
222 4 127
223 4 128
224 4 129
225 4 130
226 4 131
227 4 132
228 4 133
229 4 134
230 4 135
231 4 136
232 4 137
233 4 138
234 4 139
235 4 140
236 4 141
237 4 142
238 4 143
239 4 150
240 4 159
241 4 160
242 5 1
243 5 15
244 5 29
245 5 39
246 5 49
247 5 54
248 5 64
249 5 92
250 5 93
251 5 94
252 5 95
253 5 96
254 5 97
255 5 98
256 5 99
257 5 100
258 5 101
259 5 102
260 5 112
261 5 113
262 5 114
263 5 115
264 5 116
265 5 117
266 5 118
267 5 119
268 5 120
269 5 121
270 5 122
271 5 123
272 5 124
273 5 125
274 5 126
275 5 129
276 5 130
277 5 131
278 5 132
279 5 133
280 5 134
281 5 135
282 5 136
283 5 137
284 5 138
285 5 139
286 5 140
287 5 141
288 5 142
289 5 143
290 5 144
291 5 145
292 5 146
293 5 147
294 5 148
295 5 149
296 5 150
297 5 151
298 5 152
299 5 153
300 5 154
301 5 159
302 5 160
303 6 1
304 6 15
305 6 30
306 6 31
307 6 32
308 6 33
309 6 34
310 6 35
311 6 36
312 6 37
313 6 38
314 6 49
315 6 54
316 6 64
317 6 105
318 6 106
319 6 107
320 6 108
321 6 109
322 6 110
323 6 111
324 6 157
325 6 158
326 6 160
327 7 1
328 7 15
329 7 49
330 7 54
331 7 64
332 7 109
333 7 111
334 7 157
335 7 158
336 7 159
337 7 160
338 8 1
339 8 15
340 8 48
341 8 49
342 8 54
343 8 64
344 8 109
345 8 111
346 8 123
347 8 124
348 8 125
349 8 126
350 8 129
351 8 130
352 8 131
353 8 132
354 8 133
355 8 134
356 8 135
357 8 140
358 8 142
359 8 143
360 8 144
361 8 145
362 8 146
363 8 147
364 8 148
365 9 1
366 9 14
367 9 47
368 9 50
369 9 51
370 9 52
371 9 53
372 9 65
373 9 66
374 9 67
375 9 68
376 9 69
377 9 70
378 9 71
379 9 72
380 9 73
381 9 74
382 9 75
383 9 76
384 9 77
385 9 78
386 9 79
387 9 80
388 9 81
389 9 82
390 9 83
391 9 84
392 9 85
393 9 86
394 9 87
395 9 88
396 9 89
397 9 90
398 9 91
399 9 92
400 9 93
401 9 94
402 9 95
403 9 96
404 9 97
405 9 98
406 9 99
407 9 100
408 9 101
409 9 109
410 9 110
411 9 111
412 9 112
413 9 123
414 9 126
415 9 129
416 9 130
417 9 131
418 9 132
419 9 133
420 9 134
421 9 135
422 9 140
423 9 142
424 9 148
425 10 1
426 10 14
427 10 47
428 10 50
429 10 62
430 10 63
431 10 64
432 10 65
433 10 66
434 10 67
435 10 68
436 10 69
437 10 70
438 10 71
439 10 72
440 10 73
441 10 74
442 10 75
443 10 76
444 10 77
445 10 78
446 10 79
447 10 80
448 10 81
449 10 82
450 10 83
451 10 84
452 10 85
453 10 86
454 10 87
455 10 88
456 10 89
457 10 101
458 10 123
459 10 125
460 10 140
461 10 142
462 10 148
463 11 1
464 11 2
465 11 5
466 11 10
467 11 11
468 11 12
469 11 13
470 11 47
471 11 50
472 11 61
473 11 90
474 11 91
475 11 92
476 11 93
477 11 94
478 11 95
479 11 96
480 11 97
481 11 98
482 11 99
483 11 100
484 11 101
485 11 123
486 11 124
487 11 125
488 11 140
489 11 142
490 11 149
491 11 150
492 11 151
493 11 152
494 11 153
495 11 154
496 11 155
497 11 156
498 11 157
499 11 158
500 11 159
501 12 1
502 12 2
503 12 5
504 12 10
505 12 11
506 12 12
507 12 13
508 12 14
509 12 15
510 12 16
511 12 17
512 12 47
513 12 50
514 12 51
515 12 52
516 12 53
517 12 61
518 12 129
519 12 130
520 12 131
521 12 132
522 12 133
523 12 134
524 12 135
525 12 136
526 12 137
527 12 138
528 12 140
529 12 160
530 13 1
531 13 2
532 13 5
533 13 6
534 13 7
535 13 8
536 13 9
537 13 18
538 13 47
539 13 54
540 13 61
541 13 129
542 13 135
543 13 136
544 13 137
545 13 138
546 13 140
547 13 160
548 14 1
549 14 2
550 14 5
551 14 9
552 14 18
553 14 47
554 14 54
555 14 62
556 14 63
557 14 64
558 14 65
559 14 66
560 14 67
561 14 69
562 14 70
563 14 71
564 14 72
565 14 73
566 14 74
567 14 75
568 14 76
569 14 77
570 14 78
571 14 79
572 14 80
573 14 81
574 14 129
575 14 130
576 14 131
577 14 132
578 14 133
579 14 134
580 14 160
581 15 1
582 15 2
583 15 5
584 15 9
585 15 18
586 15 19
587 15 20
588 15 21
589 15 22
590 15 23
591 15 24
592 15 30
593 15 31
594 15 32
595 15 33
596 15 34
597 15 35
598 15 36
599 15 37
600 15 38
601 15 39
602 15 40
603 15 41
604 15 42
605 15 43
606 15 44
607 15 45
608 15 46
609 15 47
610 15 54
611 15 55
612 15 56
613 15 57
614 15 58
615 15 59
616 15 60
617 15 61
618 15 62
619 15 63
620 15 64
621 15 65
622 15 66
623 15 67
624 15 69
625 15 72
626 15 101
627 15 102
628 15 103
629 15 104
630 15 105
631 15 160
632 16 1
633 16 2
634 16 5
635 16 9
636 16 25
637 16 29
638 16 48
639 16 49
640 16 50
641 16 69
642 16 72
643 16 101
644 16 105
645 16 112
646 16 160
647 17 1
648 17 2
649 17 5
650 17 9
651 17 25
652 17 29
653 17 33
654 17 34
655 17 35
656 17 48
657 17 50
658 17 69
659 17 72
660 17 101
661 17 105
662 17 112
663 17 160
664 18 1
665 18 2
666 18 5
667 18 10
668 18 11
669 18 12
670 18 25
671 18 29
672 18 33
673 18 35
674 18 48
675 18 50
676 18 69
677 18 72
678 18 101
679 18 105
680 18 112
681 18 113
682 18 114
683 18 115
684 18 116
685 18 117
686 18 129
687 18 130
688 18 131
689 18 132
690 18 133
691 18 134
692 18 149
693 18 150
694 18 151
695 18 152
696 18 153
697 18 154
698 18 155
699 18 156
700 18 157
701 18 158
702 18 159
703 19 1
704 19 2
705 19 5
706 19 12
707 19 25
708 19 29
709 19 33
710 19 35
711 19 48
712 19 50
713 19 69
714 19 70
715 19 71
716 19 72
717 19 95
718 19 96
719 19 97
720 19 98
721 19 99
722 19 100
723 19 105
724 19 160
725 20 1
726 20 2
727 20 5
728 20 12
729 20 25
730 20 26
731 20 27
732 20 28
733 20 29
734 20 33
735 20 35
736 20 48
737 20 50
738 20 95
739 20 105
740 20 149
741 20 150
742 20 151
743 20 152
744 21 1
745 21 2
746 21 5
747 21 13
748 21 14
749 21 15
750 21 16
751 21 17
752 21 18
753 21 19
754 21 20
755 21 21
756 21 22
757 21 23
758 21 24
759 21 30
760 21 31
761 21 32
762 21 33
763 21 34
764 21 35
765 21 48
766 21 49
767 21 50
768 21 95
769 21 96
770 21 97
771 21 98
772 21 99
773 21 100
774 21 101
775 21 102
776 21 103
777 21 104
778 21 105
779 21 129
780 21 142
781 21 143
782 21 144
783 21 145
784 21 146
785 21 147
786 21 148
787 21 153
788 21 154
789 21 155
790 21 157
791 21 158
792 21 159
793 21 160
794 22 1
795 22 2
796 22 5
797 22 15
798 22 16
799 22 17
800 22 18
801 22 36
802 22 37
803 22 38
804 22 39
805 22 40
806 22 41
807 22 42
808 22 43
809 22 44
810 22 45
811 22 46
812 22 47
813 22 51
814 22 52
815 22 53
816 22 54
817 22 55
818 22 56
819 22 57
820 22 58
821 22 59
822 22 60
823 22 61
824 22 62
825 22 63
826 22 64
827 22 65
828 22 66
829 22 67
830 22 68
831 22 69
832 22 70
833 22 71
834 22 72
835 22 73
836 22 74
837 22 75
838 22 76
839 22 77
840 22 78
841 22 79
842 22 80
843 22 81
844 22 82
845 22 83
846 22 84
847 22 85
848 22 86
849 22 87
850 22 88
851 22 89
852 22 90
853 22 91
854 22 92
855 22 93
856 22 94
857 22 142
858 22 143
859 22 144
860 22 153
861 22 156
862 22 160
863 23 1
864 23 2
865 23 5
866 23 11
867 23 12
868 23 13
869 23 14
870 23 36
871 23 47
872 23 51
873 23 94
874 23 142
875 23 153
876 23 156
877 23 160
878 24 1
879 24 2
880 24 5
881 24 10
882 24 36
883 24 37
884 24 38
885 24 39
886 24 40
887 24 41
888 24 42
889 24 43
890 24 44
891 24 45
892 24 46
893 24 47
894 24 51
895 24 54
896 24 55
897 24 56
898 24 57
899 24 58
900 24 59
901 24 60
902 24 61
903 24 62
904 24 63
905 24 64
906 24 65
907 24 66
908 24 67
909 24 68
910 24 69
911 24 70
912 24 71
913 24 72
914 24 73
915 24 74
916 24 75
917 24 76
918 24 77
919 24 78
920 24 79
921 24 80
922 24 81
923 24 82
924 24 83
925 24 84
926 24 85
927 24 86
928 24 87
929 24 88
930 24 89
931 24 90
932 24 94
933 24 98
934 24 99
935 24 100
936 24 101
937 24 102
938 24 103
939 24 104
940 24 105
941 24 112
942 24 113
943 24 114
944 24 115
945 24 116
946 24 117
947 24 118
948 24 119
949 24 120
950 24 124
951 24 125
952 24 126
953 24 127
954 24 128
955 24 132
956 24 133
957 24 134
958 24 135
959 24 136
960 24 137
961 24 138
962 24 139
963 24 140
964 24 141
965 24 150
966 24 151
967 24 152
968 24 153
969 24 156
970 24 160
971 25 1
972 25 2
973 25 5
974 25 10
975 25 51
976 25 53
977 25 91
978 25 92
979 25 93
980 25 94
981 25 98
982 25 105
983 25 112
984 25 113
985 25 114
986 25 115
987 25 116
988 25 117
989 25 118
990 25 119
991 25 120
992 25 124
993 25 128
994 25 132
995 25 141
996 25 150
997 25 153
998 25 156
999 25 160
1000 26 3
1001 26 4
1002 26 6
1003 26 10
1004 26 51
1005 26 53
1006 26 88
1007 26 89
1008 26 90
1009 26 98
1010 26 105
1011 26 121
1012 26 122
1013 26 124
1014 26 128
1015 26 132
1016 26 135
1017 26 136
1018 26 137
1019 26 138
1020 26 139
1021 26 140
1022 26 141
1023 26 150
1024 26 151
1025 26 152
1026 26 153
1027 26 156
1028 26 160
1029 27 3
1030 27 4
1031 27 6
1032 27 11
1033 27 12
1034 27 13
1035 27 14
1036 27 15
1037 27 16
1038 27 17
1039 27 18
1040 27 19
1041 27 20
1042 27 21
1043 27 22
1044 27 23
1045 27 24
1046 27 25
1047 27 26
1048 27 27
1049 27 28
1050 27 29
1051 27 30
1052 27 31
1053 27 32
1054 27 33
1055 27 34
1056 27 35
1057 27 36
1058 27 37
1059 27 38
1060 27 39
1061 27 40
1062 27 41
1063 27 42
1064 27 43
1065 27 44
1066 27 45
1067 27 46
1068 27 47
1069 27 51
1070 27 53
1071 27 88
1072 27 90
1073 27 98
1074 27 99
1075 27 100
1076 27 101
1077 27 102
1078 27 103
1079 27 104
1080 27 105
1081 27 121
1082 27 122
1083 27 124
1084 27 128
1085 27 132
1086 27 134
1087 27 142
1088 27 143
1089 27 144
1090 27 145
1091 27 146
1092 27 147
1093 27 148
1094 27 149
1095 27 156
1096 27 160
1097 28 3
1098 28 4
1099 28 6
1100 28 7
1101 28 8
1102 28 9
1103 28 10
1104 28 11
1105 28 12
1106 28 13
1107 28 14
1108 28 15
1109 28 16
1110 28 17
1111 28 18
1112 28 19
1113 28 20
1114 28 36
1115 28 47
1116 28 51
1117 28 53
1118 28 88
1119 28 91
1120 28 92
1121 28 93
1122 28 94
1123 28 109
1124 28 110
1125 28 111
1126 28 112
1127 28 113
1128 28 114
1129 28 115
1130 28 116
1131 28 117
1132 28 118
1133 28 119
1134 28 120
1135 28 122
1136 28 124
1137 28 129
1138 28 130
1139 28 131
1140 28 134
1141 28 142
1142 28 147
1143 28 148
1144 28 149
1145 28 156
1146 28 160
1147 29 0
1148 29 1
1149 29 5
1150 29 20
1151 29 36
1152 29 47
1153 29 51
1154 29 53
1155 29 54
1156 29 55
1157 29 56
1158 29 57
1159 29 58
1160 29 59
1161 29 60
1162 29 61
1163 29 62
1164 29 63
1165 29 64
1166 29 65
1167 29 66
1168 29 67
1169 29 68
1170 29 69
1171 29 70
1172 29 71
1173 29 72
1174 29 73
1175 29 74
1176 29 88
1177 29 89
1178 29 90
1179 29 91
1180 29 92
1181 29 93
1182 29 94
1183 29 109
1184 29 110
1185 29 111
1186 29 112
1187 29 113
1188 29 114
1189 29 115
1190 29 116
1191 29 117
1192 29 118
1193 29 119
1194 29 120
1195 29 121
1196 29 122
1197 29 124
1198 29 125
1199 29 126
1200 29 127
1201 29 128
1202 29 129
1203 29 130
1204 29 131
1205 29 132
1206 29 133
1207 29 134
1208 29 142
1209 29 143
1210 29 144
1211 29 145
1212 29 146
1213 29 156
1214 29 160
1215 30 0
1216 30 1
1217 30 5
1218 30 16
1219 30 17
1220 30 18
1221 30 19
1222 30 20
1223 30 36
1224 30 47
1225 30 51
1226 30 52
1227 30 98
1228 30 99
1229 30 100
1230 30 101
1231 30 102
1232 30 103
1233 30 104
1234 30 105
1235 30 123
1236 30 147
1237 30 148
1238 30 149
1239 30 156
1240 30 160
1241 31 0
1242 31 1
1243 31 5
1244 31 16
1245 31 20
1246 31 36
1247 31 47
1248 31 51
1249 31 52
1250 31 147
1251 31 148
1252 31 149
1253 31 156
1254 31 157
1255 31 158
1256 31 159
1257 31 160
1258 32 0
1259 32 1
1260 32 5
1261 32 16
1262 32 20
1263 32 36
1264 32 37
1265 32 38
1266 32 39
1267 32 40
1268 32 41
1269 32 42
1270 32 43
1271 32 44
1272 32 45
1273 32 46
1274 32 47
1275 32 51
1276 32 52
1277 32 98
1278 32 99
1279 32 100
1280 32 101
1281 32 102
1282 32 103
1283 32 104
1284 32 105
1285 32 123
1286 32 138
1287 32 139
1288 32 140
1289 32 141
1290 32 142
1291 32 143
1292 32 144
1293 32 145
1294 32 146
1295 32 150
1296 32 151
1297 32 152
1298 32 153
1299 32 154
1300 32 155
1301 33 0
1302 33 1
1303 33 5
1304 33 10
1305 33 11
1306 33 12
1307 33 13
1308 33 14
1309 33 15
1310 33 21
1311 33 22
1312 33 23
1313 33 24
1314 33 25
1315 33 26
1316 33 27
1317 33 33
1318 33 34
1319 33 35
1320 33 48
1321 33 49
1322 33 50
1323 33 53
1324 33 54
1325 33 55
1326 33 56
1327 33 57
1328 33 58
1329 33 88
1330 33 89
1331 33 90
1332 33 91
1333 33 92
1334 33 93
1335 33 94
1336 33 95
1337 33 96
1338 33 97
1339 33 109
1340 33 110
1341 33 113
1342 33 114
1343 33 115
1344 33 116
1345 33 117
1346 33 122
1347 33 124
1348 33 125
1349 33 126
1350 33 127
1351 33 128
1352 33 129
1353 33 130
1354 33 139
1355 33 142
1356 33 145
1357 33 147
1358 33 148
1359 33 149
1360 33 151
1361 33 155
1362 34 0
1363 34 1
1364 34 5
1365 34 10
1366 34 27
1367 34 33
1368 34 35
1369 34 48
1370 34 50
1371 34 88
1372 34 97
1373 34 109
1374 34 110
1375 34 113
1376 34 117
1377 34 122
1378 34 124
1379 34 127
1380 34 139
1381 34 142
1382 34 145
1383 34 149
1384 34 151
1385 34 155
1386 35 0
1387 35 1
1388 35 5
1389 35 10
1390 35 27
1391 35 33
1392 35 35
1393 35 48
1394 35 49
1395 35 50
1396 35 77
1397 35 78
1398 35 79
1399 35 80
1400 35 81
1401 35 82
1402 35 83
1403 35 84
1404 35 88
1405 35 90
1406 35 91
1407 35 92
1408 35 93
1409 35 94
1410 35 95
1411 35 96
1412 35 97
1413 35 109
1414 35 110
1415 35 113
1416 35 117
1417 35 122
1418 35 124
1419 35 125
1420 35 126
1421 35 127
1422 35 139
1423 35 142
1424 35 145
1425 35 149
1426 35 151
1427 35 155
1428 36 0
1429 36 2
1430 36 5
1431 36 10
1432 36 24
1433 36 25
1434 36 27
1435 36 33
1436 36 35
1437 36 51
1438 36 52
1439 36 53
1440 36 54
1441 36 55
1442 36 77
1443 36 84
1444 36 88
1445 36 89
1446 36 109
1447 36 110
1448 36 113
1449 36 114
1450 36 115
1451 36 116
1452 36 117
1453 36 139
1454 36 140
1455 36 141
1456 36 142
1457 36 145
1458 36 150
1459 36 155
1460 37 0
1461 37 2
1462 37 5
1463 37 10
1464 37 23
1465 37 26
1466 37 27
1467 37 33
1468 37 34
1469 37 35
1470 37 51
1471 37 52
1472 37 53
1473 37 54
1474 37 55
1475 37 77
1476 37 78
1477 37 79
1478 37 80
1479 37 81
1480 37 84
1481 37 88
1482 37 89
1483 37 111
1484 37 112
1485 37 145
1486 37 155
1487 38 0
1488 38 2
1489 38 5
1490 38 10
1491 38 23
1492 38 26
1493 38 28
1494 38 29
1495 38 33
1496 38 36
1497 38 37
1498 38 38
1499 38 39
1500 38 40
1501 38 41
1502 38 42
1503 38 43
1504 38 44
1505 38 45
1506 38 46
1507 38 47
1508 38 82
1509 38 84
1510 38 88
1511 38 89
1512 38 111
1513 38 112
1514 38 145
1515 38 155
1516 39 0
1517 39 1
1518 39 2
1519 39 5
1520 39 10
1521 39 15
1522 39 16
1523 39 17
1524 39 18
1525 39 19
1526 39 20
1527 39 21
1528 39 22
1529 39 23
1530 39 26
1531 39 27
1532 39 28
1533 39 29
1534 39 33
1535 39 37
1536 39 47
1537 39 82
1538 39 84
1539 39 88
1540 39 89
1541 39 108
1542 39 109
1543 39 110
1544 39 111
1545 39 112
1546 39 130
1547 39 139
1548 39 140
1549 39 141
1550 39 142
1551 39 143
1552 39 144
1553 39 145
1554 39 146
1555 39 147
1556 39 148
1557 39 156
1558 39 157
1559 39 158
1560 39 159
1561 39 160
1562 40 0
1563 40 2
1564 40 5
1565 40 10
1566 40 14
1567 40 24
1568 40 25
1569 40 30
1570 40 31
1571 40 32
1572 40 33
1573 40 37
1574 40 47
1575 40 82
1576 40 85
1577 40 86
1578 40 87
1579 40 90
1580 40 91
1581 40 92
1582 40 93
1583 40 94
1584 40 95
1585 40 96
1586 40 97
1587 40 98
1588 40 99
1589 40 100
1590 40 101
1591 40 102
1592 40 103
1593 40 104
1594 40 105
1595 40 149
1596 40 160
1597 41 0
1598 41 2
1599 41 5
1600 41 10
1601 41 14
1602 41 24
1603 41 25
1604 41 30
1605 41 33
1606 41 37
1607 41 47
1608 41 82
1609 41 87
1610 41 90
1611 41 105
1612 41 149
1613 41 150
1614 41 151
1615 41 152
1616 41 153
1617 41 154
1618 41 155
1619 41 156
1620 41 157
1621 41 158
1622 41 159
1623 42 0
1624 42 2
1625 42 5
1626 42 10
1627 42 11
1628 42 12
1629 42 13
1630 42 14
1631 42 24
1632 42 25
1633 42 30
1634 42 33
1635 42 37
1636 42 47
1637 42 82
1638 42 87
1639 42 90
1640 42 105
1641 42 149
1642 43 0
1643 43 2
1644 43 5
1645 43 10
1646 43 24
1647 43 25
1648 43 30
1649 43 33
1650 43 37
1651 43 38
1652 43 39
1653 43 40
1654 43 41
1655 43 42
1656 43 43
1657 43 44
1658 43 45
1659 43 46
1660 43 47
1661 43 82
1662 43 87
1663 43 90
1664 43 105
1665 43 149
1666 44 0
1667 44 2
1668 44 11
1669 44 12
1670 44 13
1671 44 14
1672 44 15
1673 44 16
1674 44 17
1675 44 18
1676 44 19
1677 44 20
1678 44 24
1679 44 25
1680 44 30
1681 44 31
1682 44 32
1683 44 33
1684 44 34
1685 44 35
1686 44 36
1687 44 58
1688 44 59
1689 44 82
1690 44 86
1691 44 87
1692 44 90
1693 44 105
1694 44 108
1695 44 109
1696 44 110
1697 44 111
1698 44 112
1699 44 113
1700 44 114
1701 44 149
1702 44 150
1703 44 151
1704 45 0
1705 45 2
1706 45 11
1707 45 21
1708 45 22
1709 45 23
1710 45 26
1711 45 27
1712 45 28
1713 45 29
1714 45 37
1715 45 38
1716 45 39
1717 45 40
1718 45 41
1719 45 42
1720 45 43
1721 45 44
1722 45 45
1723 45 46
1724 45 47
1725 45 81
1726 45 85
1727 45 88
1728 45 89
1729 45 105
1730 45 108
1731 45 114
1732 45 149
1733 45 151
1734 46 0
1735 46 2
1736 46 11
1737 46 12
1738 46 13
1739 46 14
1740 46 15
1741 46 16
1742 46 17
1743 46 18
1744 46 19
1745 46 23
1746 46 26
1747 46 27
1748 46 28
1749 46 29
1750 46 37
1751 46 38
1752 46 39
1753 46 40
1754 46 41
1755 46 42
1756 46 43
1757 46 44
1758 46 45
1759 46 46
1760 46 47
1761 46 81
1762 46 82
1763 46 83
1764 46 84
1765 46 85
1766 46 88
1767 46 89
1768 46 90
1769 46 91
1770 46 92
1771 46 93
1772 46 94
1773 46 95
1774 46 96
1775 46 97
1776 46 98
1777 46 99
1778 46 100
1779 46 101
1780 46 102
1781 46 103
1782 46 105
1783 46 108
1784 46 109
1785 46 110
1786 46 111
1787 46 112
1788 46 113
1789 46 114
1790 46 149
1791 46 151
1792 47 0
1793 47 2
1794 47 5
1795 47 10
1796 47 20
1797 47 24
1798 47 25
1799 47 30
1800 47 31
1801 47 32
1802 47 33
1803 47 34
1804 47 35
1805 47 36
1806 47 48
1807 47 49
1808 47 58
1809 47 86
1810 47 87
1811 47 104
1812 47 105
1813 47 107
1814 47 115
1815 47 116
1816 47 117
1817 47 118
1818 47 119
1819 47 120
1820 47 121
1821 47 122
1822 47 123
1823 47 139
1824 47 140
1825 47 141
1826 47 142
1827 47 145
1828 47 146
1829 47 147
1830 47 148
1831 47 151
1832 48 0
1833 48 2
1834 48 5
1835 48 10
1836 48 20
1837 48 25
1838 48 30
1839 48 36
1840 48 48
1841 48 50
1842 48 51
1843 48 52
1844 48 56
1845 48 57
1846 48 59
1847 48 60
1848 48 61
1849 48 62
1850 48 63
1851 48 64
1852 48 65
1853 48 66
1854 48 67
1855 48 68
1856 48 86
1857 48 87
1858 48 104
1859 48 106
1860 48 115
1861 48 123
1862 48 139
1863 48 142
1864 48 145
1865 48 151
1866 49 0
1867 49 2
1868 49 5
1869 49 11
1870 49 12
1871 49 21
1872 49 25
1873 49 30
1874 49 36
1875 49 48
1876 49 52
1877 49 56
1878 49 57
1879 49 63
1880 49 68
1881 49 86
1882 49 87
1883 49 104
1884 49 106
1885 49 115
1886 49 123
1887 49 139
1888 49 142
1889 49 145
1890 49 151
1891 50 0
1892 50 2
1893 50 5
1894 50 11
1895 50 12
1896 50 21
1897 50 26
1898 50 27
1899 50 28
1900 50 30
1901 50 36
1902 50 48
1903 50 52
1904 50 56
1905 50 57
1906 50 63
1907 50 68
1908 50 71
1909 50 72
1910 50 73
1911 50 74
1912 50 86
1913 50 87
1914 50 104
1915 50 106
1916 50 115
1917 50 116
1918 50 117
1919 50 118
1920 50 119
1921 50 120
1922 50 121
1923 50 122
1924 50 123
1925 50 139
1926 50 142
1927 50 145
1928 50 151
1929 51 0
1930 51 2
1931 51 5
1932 51 11
1933 51 12
1934 51 21
1935 51 28
1936 51 30
1937 51 36
1938 51 48
1939 51 52
1940 51 56
1941 51 57
1942 51 63
1943 51 64
1944 51 65
1945 51 66
1946 51 67
1947 51 68
1948 51 71
1949 51 86
1950 51 87
1951 51 104
1952 51 106
1953 51 124
1954 51 125
1955 51 130
1956 51 139
1957 51 142
1958 51 145
1959 51 151
1960 52 0
1961 52 1
1962 52 5
1963 52 11
1964 52 12
1965 52 21
1966 52 28
1967 52 30
1968 52 36
1969 52 48
1970 52 52
1971 52 56
1972 52 57
1973 52 63
1974 52 104
1975 52 106
1976 52 124
1977 52 125
1978 52 130
1979 52 139
1980 52 142
1981 52 145
1982 52 151
1983 53 0
1984 53 1
1985 53 5
1986 53 11
1987 53 12
1988 53 21
1989 53 22
1990 53 23
1991 53 24
1992 53 25
1993 53 26
1994 53 27
1995 53 28
1996 53 30
1997 53 31
1998 53 32
1999 53 33
2000 53 34
2001 53 36
2002 53 48
2003 53 52
2004 53 56
2005 53 57
2006 53 63
2007 53 104
2008 53 106
2009 53 124
2010 53 125
2011 53 130
2012 53 139
2013 53 142
2014 53 145
2015 53 147
2016 53 148
2017 53 152
2018 53 153
2019 53 154
2020 53 155
2021 53 156
2022 53 157
2023 53 158
2024 53 159
2025 53 160
2026 54 0
2027 54 1
2028 54 2
2029 54 13
2030 54 14
2031 54 15
2032 54 16
2033 54 17
2034 54 18
2035 54 19
2036 54 20
2037 54 29
2038 54 35
2039 54 36
2040 54 48
2041 54 52
2042 54 56
2043 54 57
2044 54 63
2045 54 104
2046 54 105
2047 54 106
2048 54 107
2049 54 108
2050 54 109
2051 54 110
2052 54 111
2053 54 112
2054 54 113
2055 54 114
2056 54 115
2057 54 116
2058 54 117
2059 54 118
2060 54 119
2061 54 120
2062 54 121
2063 54 122
2064 54 123
2065 54 139
2066 54 140
2067 54 141
2068 54 142
2069 54 145
2070 54 146
2071 54 149
2072 54 150
2073 54 151
2074 54 152
2075 54 153
2076 54 154
2077 54 155
2078 54 156
2079 54 157
2080 54 158
2081 54 159
2082 54 160
2083 55 13
2084 55 20
2085 55 29
2086 55 35
2087 55 36
2088 55 48
2089 55 52
2090 55 58
2091 55 59
2092 55 60
2093 55 61
2094 55 62
2095 55 110
2096 55 111
2097 55 123
2098 55 143
2099 55 144
2100 55 147
2101 55 148
2102 56 0
2103 56 1
2104 56 2
2105 56 13
2106 56 20
2107 56 29
2108 56 35
2109 56 36
2110 56 48
2111 56 52
2112 56 58
2113 56 62
2114 56 112
2115 56 113
2116 56 114
2117 56 115
2118 56 116
2119 56 117
2120 56 118
2121 56 122
2122 56 123
2123 56 143
2124 56 144
2125 56 147
2126 56 148
2127 57 0
2128 57 2
2129 57 13
2130 57 20
2131 57 29
2132 57 35
2133 57 36
2134 57 48
2135 57 51
2136 57 53
2137 57 54
2138 57 58
2139 57 59
2140 57 60
2141 57 62
2142 57 119
2143 57 120
2144 57 121
2145 57 143
2146 57 144
2147 57 147
2148 57 148
2149 58 0
2150 58 2
2151 58 13
2152 58 20
2153 58 29
2154 58 35
2155 58 36
2156 58 48
2157 58 51
2158 58 53
2159 58 55
2160 58 56
2161 58 57
2162 58 61
2163 58 62
2164 58 143
2165 58 144
2166 58 147
2167 58 148
2168 59 0
2169 59 2
2170 59 13
2171 59 20
2172 59 29
2173 59 35
2174 59 36
2175 59 48
2176 59 51
2177 59 53
2178 59 57
2179 59 61
2180 59 62
2181 59 143
2182 59 144
2183 59 147
2184 59 148
2185 60 0
2186 60 2
2187 60 13
2188 60 14
2189 60 15
2190 60 16
2191 60 17
2192 60 18
2193 60 19
2194 60 20
2195 60 29
2196 60 35
2197 60 36
2198 60 42
2199 60 43
2200 60 44
2201 60 45
2202 60 46
2203 60 47
2204 60 51
2205 60 53
2206 60 57
2207 60 61
2208 60 62
2209 60 99
2210 60 143
2211 60 144
2212 60 147
2213 60 148
2214 61 0
2215 61 2
2216 61 35
2217 61 36
2218 61 42
2219 61 43
2220 61 44
2221 61 45
2222 61 46
2223 61 47
2224 61 48
2225 61 49
2226 61 51
2227 61 53
2228 61 57
2229 61 61
2230 61 62
2231 61 90
2232 61 91
2233 61 92
2234 61 93
2235 61 94
2236 61 95
2237 61 96
2238 61 99
2239 61 143
2240 61 144
2241 61 147
2242 61 148
2243 62 0
2244 62 2
2245 62 5
2246 62 13
2247 62 14
2248 62 37
2249 62 38
2250 62 39
2251 62 40
2252 62 41
2253 62 50
2254 62 51
2255 62 53
2256 62 57
2257 62 61
2258 62 62
2259 62 139
2260 62 140
2261 62 141
2262 62 142
2263 62 144
2264 62 147
2265 62 148
2266 63 0
2267 63 2
2268 63 13
2269 63 14
2270 63 38
2271 63 41
2272 63 50
2273 63 51
2274 63 53
2275 63 54
2276 63 57
2277 63 61
2278 63 62
2279 63 139
2280 63 144
2281 63 147
2282 63 148
2283 64 0
2284 64 2
2285 64 38
2286 64 41
2287 64 52
2288 64 55
2289 64 57
2290 64 61
2291 64 62
2292 64 139
2293 64 144
2294 64 147
2295 64 148
2296 65 0
2297 65 1
2298 65 2
2299 65 38
2300 65 40
2301 65 41
2302 65 52
2303 65 55
2304 65 56
2305 65 57
2306 65 61
2307 65 62
2308 65 99
2309 65 139
2310 65 144
2311 65 147
2312 65 148
2313 66 3
2314 66 4
2315 66 5
2316 66 13
2317 66 14
2318 66 15
2319 66 16
2320 66 17
2321 66 18
2322 66 38
2323 66 39
2324 66 42
2325 66 43
2326 66 44
2327 66 45
2328 66 46
2329 66 47
2330 66 58
2331 66 59
2332 66 60
2333 66 99
2334 66 139
2335 66 144
2336 66 147
2337 66 148
2338 67 3
2339 67 5
2340 67 13
2341 67 18
2342 67 38
2343 67 39
2344 67 42
2345 67 47
2346 67 99
2347 67 100
2348 67 101
2349 67 102
2350 67 103
2351 67 104
2352 67 105
2353 67 106
2354 67 107
2355 67 108
2356 67 109
2357 67 110
2358 67 111
2359 67 112
2360 67 113
2361 67 114
2362 67 115
2363 67 116
2364 67 117
2365 67 118
2366 67 119
2367 67 120
2368 67 121
2369 67 139
2370 67 140
2371 67 141
2372 67 142
2373 67 143
2374 67 144
2375 68 3
2376 68 5
2377 68 13
2378 68 18
2379 68 38
2380 68 39
2381 68 42
2382 68 47
2383 68 99
2384 68 100
2385 68 101
2386 68 102
2387 68 103
2388 68 104
2389 68 105
2390 68 106
2391 68 107
2392 68 108
2393 68 109
2394 68 110
2395 68 111
2396 68 112
2397 68 113
2398 68 114
2399 68 115
2400 68 116
2401 68 117
2402 68 118
2403 68 119
2404 68 120
2405 68 121
2406 68 135
2407 68 136
2408 68 137
2409 68 138
2410 68 144
2411 69 3
2412 69 5
2413 69 13
2414 69 14
2415 69 15
2416 69 16
2417 69 17
2418 69 18
2419 69 40
2420 69 41
2421 69 47
2422 69 92
2423 69 93
2424 69 94
2425 69 95
2426 69 96
2427 69 97
2428 69 98
2429 69 122
2430 69 123
2431 69 135
2432 69 138
2433 69 144
2434 70 3
2435 70 5
2436 70 40
2437 70 47
2438 70 92
2439 70 98
2440 70 122
2441 70 123
2442 70 135
2443 70 138
2444 70 144
2445 71 3
2446 71 5
2447 71 40
2448 71 47
2449 71 92
2450 71 98
2451 71 122
2452 71 123
2453 71 135
2454 71 138
2455 71 144
2456 72 3
2457 72 5
2458 72 40
2459 72 47
2460 72 61
2461 72 92
2462 72 98
2463 72 122
2464 72 123
2465 72 135
2466 72 137
2467 72 138
2468 72 144
2469 73 3
2470 73 5
2471 73 40
2472 73 47
2473 73 61
2474 73 92
2475 73 98
2476 73 122
2477 73 123
2478 73 135
2479 73 136
2480 73 139
2481 73 140
2482 73 145
2483 73 147
2484 73 148
2485 73 149
2486 73 150
2487 73 151
2488 73 152
2489 73 153
2490 73 154
2491 73 155
2492 73 156
2493 73 157
2494 73 158
2495 73 159
2496 73 160
2497 74 3
2498 74 5
2499 74 40
2500 74 41
2501 74 42
2502 74 43
2503 74 44
2504 74 45
2505 74 46
2506 74 48
2507 74 49
2508 74 50
2509 74 52
2510 74 55
2511 74 56
2512 74 57
2513 74 58
2514 74 59
2515 74 60
2516 74 62
2517 74 77
2518 74 78
2519 74 82
2520 74 83
2521 74 84
2522 74 85
2523 74 86
2524 74 87
2525 74 92
2526 74 98
2527 74 122
2528 74 123
2529 74 135
2530 74 136
2531 74 139
2532 74 140
2533 74 142
2534 74 143
2535 74 144
2536 74 147
2537 74 160
2538 75 3
2539 75 5
2540 75 47
2541 75 57
2542 75 58
2543 75 59
2544 75 60
2545 75 62
2546 75 75
2547 75 76
2548 75 78
2549 75 82
2550 75 87
2551 75 90
2552 75 91
2553 75 92
2554 75 93
2555 75 94
2556 75 95
2557 75 96
2558 75 97
2559 75 98
2560 75 122
2561 75 123
2562 75 135
2563 75 136
2564 75 139
2565 75 140
2566 75 142
2567 75 144
2568 75 147
2569 75 148
2570 75 149
2571 75 150
2572 75 151
2573 75 152
2574 75 153
2575 75 154
2576 75 155
2577 75 156
2578 75 157
2579 75 158
2580 75 159
2581 75 160
2582 76 3
2583 76 5
2584 76 47
2585 76 61
2586 76 75
2587 76 78
2588 76 82
2589 76 87
2590 76 99
2591 76 100
2592 76 101
2593 76 102
2594 76 103
2595 76 104
2596 76 105
2597 76 106
2598 76 107
2599 76 110
2600 76 111
2601 76 112
2602 76 113
2603 76 114
2604 76 115
2605 76 116
2606 76 117
2607 76 118
2608 76 119
2609 76 122
2610 76 123
2611 76 135
2612 76 136
2613 76 142
2614 76 145
2615 77 3
2616 77 5
2617 77 47
2618 77 61
2619 77 75
2620 77 76
2621 77 77
2622 77 78
2623 77 82
2624 77 87
2625 77 99
2626 77 107
2627 77 110
2628 77 119
2629 77 122
2630 77 123
2631 77 142
2632 77 145
2633 77 156
2634 77 157
2635 77 158
2636 77 159
2637 77 160
2638 78 3
2639 78 5
2640 78 14
2641 78 41
2642 78 42
2643 78 43
2644 78 44
2645 78 45
2646 78 46
2647 78 48
2648 78 49
2649 78 50
2650 78 52
2651 78 60
2652 78 62
2653 78 82
2654 78 87
2655 78 99
2656 78 107
2657 78 110
2658 78 119
2659 78 122
2660 78 123
2661 78 142
2662 78 145
2663 78 156
2664 78 160
2665 79 3
2666 79 4
2667 79 14
2668 79 45
2669 79 46
2670 79 48
2671 79 50
2672 79 52
2673 79 60
2674 79 62
2675 79 82
2676 79 86
2677 79 99
2678 79 104
2679 79 105
2680 79 106
2681 79 107
2682 79 110
2683 79 119
2684 79 122
2685 79 123
2686 79 142
2687 79 145
2688 79 156
2689 79 157
2690 79 158
2691 79 159
2692 79 160
2693 80 3
2694 80 4
2695 80 14
2696 80 45
2697 80 46
2698 80 48
2699 80 50
2700 80 52
2701 80 60
2702 80 62
2703 80 82
2704 80 86
2705 80 99
2706 80 103
2707 80 110
2708 80 120
2709 80 121
2710 80 123
2711 80 142
2712 80 145
2713 81 3
2714 81 4
2715 81 14
2716 81 26
2717 81 38
2718 81 39
2719 81 40
2720 81 41
2721 81 42
2722 81 43
2723 81 44
2724 81 45
2725 81 46
2726 81 48
2727 81 50
2728 81 52
2729 81 60
2730 81 62
2731 81 82
2732 81 83
2733 81 84
2734 81 85
2735 81 86
2736 81 99
2737 81 103
2738 81 110
2739 81 123
2740 81 142
2741 81 145
2742 82 3
2743 82 4
2744 82 13
2745 82 15
2746 82 18
2747 82 19
2748 82 20
2749 82 21
2750 82 22
2751 82 23
2752 82 24
2753 82 25
2754 82 27
2755 82 28
2756 82 29
2757 82 30
2758 82 31
2759 82 32
2760 82 33
2761 82 34
2762 82 35
2763 82 36
2764 82 37
2765 82 48
2766 82 50
2767 82 52
2768 82 60
2769 82 63
2770 82 64
2771 82 87
2772 82 99
2773 82 103
2774 82 106
2775 82 107
2776 82 108
2777 82 109
2778 82 123
2779 82 142
2780 82 145
2781 83 3
2782 83 4
2783 83 13
2784 83 15
2785 83 18
2786 83 19
2787 83 20
2788 83 21
2789 83 22
2790 83 23
2791 83 24
2792 83 25
2793 83 27
2794 83 28
2795 83 29
2796 83 30
2797 83 31
2798 83 32
2799 83 33
2800 83 34
2801 83 35
2802 83 36
2803 83 37
2804 83 48
2805 83 49
2806 83 50
2807 83 60
2808 83 63
2809 83 64
2810 83 87
2811 83 99
2812 83 103
2813 83 106
2814 83 123
2815 83 142
2816 83 146
2817 83 147
2818 83 148
2819 83 149
2820 83 150
2821 83 151
2822 83 152
2823 83 153
2824 83 154
2825 83 155
2826 83 156
2827 83 157
2828 83 158
2829 83 159
2830 83 160
2831 84 3
2832 84 4
2833 84 13
2834 84 15
2835 84 26
2836 84 38
2837 84 39
2838 84 40
2839 84 41
2840 84 60
2841 84 63
2842 84 64
2843 84 87
2844 84 99
2845 84 102
2846 84 103
2847 84 106
2848 84 114
2849 84 115
2850 84 116
2851 84 117
2852 84 118
2853 84 119
2854 84 120
2855 84 123
2856 84 142
2857 84 160
2858 85 2
2859 85 13
2860 85 15
2861 85 26
2862 85 38
2863 85 39
2864 85 40
2865 85 41
2866 85 60
2867 85 61
2868 85 62
2869 85 87
2870 85 90
2871 85 94
2872 85 95
2873 85 96
2874 85 99
2875 85 101
2876 85 104
2877 85 105
2878 85 113
2879 85 121
2880 85 123
2881 85 142
2882 85 143
2883 85 144
2884 85 145
2885 85 146
2886 85 147
2887 85 148
2888 85 149
2889 85 150
2890 85 151
2891 85 152
2892 85 153
2893 85 154
2894 85 155
2895 85 156
2896 85 157
2897 85 158
2898 85 159
2899 85 160
2900 86 2
2901 86 13
2902 86 14
2903 86 15
2904 86 26
2905 86 42
2906 86 43
2907 86 44
2908 86 45
2909 86 46
2910 86 47
2911 86 60
2912 86 62
2913 86 80
2914 86 81
2915 86 82
2916 86 83
2917 86 84
2918 86 85
2919 86 86
2920 86 87
2921 86 90
2922 86 94
2923 86 96
2924 86 99
2925 86 100
2926 86 101
2927 86 104
2928 86 105
2929 86 106
2930 86 107
2931 86 108
2932 86 109
2933 86 110
2934 86 111
2935 86 112
2936 86 113
2937 86 121
2938 86 122
2939 86 123
2940 86 139
2941 86 140
2942 86 141
2943 87 2
2944 87 13
2945 87 26
2946 87 42
2947 87 47
2948 87 60
2949 87 62
2950 87 80
2951 87 87
2952 87 90
2953 87 94
2954 87 97
2955 87 98
2956 87 101
2957 87 139
2958 87 141
2959 88 2
2960 88 13
2961 88 26
2962 88 42
2963 88 47
2964 88 60
2965 88 62
2966 88 80
2967 88 87
2968 88 90
2969 88 94
2970 88 95
2971 88 96
2972 88 97
2973 88 98
2974 88 100
2975 88 139
2976 88 141
2977 88 154
2978 88 155
2979 88 156
2980 88 157
2981 88 158
2982 88 159
2983 88 160
2984 89 2
2985 89 13
2986 89 26
2987 89 42
2988 89 47
2989 89 60
2990 89 62
2991 89 80
2992 89 87
2993 89 90
2994 89 91
2995 89 92
2996 89 93
2997 89 99
2998 89 139
2999 89 140
3000 89 141
3001 89 154
3002 89 155
3003 89 156
3004 89 157
3005 89 158
3006 89 159
3007 89 160
3008 90 2
3009 90 13
3010 90 42
3011 90 43
3012 90 44
3013 90 45
3014 90 46
3015 90 47
3016 90 61
3017 90 62
3018 90 80
3019 90 81
3020 90 82
3021 90 83
3022 90 84
3023 90 85
3024 90 86
3025 90 87
3026 90 90
3027 90 91
3028 90 92
3029 90 93
3030 90 99
3031 90 160
3032 91 2
3033 91 13
3034 91 61
3035 91 62
3036 91 160
3037 92 2
3038 92 13
3039 92 61
3040 92 62
3041 93 2
3042 93 13
3043 93 29
3044 93 30
3045 93 31
3046 93 32
3047 93 33
3048 93 34
3049 93 35
3050 93 36
3051 93 37
3052 93 38
3053 93 39
3054 93 40
3055 93 41
3056 93 42
3057 93 43
3058 93 61
3059 93 62
3060 93 66
3061 93 67
3062 93 80
3063 93 81
3064 93 82
3065 93 83
3066 93 84
3067 93 85
3068 93 86
3069 93 87
3070 93 90
3071 93 91
3072 93 92
3073 93 93
3074 93 99
3075 93 106
3076 93 107
3077 93 108
3078 93 109
3079 94 2
3080 94 13
3081 94 29
3082 94 38
3083 94 44
3084 94 45
3085 94 46
3086 94 47
3087 94 61
3088 94 62
3089 94 66
3090 94 67
3091 94 78
3092 94 79
3093 94 82
3094 94 87
3095 94 90
3096 94 93
3097 94 99
3098 94 106
3099 94 109
3100 95 13
3101 95 29
3102 95 38
3103 95 48
3104 95 49
3105 95 50
3106 95 52
3107 95 53
3108 95 61
3109 95 62
3110 95 66
3111 95 67
3112 95 78
3113 95 79
3114 95 82
3115 95 86
3116 95 87
3117 95 90
3118 95 91
3119 95 92
3120 95 93
3121 95 99
3122 95 106
3123 95 109
3124 96 13
3125 96 29
3126 96 38
3127 96 48
3128 96 50
3129 96 52
3130 96 53
3131 96 61
3132 96 62
3133 96 66
3134 96 67
3135 96 78
3136 96 79
3137 96 82
3138 96 85
3139 96 88
3140 96 89
3141 96 94
3142 96 95
3143 96 96
3144 96 97
3145 96 98
3146 96 100
3147 96 107
3148 96 110
3149 96 111
3150 96 112
3151 96 113
3152 96 114
3153 96 115
3154 96 121
3155 96 122
3156 96 123
3157 96 124
3158 96 139
3159 96 140
3160 97 13
3161 97 29
3162 97 38
3163 97 48
3164 97 50
3165 97 52
3166 97 53
3167 97 60
3168 97 62
3169 97 66
3170 97 67
3171 97 78
3172 97 79
3173 97 82
3174 97 85
3175 97 88
3176 97 89
3177 97 94
3178 97 98
3179 97 100
3180 97 101
3181 97 107
3182 97 115
3183 97 121
3184 97 124
3185 97 128
3186 97 139
3187 97 140
3188 98 13
3189 98 29
3190 98 38
3191 98 48
3192 98 50
3193 98 52
3194 98 53
3195 98 60
3196 98 62
3197 98 66
3198 98 67
3199 98 80
3200 98 81
3201 98 85
3202 98 88
3203 98 89
3204 98 94
3205 98 98
3206 98 100
3207 98 101
3208 98 107
3209 98 112
3210 98 113
3211 98 114
3212 98 115
3213 98 121
3214 98 122
3215 98 123
3216 98 124
3217 98 128
3218 98 139
3219 98 140
3220 99 13
3221 99 29
3222 99 38
3223 99 48
3224 99 50
3225 99 52
3226 99 53
3227 99 60
3228 99 62
3229 99 66
3230 99 67
3231 99 80
3232 99 85
3233 99 88
3234 99 89
3235 99 94
3236 99 98
3237 99 100
3238 99 101
3239 99 107
3240 99 111
3241 100 12
3242 100 29
3243 100 30
3244 100 31
3245 100 32
3246 100 33
3247 100 34
3248 100 35
3249 100 36
3250 100 37
3251 100 38
3252 100 48
3253 100 50
3254 100 52
3255 100 53
3256 100 60
3257 100 61
3258 100 62
3259 100 66
3260 100 67
3261 100 74
3262 100 80
3263 100 85
3264 100 88
3265 100 89
3266 100 94
3267 100 98
3268 100 100
3269 100 101
3270 100 107
3271 100 111
3272 101 12
3273 101 39
3274 101 40
3275 101 48
3276 101 50
3277 101 52
3278 101 53
3279 101 62
3280 101 66
3281 101 67
3282 101 74
3283 101 80
3284 101 85
3285 101 88
3286 101 89
3287 101 94
3288 101 98
3289 101 100
3290 101 101
3291 101 107
3292 101 112
3293 101 113
3294 101 114
3295 101 115
3296 101 139
3297 101 140
3298 101 141
3299 101 142
3300 101 143
3301 101 144
3302 101 145
3303 101 146
3304 101 147
3305 101 148
3306 101 149
3307 101 150
3308 102 12
3309 102 39
3310 102 40
3311 102 48
3312 102 49
3313 102 50
3314 102 52
3315 102 53
3316 102 62
3317 102 66
3318 102 67
3319 102 74
3320 102 81
3321 102 85
3322 102 88
3323 102 89
3324 102 94
3325 102 98
3326 102 100
3327 102 101
3328 102 107
3329 102 115
3330 102 139
3331 102 150
3332 103 12
3333 103 39
3334 103 40
3335 103 51
3336 103 53
3337 103 62
3338 103 66
3339 103 68
3340 103 69
3341 103 70
3342 103 74
3343 103 81
3344 103 85
3345 103 88
3346 103 89
3347 103 94
3348 103 98
3349 103 100
3350 103 107
3351 103 108
3352 103 109
3353 103 110
3354 103 111
3355 103 112
3356 103 113
3357 103 114
3358 103 115
3359 103 128
3360 103 129
3361 103 139
3362 103 150
3363 104 12
3364 104 39
3365 104 40
3366 104 51
3367 104 53
3368 104 62
3369 104 66
3370 104 70
3371 104 74
3372 104 80
3373 104 85
3374 104 88
3375 104 89
3376 104 94
3377 104 95
3378 104 96
3379 104 97
3380 104 98
3381 104 100
3382 104 106
3383 104 128
3384 104 129
3385 104 139
3386 104 150
3387 105 12
3388 105 14
3389 105 15
3390 105 18
3391 105 19
3392 105 20
3393 105 29
3394 105 30
3395 105 31
3396 105 39
3397 105 40
3398 105 51
3399 105 52
3400 105 53
3401 105 62
3402 105 63
3403 105 64
3404 105 65
3405 105 70
3406 105 74
3407 105 80
3408 105 85
3409 105 88
3410 105 90
3411 105 91
3412 105 92
3413 105 93
3414 105 99
3415 105 106
3416 105 128
3417 105 129
3418 105 139
3419 105 145
3420 105 146
3421 105 147
3422 105 148
3423 105 149
3424 105 150
3425 106 12
3426 106 14
3427 106 15
3428 106 18
3429 106 20
3430 106 32
3431 106 33
3432 106 34
3433 106 35
3434 106 36
3435 106 37
3436 106 38
3437 106 41
3438 106 42
3439 106 43
3440 106 44
3441 106 45
3442 106 46
3443 106 54
3444 106 55
3445 106 62
3446 106 70
3447 106 73
3448 106 75
3449 106 80
3450 106 81
3451 106 82
3452 106 83
3453 106 84
3454 106 85
3455 106 88
3456 106 90
3457 106 91
3458 106 92
3459 106 93
3460 106 99
3461 106 106
3462 106 128
3463 106 129
3464 106 139
3465 106 144
3466 106 150
3467 107 12
3468 107 14
3469 107 15
3470 107 18
3471 107 20
3472 107 32
3473 107 33
3474 107 34
3475 107 35
3476 107 36
3477 107 37
3478 107 38
3479 107 39
3480 107 40
3481 107 41
3482 107 42
3483 107 43
3484 107 44
3485 107 45
3486 107 46
3487 107 54
3488 107 55
3489 107 62
3490 107 63
3491 107 64
3492 107 65
3493 107 66
3494 107 67
3495 107 68
3496 107 70
3497 107 73
3498 107 75
3499 107 86
3500 107 87
3501 107 139
3502 107 144
3503 107 150
3504 108 4
3505 108 5
3506 108 6
3507 108 7
3508 108 12
3509 108 14
3510 108 15
3511 108 18
3512 108 20
3513 108 29
3514 108 30
3515 108 31
3516 108 69
3517 108 70
3518 108 74
3519 108 75
3520 108 90
3521 108 91
3522 108 139
3523 108 144
3524 108 150
3525 109 4
3526 109 6
3527 109 12
3528 109 14
3529 109 15
3530 109 18
3531 109 20
3532 109 29
3533 109 30
3534 109 31
3535 109 69
3536 109 70
3537 109 74
3538 109 75
3539 109 139
3540 109 140
3541 109 141
3542 109 142
3543 109 143
3544 109 144
3545 109 150
3546 110 4
3547 110 6
3548 110 12
3549 110 14
3550 110 15
3551 110 18
3552 110 20
3553 110 53
3554 110 62
3555 110 63
3556 110 64
3557 110 65
3558 110 66
3559 110 67
3560 110 68
3561 110 70
3562 110 74
3563 110 75
3564 110 90
3565 110 91
3566 110 92
3567 110 93
3568 110 99
3569 110 106
3570 110 128
3571 110 129
3572 110 130
3573 110 131
3574 110 132
3575 110 133
3576 110 134
3577 110 135
3578 110 136
3579 110 137
3580 110 138
3581 110 145
3582 110 146
3583 110 147
3584 110 148
3585 110 149
3586 110 151
3587 110 152
3588 110 153
3589 110 154
3590 110 155
3591 110 156
3592 110 157
3593 110 158
3594 111 4
3595 111 6
3596 111 12
3597 111 14
3598 111 15
3599 111 18
3600 111 19
3601 111 20
3602 111 63
3603 111 64
3604 111 65
3605 111 66
3606 111 67
3607 111 68
3608 111 69
3609 111 70
3610 111 74
3611 111 75
3612 111 90
3613 111 93
3614 111 99
3615 111 106
3616 111 128
3617 111 129
3618 111 130
3619 111 131
3620 111 132
3621 111 133
3622 111 134
3623 111 135
3624 111 136
3625 111 137
3626 111 138
3627 111 145
3628 111 149
3629 111 151
3630 111 158
3631 112 4
3632 112 6
3633 112 12
3634 112 14
3635 112 15
3636 112 27
3637 112 28
3638 112 29
3639 112 90
3640 112 91
3641 112 92
3642 112 93
3643 112 139
3644 112 140
3645 112 141
3646 112 142
3647 112 143
3648 112 144
3649 112 149
3650 112 151
3651 112 152
3652 112 153
3653 112 154
3654 112 155
3655 112 156
3656 112 157
3657 112 158
3658 113 4
3659 113 6
3660 113 12
3661 113 14
3662 113 15
3663 113 27
3664 113 29
3665 113 139
3666 113 150
3667 114 4
3668 114 7
3669 114 9
3670 114 10
3671 114 11
3672 114 12
3673 114 14
3674 114 15
3675 114 27
3676 114 29
3677 114 139
3678 114 150
3679 115 4
3680 115 7
3681 115 9
3682 115 12
3683 115 14
3684 115 15
3685 115 27
3686 115 29
3687 115 139
3688 115 150
3689 116 4
3690 116 7
3691 116 9
3692 116 13
3693 116 27
3694 116 29
3695 116 139
3696 116 150
3697 117 4
3698 117 7
3699 117 9
3700 117 13
3701 117 27
3702 117 29
3703 117 62
3704 117 139
3705 117 150
3706 118 4
3707 118 7
3708 118 9
3709 118 13
3710 118 27
3711 118 29
3712 118 62
3713 118 66
3714 118 67
3715 118 68
3716 118 69
3717 118 70
3718 118 74
3719 118 75
3720 118 139
3721 118 140
3722 118 141
3723 118 142
3724 118 143
3725 118 144
3726 118 145
3727 118 146
3728 118 147
3729 118 148
3730 118 149
3731 118 150
3732 119 4
3733 119 7
3734 119 9
3735 119 13
3736 119 27
3737 119 29
3738 119 62
3739 119 66
3740 119 70
3741 119 74
3742 119 75
3743 119 128
3744 119 129
3745 119 130
3746 119 131
3747 119 132
3748 119 133
3749 119 134
3750 119 135
3751 119 136
3752 119 137
3753 119 138
3754 119 151
3755 119 152
3756 119 153
3757 119 154
3758 119 155
3759 119 156
3760 119 157
3761 119 158
3762 119 159
3763 119 160
3764 120 4
3765 120 7
3766 120 9
3767 120 13
3768 120 27
3769 120 29
3770 120 62
3771 120 66
3772 120 70
3773 120 74
3774 120 75
3775 120 128
3776 120 134
3777 120 135
3778 120 136
3779 120 137
3780 120 138
3781 120 151
3782 120 160
3783 121 4
3784 121 7
3785 121 9
3786 121 14
3787 121 15
3788 121 27
3789 121 29
3790 121 62
3791 121 66
3792 121 70
3793 121 74
3794 121 75
3795 121 86
3796 121 87
3797 121 90
3798 121 91
3799 121 92
3800 121 93
3801 121 99
3802 121 100
3803 121 101
3804 121 102
3805 121 103
3806 121 104
3807 121 105
3808 121 107
3809 121 108
3810 121 109
3811 121 110
3812 121 111
3813 121 112
3814 121 113
3815 121 114
3816 121 125
3817 121 126
3818 121 127
3819 121 128
3820 121 129
3821 121 130
3822 121 131
3823 121 132
3824 121 133
3825 121 151
3826 121 152
3827 121 153
3828 121 154
3829 121 155
3830 121 156
3831 121 157
3832 121 158
3833 121 159
3834 121 160
3835 122 4
3836 122 7
3837 122 9
3838 122 15
3839 122 27
3840 122 29
3841 122 62
3842 122 66
3843 122 70
3844 122 86
3845 122 87
3846 122 90
3847 122 93
3848 122 106
3849 122 134
3850 122 135
3851 122 136
3852 122 137
3853 122 138
3854 122 139
3855 122 140
3856 122 141
3857 122 142
3858 122 143
3859 122 144
3860 122 145
3861 123 4
3862 123 6
3863 123 9
3864 123 15
3865 123 27
3866 123 28
3867 123 29
3868 123 62
3869 123 66
3870 123 67
3871 123 68
3872 123 69
3873 123 70
3874 123 86
3875 123 87
3876 123 90
3877 123 91
3878 123 92
3879 123 93
3880 123 134
3881 123 135
3882 123 136
3883 123 137
3884 123 138
3885 123 139
3886 123 140
3887 123 141
3888 123 142
3889 123 143
3890 123 144
3891 123 145
3892 124 4
3893 124 6
3894 124 9
3895 124 15
3896 124 35
3897 124 38
3898 124 39
3899 124 40
3900 124 41
3901 124 46
3902 124 47
3903 124 48
3904 124 49
3905 124 50
3906 124 51
3907 124 52
3908 124 53
3909 124 60
3910 124 61
3911 124 63
3912 124 64
3913 124 65
3914 124 71
3915 124 72
3916 124 74
3917 124 75
3918 125 4
3919 125 6
3920 125 9
3921 125 15
3922 125 27
3923 125 35
3924 125 38
3925 125 41
3926 125 46
3927 125 47
3928 125 48
3929 125 49
3930 125 50
3931 125 51
3932 125 53
3933 125 60
3934 125 61
3935 125 63
3936 125 65
3937 125 71
3938 125 72
3939 125 74
3940 125 75
3941 126 4
3942 126 6
3943 126 9
3944 126 15
3945 126 27
3946 126 35
3947 126 38
3948 126 41
3949 126 43
3950 126 44
3951 126 45
3952 126 52
3953 126 53
3954 126 60
3955 126 61
3956 126 63
3957 126 65
3958 126 71
3959 126 72
3960 126 74
3961 126 75
3962 126 99
3963 126 106
3964 127 4
3965 127 6
3966 127 9
3967 127 15
3968 127 27
3969 127 35
3970 127 38
3971 127 41
3972 127 43
3973 127 45
3974 127 52
3975 127 53
3976 127 60
3977 127 61
3978 127 63
3979 127 65
3980 127 71
3981 127 73
3982 127 86
3983 127 87
3984 127 90
3985 127 91
3986 127 92
3987 127 93
3988 127 100
3989 127 101
3990 127 102
3991 127 103
3992 127 104
3993 127 105
3994 127 107
3995 127 108
3996 127 109
3997 127 110
3998 127 111
3999 127 112
4000 127 113
4001 127 114
4002 128 4
4003 128 6
4004 128 9
4005 128 15
4006 128 27
4007 128 35
4008 128 38
4009 128 41
4010 128 43
4011 128 45
4012 128 52
4013 128 53
4014 128 60
4015 128 61
4016 128 63
4017 128 65
4018 128 71
4019 128 73
4020 128 85
4021 128 88
4022 128 89
4023 128 94
4024 128 95
4025 128 98
4026 128 100
4027 128 105
4028 128 107
4029 128 114
4030 129 4
4031 129 6
4032 129 9
4033 129 15
4034 129 27
4035 129 35
4036 129 38
4037 129 41
4038 129 43
4039 129 44
4040 129 45
4041 129 52
4042 129 53
4043 129 60
4044 129 61
4045 129 63
4046 129 65
4047 129 71
4048 129 73
4049 129 86
4050 129 88
4051 129 89
4052 129 94
4053 129 95
4054 129 98
4055 129 100
4056 129 105
4057 129 107
4058 129 114
4059 130 4
4060 130 5
4061 130 6
4062 130 9
4063 130 15
4064 130 27
4065 130 35
4066 130 38
4067 130 42
4068 130 46
4069 130 47
4070 130 48
4071 130 49
4072 130 50
4073 130 51
4074 130 62
4075 130 64
4076 130 65
4077 130 71
4078 130 73
4079 130 86
4080 130 88
4081 130 89
4082 130 94
4083 130 95
4084 130 98
4085 130 100
4086 130 101
4087 130 102
4088 130 103
4089 130 104
4090 130 105
4091 130 107
4092 130 108
4093 130 109
4094 130 110
4095 130 111
4096 130 114
4097 131 9
4098 131 10
4099 131 11
4100 131 12
4101 131 13
4102 131 14
4103 131 15
4104 131 27
4105 131 28
4106 131 29
4107 131 30
4108 131 31
4109 131 35
4110 131 38
4111 131 42
4112 131 46
4113 131 51
4114 131 62
4115 131 64
4116 131 65
4117 131 71
4118 131 73
4119 131 76
4120 131 80
4121 131 81
4122 131 86
4123 131 88
4124 131 89
4125 131 94
4126 131 95
4127 131 98
4128 131 100
4129 131 106
4130 131 112
4131 131 113
4132 131 114
4133 132 9
4134 132 27
4135 132 31
4136 132 35
4137 132 38
4138 132 39
4139 132 40
4140 132 41
4141 132 42
4142 132 46
4143 132 51
4144 132 62
4145 132 64
4146 132 65
4147 132 71
4148 132 72
4149 132 73
4150 132 76
4151 132 80
4152 132 81
4153 132 86
4154 132 88
4155 132 89
4156 132 94
4157 132 95
4158 132 98
4159 132 100
4160 132 106
4161 133 9
4162 133 27
4163 133 31
4164 133 36
4165 133 37
4166 133 43
4167 133 44
4168 133 46
4169 133 51
4170 133 62
4171 133 66
4172 133 67
4173 133 68
4174 133 69
4175 133 70
4176 133 74
4177 133 75
4178 133 87
4179 133 90
4180 133 91
4181 133 92
4182 133 93
4183 133 99
4184 134 9
4185 134 27
4186 134 31
4187 134 36
4188 134 37
4189 134 43
4190 134 44
4191 134 46
4192 134 51
4193 134 62
4194 134 66
4195 134 70
4196 134 74
4197 134 75
4198 134 87
4199 134 90
4200 134 93
4201 134 99
4202 135 9
4203 135 27
4204 135 31
4205 135 36
4206 135 37
4207 135 43
4208 135 44
4209 135 46
4210 135 51
4211 135 62
4212 135 66
4213 135 70
4214 135 74
4215 135 75
4216 135 87
4217 135 90
4218 135 91
4219 135 92
4220 135 93
4221 135 99
4222 136 9
4223 136 27
4224 136 32
4225 136 33
4226 136 34
4227 136 35
4228 136 38
4229 136 39
4230 136 40
4231 136 41
4232 136 42
4233 136 44
4234 136 46
4235 136 48
4236 136 49
4237 136 50
4238 136 51
4239 136 62
4240 136 66
4241 136 70
4242 136 74
4243 136 75
4244 137 9
4245 137 27
4246 137 35
4247 137 38
4248 137 44
4249 137 46
4250 137 47
4251 137 52
4252 137 53
4253 137 59
4254 137 62
4255 137 66
4256 137 67
4257 137 68
4258 137 69
4259 137 70
4260 137 74
4261 137 76
4262 137 80
4263 137 81
4264 137 86
4265 137 87
4266 137 90
4267 137 91
4268 137 92
4269 137 93
4270 137 99
4271 137 106
4272 138 9
4273 138 27
4274 138 35
4275 138 38
4276 138 44
4277 138 46
4278 138 47
4279 138 52
4280 138 53
4281 138 59
4282 138 62
4283 138 74
4284 138 76
4285 138 80
4286 138 82
4287 138 83
4288 138 84
4289 138 85
4290 138 88
4291 138 89
4292 138 94
4293 138 95
4294 138 98
4295 138 100
4296 138 101
4297 138 102
4298 138 103
4299 138 104
4300 138 105
4301 138 107
4302 138 108
4303 138 109
4304 138 110
4305 138 111
4306 138 112
4307 138 113
4308 138 114
4309 139 9
4310 139 27
4311 139 32
4312 139 33
4313 139 34
4314 139 35
4315 139 38
4316 139 39
4317 139 40
4318 139 41
4319 139 44
4320 139 46
4321 139 47
4322 139 52
4323 139 53
4324 139 59
4325 139 62
4326 139 74
4327 139 76
4328 139 80
4329 139 85
4330 139 88
4331 139 89
4332 139 94
4333 139 95
4334 139 98
4335 139 100
4336 139 105
4337 139 107
4338 139 114
4339 139 122
4340 139 123
4341 139 124
4342 139 125
4343 139 126
4344 139 137
4345 139 138
4346 139 139
4347 139 140
4348 139 141
4349 139 142
4350 139 143
4351 139 144
4352 139 145
4353 139 146
4354 140 9
4355 140 21
4356 140 22
4357 140 23
4358 140 27
4359 140 28
4360 140 29
4361 140 30
4362 140 31
4363 140 36
4364 140 37
4365 140 42
4366 140 44
4367 140 46
4368 140 47
4369 140 52
4370 140 53
4371 140 59
4372 140 62
4373 140 74
4374 140 76
4375 140 80
4376 140 85
4377 140 88
4378 140 89
4379 140 94
4380 140 95
4381 140 98
4382 140 100
4383 140 105
4384 140 107
4385 140 114
4386 140 122
4387 140 126
4388 140 132
4389 140 133
4390 140 134
4391 140 137
4392 140 146
4393 140 150
4394 141 9
4395 141 21
4396 141 23
4397 141 26
4398 141 36
4399 141 37
4400 141 42
4401 141 44
4402 141 46
4403 141 47
4404 141 54
4405 141 55
4406 141 59
4407 141 62
4408 141 74
4409 141 76
4410 141 80
4411 141 85
4412 141 88
4413 141 89
4414 141 94
4415 141 95
4416 141 99
4417 141 105
4418 141 107
4419 141 114
4420 141 122
4421 141 126
4422 141 132
4423 141 134
4424 141 137
4425 141 146
4426 141 150
4427 142 9
4428 142 21
4429 142 23
4430 142 26
4431 142 36
4432 142 38
4433 142 39
4434 142 40
4435 142 41
4436 142 44
4437 142 46
4438 142 47
4439 142 55
4440 142 59
4441 142 62
4442 142 74
4443 142 75
4444 142 76
4445 142 80
4446 142 81
4447 142 84
4448 142 85
4449 142 88
4450 142 89
4451 142 94
4452 142 95
4453 142 99
4454 142 105
4455 142 107
4456 142 114
4457 142 122
4458 142 126
4459 142 132
4460 142 134
4461 142 137
4462 142 146
4463 142 150
4464 143 9
4465 143 21
4466 143 23
4467 143 26
4468 143 36
4469 143 38
4470 143 44
4471 143 46
4472 143 47
4473 143 55
4474 143 59
4475 143 62
4476 143 82
4477 143 83
4478 143 88
4479 143 89
4480 143 94
4481 143 95
4482 143 99
4483 143 105
4484 143 107
4485 143 114
4486 143 122
4487 143 123
4488 143 124
4489 143 125
4490 143 126
4491 143 132
4492 143 134
4493 143 137
4494 143 146
4495 143 150
4496 143 155
4497 143 156
4498 144 5
4499 144 6
4500 144 21
4501 144 23
4502 144 26
4503 144 36
4504 144 38
4505 144 45
4506 144 55
4507 144 59
4508 144 62
4509 144 82
4510 144 83
4511 144 88
4512 144 89
4513 144 94
4514 144 95
4515 144 99
4516 144 105
4517 144 107
4518 144 115
4519 144 116
4520 144 117
4521 144 118
4522 144 119
4523 144 120
4524 144 121
4525 144 126
4526 144 129
4527 144 130
4528 144 131
4529 144 134
4530 144 137
4531 144 146
4532 144 150
4533 144 155
4534 144 156
4535 145 5
4536 145 6
4537 145 21
4538 145 23
4539 145 26
4540 145 38
4541 145 45
4542 145 55
4543 145 59
4544 145 62
4545 145 82
4546 145 83
4547 145 88
4548 145 89
4549 145 94
4550 145 95
4551 145 99
4552 145 105
4553 145 107
4554 145 121
4555 145 126
4556 145 129
4557 145 134
4558 145 137
4559 145 146
4560 145 150
4561 145 155
4562 145 156
4563 146 5
4564 146 6
4565 146 21
4566 146 23
4567 146 26
4568 146 38
4569 146 45
4570 146 55
4571 146 59
4572 146 62
4573 146 82
4574 146 83
4575 146 88
4576 146 89
4577 146 94
4578 146 95
4579 146 99
4580 146 105
4581 146 107
4582 146 121
4583 146 126
4584 146 129
4585 146 134
4586 146 137
4587 146 146
4588 146 150
4589 146 157
4590 146 158
4591 146 159
4592 146 160
4593 147 5
4594 147 6
4595 147 21
4596 147 22
4597 147 23
4598 147 26
4599 147 38
4600 147 39
4601 147 40
4602 147 41
4603 147 42
4604 147 43
4605 147 44
4606 147 45
4607 147 55
4608 147 59
4609 147 60
4610 147 61
4611 147 63
4612 147 64
4613 147 65
4614 147 66
4615 147 67
4616 147 68
4617 147 82
4618 147 83
4619 147 88
4620 147 90
4621 147 91
4622 147 92
4623 147 93
4624 147 95
4625 147 99
4626 147 105
4627 147 107
4628 147 114
4629 147 115
4630 147 116
4631 147 117
4632 147 118
4633 147 119
4634 147 120
4635 147 121
4636 147 126
4637 147 129
4638 147 130
4639 147 131
4640 147 132
4641 147 133
4642 147 134
4643 147 137
4644 147 138
4645 147 139
4646 147 140
4647 147 141
4648 147 142
4649 147 143
4650 147 146
4651 147 150
4652 147 157
4653 147 160
4654 148 2
4655 148 3
4656 148 4
4657 148 6
4658 148 9
4659 148 27
4660 148 28
4661 148 29
4662 148 30
4663 148 31
4664 148 32
4665 148 33
4666 148 34
4667 148 35
4668 148 46
4669 148 47
4670 148 48
4671 148 49
4672 148 50
4673 148 55
4674 148 59
4675 148 61
4676 148 63
4677 148 68
4678 148 82
4679 148 83
4680 148 88
4681 148 95
4682 148 99
4683 148 105
4684 148 107
4685 148 113
4686 148 127
4687 148 128
4688 148 135
4689 148 136
4690 148 144
4691 148 146
4692 148 150
4693 148 157
4694 148 160
4695 149 2
4696 149 6
4697 149 9
4698 149 27
4699 149 33
4700 149 47
4701 149 51
4702 149 52
4703 149 55
4704 149 59
4705 149 61
4706 149 63
4707 149 68
4708 149 82
4709 149 83
4710 149 88
4711 149 95
4712 149 99
4713 149 106
4714 149 113
4715 149 127
4716 149 128
4717 149 135
4718 149 136
4719 149 144
4720 149 146
4721 149 150
4722 149 157
4723 149 160
4724 150 2
4725 150 3
4726 150 4
4727 150 5
4728 150 6
4729 150 9
4730 150 27
4731 150 28
4732 150 29
4733 150 30
4734 150 31
4735 150 33
4736 150 47
4737 150 52
4738 150 55
4739 150 59
4740 150 61
4741 150 63
4742 150 68
4743 150 82
4744 150 83
4745 150 88
4746 150 95
4747 150 99
4748 150 113
4749 150 127
4750 150 128
4751 150 135
4752 150 136
4753 150 144
4754 150 146
4755 150 150
4756 150 157
4757 150 160
4758 151 7
4759 151 8
4760 151 9
4761 151 32
4762 151 33
4763 151 47
4764 151 52
4765 151 55
4766 151 59
4767 151 61
4768 151 63
4769 151 68
4770 151 80
4771 151 81
4772 151 83
4773 151 88
4774 151 95
4775 151 99
4776 151 113
4777 151 127
4778 151 128
4779 151 135
4780 151 136
4781 151 144
4782 151 146
4783 151 150
4784 151 157
4785 151 160
4786 152 7
4787 152 9
4788 152 32
4789 152 33
4790 152 47
4791 152 52
4792 152 55
4793 152 59
4794 152 61
4795 152 63
4796 152 68
4797 152 80
4798 152 83
4799 152 88
4800 152 95
4801 152 99
4802 152 113
4803 152 127
4804 152 128
4805 152 135
4806 152 136
4807 152 144
4808 152 146
4809 152 150
4810 152 157
4811 152 158
4812 152 159
4813 152 160
4814 153 7
4815 153 8
4816 153 9
4817 153 27
4818 153 28
4819 153 29
4820 153 30
4821 153 31
4822 153 33
4823 153 41
4824 153 42
4825 153 43
4826 153 47
4827 153 52
4828 153 55
4829 153 59
4830 153 61
4831 153 63
4832 153 68
4833 153 80
4834 153 81
4835 153 82
4836 153 83
4837 153 84
4838 153 85
4839 153 86
4840 153 88
4841 153 89
4842 153 90
4843 153 91
4844 153 95
4845 153 99
4846 153 113
4847 153 127
4848 153 128
4849 153 135
4850 153 136
4851 153 144
4852 153 146
4853 153 150
4854 153 154
4855 154 7
4856 154 27
4857 154 33
4858 154 41
4859 154 43
4860 154 47
4861 154 52
4862 154 55
4863 154 59
4864 154 62
4865 154 69
4866 154 87
4867 154 92
4868 154 95
4869 154 99
4870 154 107
4871 154 113
4872 154 127
4873 154 128
4874 154 135
4875 154 136
4876 154 144
4877 154 146
4878 154 150
4879 154 154
4880 155 27
4881 155 33
4882 155 41
4883 155 42
4884 155 43
4885 155 47
4886 155 52
4887 155 56
4888 155 57
4889 155 59
4890 155 63
4891 155 64
4892 155 65
4893 155 69
4894 155 87
4895 155 92
4896 155 95
4897 155 99
4898 155 106
4899 155 108
4900 155 113
4901 155 127
4902 155 128
4903 155 135
4904 155 136
4905 155 144
4906 155 146
4907 155 150
4908 155 154
4909 155 158
4910 155 159
4911 155 160
4912 156 27
4913 156 28
4914 156 29
4915 156 30
4916 156 31
4917 156 32
4918 156 33
4919 156 48
4920 156 52
4921 156 56
4922 156 57
4923 156 59
4924 156 62
4925 156 66
4926 156 69
4927 156 92
4928 156 95
4929 156 99
4930 156 106
4931 156 108
4932 156 110
4933 156 111
4934 156 112
4935 156 113
4936 156 127
4937 156 128
4938 156 135
4939 156 136
4940 156 144
4941 156 146
4942 156 150
4943 156 154
4944 156 158
4945 156 160
4946 157 26
4947 157 34
4948 157 35
4949 157 48
4950 157 52
4951 157 56
4952 157 57
4953 157 59
4954 157 62
4955 157 66
4956 157 67
4957 157 68
4958 157 69
4959 157 80
4960 157 81
4961 157 82
4962 157 83
4963 157 84
4964 157 85
4965 157 86
4966 157 87
4967 157 90
4968 157 91
4969 157 94
4970 157 95
4971 157 99
4972 157 106
4973 157 108
4974 157 109
4975 157 127
4976 157 128
4977 157 135
4978 157 136
4979 157 144
4980 157 146
4981 157 150
4982 157 154
4983 157 158
4984 157 160
4985 158 1
4986 158 2
4987 158 3
4988 158 4
4989 158 5
4990 158 6
4991 158 26
4992 158 34
4993 158 35
4994 158 41
4995 158 42
4996 158 43
4997 158 48
4998 158 52
4999 158 56
5000 158 57
5001 158 59
5002 158 62
5003 158 69
5004 158 80
5005 158 87
5006 158 90
5007 158 93
5008 158 96
5009 158 97
5010 158 98
5011 158 100
5012 158 106
5013 158 108
5014 158 109
5015 158 117
5016 158 118
5017 158 119
5018 158 120
5019 158 121
5020 158 122
5021 158 123
5022 158 127
5023 158 128
5024 158 135
5025 158 136
5026 158 144
5027 158 146
5028 158 150
5029 158 155
5030 158 156
5031 158 157
5032 158 158
5033 158 159
5034 158 160
5035 159 1
5036 159 6
5037 159 26
5038 159 34
5039 159 35
5040 159 41
5041 159 43
5042 159 48
5043 159 52
5044 159 56
5045 159 57
5046 159 59
5047 159 62
5048 159 69
5049 159 80
5050 159 87
5051 159 90
5052 159 93
5053 159 96
5054 159 98
5055 159 100
5056 159 106
5057 159 108
5058 159 109
5059 159 117
5060 159 123
5061 159 127
5062 159 128
5063 159 135
5064 159 137
5065 159 138
5066 159 139
5067 159 140
5068 159 144
5069 159 146
5070 159 150
5071 159 155
5072 159 157
5073 159 160
5074 160 1
5075 160 2
5076 160 3
5077 160 4
5078 160 5
5079 160 6
5080 160 27
5081 160 28
5082 160 29
5083 160 30
5084 160 31
5085 160 32
5086 160 33
5087 160 34
5088 160 35
5089 160 41
5090 160 42
5091 160 43
5092 160 48
5093 160 49
5094 160 50
5095 160 51
5096 160 52
5097 160 56
5098 160 57
5099 160 59
5100 160 60
5101 160 61
5102 160 62
5103 160 69
5104 160 80
5105 160 81
5106 160 82
5107 160 83
5108 160 84
5109 160 85
5110 160 86
5111 160 87
5112 160 90
5113 160 91
5114 160 92
5115 160 93
5116 160 96
5117 160 97
5118 160 98
5119 160 100
5120 160 101
5121 160 102
5122 160 103
5123 160 104
5124 160 105
5125 160 106
5126 160 108
5127 160 109
5128 160 117
5129 160 118
5130 160 119
5131 160 120
5132 160 121
5133 160 122
5134 160 123
5135 160 127
5136 160 128
5137 160 135
5138 160 136
5139 160 137
5140 160 138
5141 160 139
5142 160 140
5143 160 144
5144 160 145
5145 160 146
5146 160 150
5147 160 155
5148 160 156
5149 160 157
5150 160 160
