326
0 0 29
1 0 30
2 1 10
3 1 11
4 1 16
5 1 17
6 1 18
7 1 19
8 1 20
9 1 25
10 1 26
11 1 27
12 1 28
13 1 29
14 1 30
15 2 4
16 2 5
17 2 6
18 2 8
19 2 10
20 2 11
21 2 15
22 2 16
23 2 21
24 2 22
25 2 23
26 2 24
27 3 4
28 3 6
29 3 8
30 3 10
31 3 11
32 3 15
33 3 16
34 3 21
35 3 25
36 3 26
37 3 27
38 3 28
39 3 29
40 4 4
41 4 7
42 4 9
43 4 11
44 4 14
45 4 15
46 4 21
47 4 30
48 5 1
49 5 4
50 5 5
51 5 6
52 5 8
53 5 10
54 5 11
55 5 14
56 5 15
57 5 21
58 5 30
59 6 1
60 6 2
61 6 3
62 6 7
63 6 9
64 6 12
65 6 13
66 6 15
67 6 21
68 6 26
69 6 27
70 6 28
71 6 29
72 6 30
73 7 3
74 7 7
75 7 12
76 7 16
77 7 17
78 7 18
79 7 19
80 7 20
81 7 25
82 7 30
83 8 3
84 8 7
85 8 8
86 8 9
87 8 12
88 8 22
89 8 23
90 8 25
91 9 5
92 9 6
93 9 9
94 9 10
95 9 11
96 9 14
97 9 15
98 9 21
99 9 24
100 9 25
101 9 30
102 10 5
103 10 6
104 10 9
105 10 13
106 10 16
107 10 17
108 10 18
109 10 19
110 10 20
111 10 22
112 10 23
113 10 26
114 10 27
115 10 28
116 10 29
117 10 30
118 11 5
119 11 6
120 11 9
121 11 13
122 11 21
123 11 29
124 12 5
125 12 6
126 12 8
127 12 14
128 12 15
129 12 16
130 12 17
131 12 18
132 12 19
133 12 20
134 12 29
135 13 5
136 13 6
137 13 8
138 13 14
139 13 15
140 13 16
141 13 17
142 13 18
143 13 19
144 13 30
145 14 8
146 14 13
147 14 20
148 14 21
149 14 30
150 15 8
151 15 14
152 15 22
153 15 30
154 16 0
155 16 1
156 16 3
157 16 4
158 16 5
159 16 8
160 16 10
161 16 11
162 16 12
163 16 13
164 16 14
165 16 15
166 16 22
167 16 30
168 17 0
169 17 1
170 17 3
171 17 5
172 17 8
173 17 9
174 17 22
175 17 23
176 17 24
177 17 25
178 17 29
179 17 30
180 18 0
181 18 1
182 18 3
183 18 5
184 18 8
185 18 9
186 18 26
187 18 28
188 18 30
189 19 0
190 19 1
191 19 3
192 19 4
193 19 5
194 19 7
195 19 9
196 19 26
197 19 29
198 19 30
199 20 0
200 20 1
201 20 3
202 20 5
203 20 7
204 20 9
205 20 12
206 20 13
207 20 14
208 20 15
209 20 16
210 20 17
211 20 18
212 20 19
213 20 20
214 20 21
215 20 26
216 20 30
217 21 0
218 21 1
219 21 3
220 21 7
221 21 9
222 21 11
223 21 21
224 21 25
225 21 30
226 22 0
227 22 2
228 22 7
229 22 9
230 22 11
231 22 21
232 22 24
233 22 28
234 22 30
235 23 0
236 23 1
237 23 3
238 23 4
239 23 5
240 23 7
241 23 10
242 23 17
243 23 18
244 23 19
245 23 21
246 23 24
247 23 27
248 23 29
249 23 30
250 24 2
251 24 4
252 24 5
253 24 7
254 24 10
255 24 11
256 24 12
257 24 13
258 24 14
259 24 15
260 24 16
261 24 20
262 24 22
263 24 23
264 24 27
265 24 29
266 24 30
267 25 2
268 25 3
269 25 7
270 25 9
271 25 16
272 25 17
273 25 18
274 25 20
275 25 28
276 25 30
277 26 2
278 26 7
279 26 10
280 26 11
281 26 12
282 26 13
283 26 14
284 26 15
285 26 19
286 26 30
287 27 2
288 27 7
289 27 10
290 27 16
291 27 18
292 27 20
293 27 21
294 27 22
295 27 23
296 27 30
297 28 2
298 28 7
299 28 9
300 28 16
301 28 18
302 28 24
303 28 25
304 28 26
305 28 27
306 28 28
307 28 29
308 28 30
309 29 2
310 29 7
311 29 9
312 29 11
313 29 12
314 29 13
315 29 14
316 29 15
317 29 16
318 29 17
319 29 30
320 30 2
321 30 7
322 30 8
323 30 9
324 30 11
325 30 30
