122
0 0 1
1 0 2
2 0 6
3 0 7
4 1 1
5 1 2
6 1 3
7 1 8
8 1 10
9 1 11
10 1 12
11 2 1
12 2 2
13 2 3
14 2 18
15 2 19
16 2 20
17 3 0
18 3 18
19 3 19
20 3 20
21 5 0
22 5 1
23 5 2
24 5 3
25 5 6
26 6 0
27 6 1
28 6 2
29 6 3
30 6 6
31 7 0
32 7 1
33 7 2
34 8 0
35 8 1
36 8 2
37 9 0
38 9 1
39 9 2
40 9 6
41 9 7
42 9 8
43 10 2
44 10 6
45 10 7
46 10 8
47 10 13
48 10 14
49 11 2
50 11 6
51 11 7
52 11 8
53 11 13
54 12 2
55 12 6
56 12 7
57 12 8
58 12 10
59 12 11
60 12 12
61 12 14
62 12 17
63 12 18
64 13 2
65 13 6
66 13 7
67 13 8
68 13 10
69 13 11
70 13 17
71 13 18
72 14 2
73 14 6
74 14 7
75 14 8
76 14 17
77 14 18
78 14 19
79 15 2
80 15 3
81 15 6
82 15 7
83 15 8
84 15 12
85 15 13
86 15 14
87 15 15
88 15 16
89 15 18
90 15 19
91 16 2
92 16 15
93 16 16
94 16 17
95 16 18
96 16 19
97 17 1
98 17 15
99 17 16
100 17 17
101 17 20
102 18 1
103 18 7
104 18 8
105 18 15
106 18 16
107 18 17
108 18 20
109 19 0
110 19 1
111 19 3
112 19 4
113 19 7
114 19 8
115 19 18
116 19 19
117 19 20
118 20 0
119 20 1
120 20 3
121 20 4
