1144
0 0 0
1 0 17
2 0 18
3 0 19
4 0 20
5 0 21
6 0 22
7 0 23
8 0 24
9 0 25
10 0 26
11 0 27
12 0 28
13 0 29
14 0 30
15 0 31
16 0 32
17 0 33
18 0 34
19 0 35
20 0 36
21 0 37
22 0 38
23 0 39
24 0 40
25 0 41
26 0 42
27 0 43
28 0 44
29 0 45
30 0 46
31 0 62
32 0 63
33 0 64
34 0 65
35 0 66
36 0 67
37 0 68
38 0 69
39 0 70
40 1 0
41 1 62
42 1 70
43 2 0
44 2 1
45 2 2
46 2 3
47 2 4
48 2 5
49 2 31
50 2 32
51 2 33
52 2 44
53 2 50
54 2 51
55 2 62
56 2 63
57 2 64
58 2 65
59 2 66
60 2 67
61 2 68
62 2 69
63 2 70
64 3 0
65 3 5
66 3 8
67 3 27
68 3 28
69 3 29
70 3 30
71 3 31
72 3 45
73 3 46
74 3 47
75 3 48
76 3 49
77 3 50
78 3 56
79 3 57
80 3 58
81 3 59
82 3 60
83 3 61
84 4 0
85 4 5
86 4 8
87 4 27
88 4 28
89 4 29
90 4 30
91 4 31
92 4 45
93 4 46
94 4 49
95 4 50
96 4 56
97 4 57
98 4 58
99 4 59
100 4 60
101 4 61
102 5 0
103 5 5
104 5 8
105 5 32
106 5 33
107 5 45
108 5 47
109 5 48
110 5 51
111 5 52
112 5 53
113 5 54
114 5 55
115 5 61
116 5 62
117 5 63
118 5 64
119 6 0
120 6 5
121 6 8
122 6 32
123 6 34
124 6 35
125 6 36
126 6 37
127 6 38
128 6 39
129 6 45
130 6 46
131 6 48
132 6 51
133 6 56
134 6 57
135 6 58
136 6 59
137 6 60
138 6 65
139 6 66
140 7 0
141 7 5
142 7 8
143 7 13
144 7 14
145 7 15
146 7 16
147 7 17
148 7 18
149 7 19
150 7 20
151 7 21
152 7 22
153 7 23
154 7 24
155 7 25
156 7 26
157 7 33
158 7 40
159 7 41
160 7 42
161 7 43
162 7 44
163 7 45
164 7 48
165 7 51
166 7 60
167 7 65
168 7 66
169 8 0
170 8 5
171 8 8
172 8 13
173 8 23
174 8 33
175 8 46
176 8 48
177 8 51
178 8 60
179 8 65
180 8 66
181 9 0
182 9 5
183 9 8
184 9 13
185 9 18
186 9 19
187 9 20
188 9 21
189 9 22
190 9 23
191 9 33
192 9 46
193 9 47
194 9 48
195 9 51
196 9 52
197 9 53
198 9 54
199 9 55
200 9 56
201 9 57
202 9 58
203 9 59
204 9 60
205 9 65
206 10 0
207 10 5
208 10 7
209 10 9
210 10 12
211 10 17
212 10 33
213 10 34
214 10 35
215 10 36
216 10 37
217 10 38
218 10 39
219 10 40
220 10 61
221 10 62
222 10 63
223 10 64
224 11 0
225 11 5
226 11 7
227 11 12
228 11 13
229 11 14
230 11 15
231 11 16
232 11 17
233 11 25
234 11 26
235 11 27
236 11 28
237 11 33
238 11 34
239 11 35
240 11 61
241 11 64
242 12 0
243 12 4
244 12 5
245 12 7
246 12 8
247 12 22
248 12 23
249 12 61
250 12 64
251 13 0
252 13 1
253 13 2
254 13 3
255 13 7
256 13 8
257 13 22
258 13 23
259 13 61
260 13 62
261 13 63
262 13 64
263 14 0
264 14 6
265 14 22
266 14 23
267 14 35
268 14 36
269 14 45
270 14 46
271 14 47
272 14 48
273 14 49
274 14 50
275 14 51
276 14 52
277 14 53
278 14 54
279 14 55
280 14 56
281 14 57
282 14 58
283 14 59
284 14 60
285 14 65
286 14 66
287 14 67
288 14 68
289 14 69
290 14 70
291 15 0
292 15 7
293 15 12
294 15 13
295 15 14
296 15 15
297 15 22
298 15 23
299 15 35
300 15 36
301 15 53
302 15 60
303 15 65
304 15 70
305 16 0
306 16 7
307 16 12
308 16 15
309 16 22
310 16 25
311 16 26
312 16 27
313 16 28
314 16 29
315 16 53
316 16 54
317 16 55
318 16 56
319 16 57
320 16 58
321 16 59
322 16 60
323 16 65
324 16 70
325 17 0
326 17 7
327 17 12
328 17 16
329 17 17
330 17 18
331 17 19
332 17 20
333 17 21
334 17 24
335 17 25
336 17 30
337 17 31
338 17 32
339 17 33
340 17 34
341 17 35
342 17 36
343 17 40
344 17 53
345 17 65
346 17 66
347 17 67
348 17 68
349 17 69
350 17 70
351 18 0
352 18 7
353 18 10
354 18 11
355 18 16
356 18 17
357 18 18
358 18 19
359 18 20
360 18 21
361 18 24
362 18 25
363 18 30
364 18 36
365 18 61
366 18 62
367 18 63
368 18 64
369 19 0
370 19 7
371 19 10
372 19 15
373 19 22
374 19 30
375 19 37
376 19 38
377 19 39
378 19 41
379 19 42
380 19 61
381 19 64
382 20 0
383 20 7
384 20 10
385 20 15
386 20 30
387 20 31
388 20 39
389 20 62
390 20 63
391 20 64
392 21 0
393 21 2
394 21 10
395 21 12
396 21 15
397 21 32
398 21 39
399 21 64
400 22 0
401 22 2
402 22 10
403 22 11
404 22 13
405 22 15
406 22 23
407 22 24
408 22 25
409 22 26
410 22 27
411 22 28
412 22 32
413 22 39
414 22 64
415 23 0
416 23 2
417 23 10
418 23 11
419 23 14
420 23 15
421 23 23
422 23 28
423 23 32
424 23 33
425 23 34
426 23 35
427 23 36
428 23 37
429 23 39
430 23 64
431 24 0
432 24 2
433 24 10
434 24 11
435 24 14
436 24 15
437 24 22
438 24 28
439 24 38
440 24 39
441 24 49
442 24 50
443 24 51
444 24 64
445 25 0
446 25 2
447 25 10
448 25 12
449 25 13
450 25 15
451 25 23
452 25 28
453 25 38
454 25 39
455 25 49
456 25 52
457 25 54
458 25 55
459 25 56
460 25 64
461 26 0
462 26 2
463 26 3
464 26 4
465 26 5
466 26 10
467 26 12
468 26 15
469 26 23
470 26 28
471 26 37
472 26 39
473 26 49
474 26 52
475 26 54
476 26 57
477 26 62
478 26 63
479 26 64
480 26 68
481 27 0
482 27 2
483 27 5
484 27 10
485 27 12
486 27 15
487 27 23
488 27 24
489 27 25
490 27 26
491 27 27
492 27 28
493 27 37
494 27 39
495 27 49
496 27 53
497 27 57
498 27 68
499 28 2
500 28 5
501 28 10
502 28 12
503 28 15
504 28 18
505 28 19
506 28 20
507 28 29
508 28 30
509 28 31
510 28 37
511 28 40
512 28 49
513 28 57
514 28 68
515 29 2
516 29 5
517 29 10
518 29 13
519 29 14
520 29 15
521 29 18
522 29 19
523 29 20
524 29 29
525 29 30
526 29 37
527 29 38
528 29 39
529 29 40
530 29 49
531 29 50
532 29 51
533 29 52
534 29 53
535 29 54
536 29 55
537 29 56
538 29 57
539 29 62
540 29 63
541 29 64
542 30 2
543 30 5
544 30 10
545 30 23
546 30 24
547 30 25
548 30 26
549 30 27
550 30 28
551 30 32
552 30 33
553 30 62
554 30 63
555 30 64
556 31 2
557 31 5
558 31 10
559 31 29
560 31 30
561 31 41
562 31 42
563 32 2
564 32 4
565 32 10
566 32 11
567 32 12
568 32 13
569 32 27
570 32 28
571 32 30
572 32 41
573 32 42
574 33 2
575 33 3
576 33 4
577 33 5
578 33 6
579 33 7
580 33 8
581 33 9
582 33 14
583 33 27
584 33 30
585 33 40
586 33 42
587 34 0
588 34 10
589 34 11
590 34 12
591 34 13
592 34 27
593 34 30
594 34 40
595 34 42
596 34 61
597 34 64
598 35 0
599 35 10
600 35 13
601 35 21
602 35 22
603 35 27
604 35 31
605 35 40
606 35 42
607 35 61
608 35 64
609 35 66
610 35 67
611 35 69
612 36 0
613 36 10
614 36 11
615 36 12
616 36 13
617 36 21
618 36 22
619 36 27
620 36 28
621 36 29
622 36 30
623 36 40
624 36 42
625 36 61
626 36 64
627 36 66
628 36 67
629 36 69
630 37 0
631 37 3
632 37 4
633 37 5
634 37 21
635 37 22
636 37 23
637 37 40
638 37 42
639 37 47
640 37 48
641 37 58
642 37 61
643 37 64
644 37 66
645 37 68
646 37 70
647 38 0
648 38 3
649 38 5
650 38 40
651 38 42
652 38 47
653 38 48
654 38 58
655 38 63
656 38 64
657 38 66
658 38 69
659 38 70
660 39 0
661 39 3
662 39 5
663 39 24
664 39 25
665 39 26
666 39 27
667 39 28
668 39 29
669 39 30
670 39 40
671 39 42
672 39 47
673 39 48
674 39 58
675 39 63
676 39 64
677 39 66
678 39 68
679 40 0
680 40 3
681 40 4
682 40 5
683 40 24
684 40 30
685 40 40
686 40 42
687 40 45
688 40 46
689 40 47
690 40 48
691 40 62
692 40 64
693 40 66
694 40 68
695 41 0
696 41 5
697 41 24
698 41 25
699 41 26
700 41 27
701 41 28
702 41 30
703 41 40
704 41 42
705 41 62
706 41 63
707 41 64
708 41 66
709 41 68
710 42 0
711 42 5
712 42 29
713 42 40
714 42 41
715 42 42
716 42 59
717 42 60
718 42 61
719 42 65
720 42 68
721 43 0
722 43 5
723 43 24
724 43 25
725 43 26
726 43 43
727 43 44
728 43 59
729 43 61
730 43 65
731 43 66
732 43 67
733 43 68
734 44 0
735 44 5
736 44 17
737 44 23
738 44 27
739 44 28
740 44 29
741 44 38
742 44 39
743 44 40
744 44 41
745 44 42
746 44 43
747 44 44
748 44 60
749 44 62
750 44 63
751 44 64
752 45 0
753 45 24
754 45 25
755 45 26
756 45 29
757 45 59
758 45 64
759 46 0
760 46 24
761 46 25
762 46 26
763 46 27
764 46 28
765 46 49
766 46 59
767 46 64
768 47 0
769 47 18
770 47 19
771 47 20
772 47 21
773 47 22
774 47 23
775 47 45
776 47 53
777 47 59
778 47 65
779 47 68
780 48 12
781 48 13
782 48 18
783 48 23
784 48 45
785 48 53
786 48 59
787 48 65
788 48 66
789 48 67
790 49 12
791 49 13
792 49 18
793 49 23
794 49 26
795 49 27
796 49 28
797 49 45
798 49 53
799 49 59
800 49 60
801 49 61
802 49 62
803 49 63
804 49 64
805 49 68
806 50 12
807 50 13
808 50 18
809 50 23
810 50 26
811 50 28
812 50 32
813 50 33
814 50 34
815 50 35
816 50 36
817 50 48
818 50 52
819 50 53
820 50 68
821 51 12
822 51 13
823 51 18
824 51 23
825 51 26
826 51 28
827 51 30
828 51 31
829 51 32
830 51 33
831 51 34
832 51 35
833 51 36
834 51 48
835 51 52
836 51 53
837 51 68
838 52 12
839 52 13
840 52 18
841 52 19
842 52 20
843 52 21
844 52 22
845 52 23
846 52 26
847 52 27
848 52 28
849 52 46
850 52 47
851 52 48
852 52 52
853 52 53
854 52 68
855 52 69
856 52 70
857 53 12
858 53 13
859 53 26
860 53 59
861 53 60
862 53 61
863 53 68
864 53 70
865 54 12
866 54 13
867 54 26
868 54 51
869 54 68
870 54 70
871 55 12
872 55 13
873 55 51
874 55 52
875 55 53
876 55 54
877 55 55
878 55 56
879 55 57
880 55 58
881 55 61
882 55 62
883 55 63
884 55 64
885 55 68
886 55 70
887 56 8
888 56 9
889 56 10
890 56 11
891 56 13
892 56 51
893 56 58
894 56 61
895 56 64
896 56 67
897 56 70
898 57 8
899 57 9
900 57 13
901 57 29
902 57 30
903 57 31
904 57 32
905 57 33
906 57 34
907 57 35
908 57 36
909 57 51
910 57 52
911 57 53
912 57 54
913 57 55
914 57 56
915 57 57
916 57 58
917 57 61
918 57 62
919 57 63
920 57 64
921 57 67
922 57 70
923 58 0
924 58 10
925 58 14
926 58 15
927 58 16
928 58 17
929 58 18
930 58 19
931 58 29
932 58 36
933 58 67
934 58 70
935 59 0
936 59 10
937 59 13
938 59 19
939 59 29
940 59 30
941 59 31
942 59 32
943 59 33
944 59 34
945 59 35
946 59 36
947 59 67
948 59 70
949 60 0
950 60 10
951 60 13
952 60 67
953 60 68
954 60 69
955 60 70
956 61 0
957 61 10
958 61 13
959 61 37
960 61 61
961 62 0
962 62 1
963 62 2
964 62 10
965 62 13
966 62 22
967 62 23
968 62 24
969 62 25
970 62 26
971 62 27
972 62 28
973 62 36
974 62 38
975 62 39
976 62 43
977 62 44
978 62 45
979 62 50
980 62 51
981 62 52
982 62 53
983 62 54
984 62 55
985 62 56
986 63 0
987 63 2
988 63 10
989 63 14
990 63 15
991 63 16
992 63 17
993 63 18
994 63 25
995 63 28
996 63 36
997 63 38
998 63 40
999 63 41
1000 63 42
1001 63 50
1002 63 51
1003 63 56
1004 64 0
1005 64 2
1006 64 10
1007 64 19
1008 64 20
1009 64 21
1010 64 22
1011 64 23
1012 64 24
1013 64 25
1014 64 26
1015 64 27
1016 64 28
1017 64 36
1018 64 38
1019 64 41
1020 64 52
1021 64 53
1022 64 54
1023 64 55
1024 64 56
1025 64 61
1026 64 62
1027 64 63
1028 64 64
1029 65 0
1030 65 2
1031 65 10
1032 65 19
1033 65 29
1034 65 30
1035 65 31
1036 65 32
1037 65 33
1038 65 34
1039 65 35
1040 65 36
1041 65 38
1042 65 42
1043 65 43
1044 65 44
1045 65 45
1046 65 47
1047 65 48
1048 65 49
1049 66 0
1050 66 1
1051 66 2
1052 66 10
1053 66 11
1054 66 12
1055 66 13
1056 66 14
1057 66 15
1058 66 16
1059 66 17
1060 66 18
1061 66 19
1062 66 29
1063 66 36
1064 66 38
1065 66 45
1066 66 47
1067 66 49
1068 67 5
1069 67 29
1070 67 30
1071 67 31
1072 67 32
1073 67 33
1074 67 34
1075 67 35
1076 67 36
1077 67 38
1078 67 39
1079 67 40
1080 67 41
1081 67 42
1082 67 43
1083 67 44
1084 67 45
1085 67 46
1086 67 47
1087 67 48
1088 67 60
1089 67 61
1090 67 62
1091 67 63
1092 67 64
1093 67 65
1094 67 66
1095 67 67
1096 67 68
1097 67 69
1098 67 70
1099 68 5
1100 68 9
1101 68 22
1102 68 23
1103 68 24
1104 68 25
1105 68 26
1106 68 27
1107 68 28
1108 68 37
1109 68 60
1110 68 70
1111 69 0
1112 69 1
1113 69 2
1114 69 5
1115 69 29
1116 69 30
1117 69 31
1118 69 37
1119 69 38
1120 69 39
1121 69 40
1122 69 60
1123 69 70
1124 70 0
1125 70 1
1126 70 2
1127 70 5
1128 70 29
1129 70 30
1130 70 31
1131 70 32
1132 70 33
1133 70 60
1134 70 61
1135 70 62
1136 70 63
1137 70 64
1138 70 65
1139 70 66
1140 70 67
1141 70 68
1142 70 69
1143 70 70
