1260
0 0 0
1 0 1
2 0 2
3 0 3
4 0 4
5 0 5
6 0 6
7 0 7
8 0 8
9 0 9
10 0 10
11 0 26
12 0 27
13 0 28
14 0 29
15 0 30
16 0 31
17 0 46
18 0 47
19 0 48
20 1 0
21 1 1
22 1 11
23 1 12
24 1 17
25 1 22
26 1 23
27 1 24
28 1 25
29 1 31
30 1 46
31 1 48
32 1 51
33 1 52
34 1 53
35 1 54
36 1 55
37 1 56
38 1 57
39 1 58
40 1 59
41 1 60
42 1 61
43 2 0
44 2 1
45 2 17
46 2 22
47 2 26
48 2 27
49 2 31
50 2 46
51 2 48
52 2 55
53 2 62
54 2 63
55 2 64
56 3 0
57 3 1
58 3 18
59 3 19
60 3 22
61 3 23
62 3 24
63 3 25
64 3 28
65 3 29
66 3 30
67 3 31
68 3 46
69 3 48
70 3 55
71 3 56
72 3 57
73 3 58
74 3 59
75 3 60
76 3 61
77 3 62
78 3 63
79 3 64
80 4 0
81 4 1
82 4 5
83 4 6
84 4 17
85 4 18
86 4 19
87 4 26
88 4 27
89 4 46
90 4 47
91 4 49
92 4 50
93 5 2
94 5 25
95 5 28
96 5 29
97 5 30
98 5 31
99 5 32
100 5 46
101 5 47
102 5 49
103 5 50
104 5 53
105 5 54
106 6 2
107 6 13
108 6 14
109 6 15
110 6 16
111 6 22
112 6 23
113 6 24
114 6 25
115 6 28
116 6 32
117 6 33
118 6 34
119 6 35
120 6 36
121 6 37
122 6 46
123 6 47
124 6 54
125 7 2
126 7 13
127 7 16
128 7 19
129 7 20
130 7 25
131 7 32
132 7 37
133 7 46
134 7 47
135 7 54
136 8 2
137 8 13
138 8 14
139 8 15
140 8 19
141 8 20
142 8 21
143 8 22
144 8 23
145 8 24
146 8 32
147 8 38
148 8 39
149 8 40
150 8 41
151 8 42
152 8 43
153 8 44
154 8 48
155 8 49
156 8 50
157 8 54
158 9 0
159 9 1
160 9 4
161 9 5
162 9 6
163 9 7
164 9 8
165 9 9
166 9 22
167 9 24
168 9 32
169 9 44
170 9 48
171 9 49
172 9 50
173 9 54
174 10 0
175 10 3
176 10 4
177 10 5
178 10 8
179 10 9
180 10 16
181 10 17
182 10 18
183 10 22
184 10 24
185 10 31
186 10 44
187 10 47
188 10 51
189 10 52
190 10 53
191 10 54
192 11 1
193 11 5
194 11 11
195 11 12
196 11 14
197 11 15
198 11 19
199 11 20
200 11 21
201 11 24
202 11 31
203 11 44
204 11 46
205 11 48
206 11 49
207 11 50
208 11 55
209 11 56
210 11 57
211 11 58
212 12 1
213 12 6
214 12 10
215 12 12
216 12 14
217 12 15
218 12 19
219 12 24
220 12 27
221 12 28
222 12 31
223 12 37
224 12 38
225 12 39
226 12 40
227 12 41
228 12 44
229 12 46
230 12 50
231 12 56
232 12 57
233 12 58
234 12 62
235 12 63
236 12 64
237 13 1
238 13 6
239 13 10
240 13 12
241 13 14
242 13 15
243 13 19
244 13 24
245 13 27
246 13 28
247 13 31
248 13 36
249 13 42
250 13 44
251 13 46
252 13 50
253 13 59
254 13 60
255 13 61
256 13 63
257 13 64
258 14 1
259 14 6
260 14 10
261 14 12
262 14 14
263 14 15
264 14 19
265 14 20
266 14 24
267 14 27
268 14 28
269 14 31
270 14 34
271 14 35
272 14 36
273 14 42
274 14 43
275 14 44
276 14 46
277 14 50
278 14 59
279 14 60
280 15 1
281 15 11
282 15 12
283 15 16
284 15 19
285 15 21
286 15 22
287 15 23
288 15 24
289 15 27
290 15 28
291 15 31
292 15 32
293 15 33
294 15 40
295 15 41
296 15 44
297 15 46
298 15 47
299 15 48
300 15 49
301 15 50
302 15 59
303 15 60
304 16 1
305 16 11
306 16 12
307 16 14
308 16 15
309 16 27
310 16 28
311 16 33
312 16 34
313 16 42
314 16 43
315 16 50
316 16 59
317 16 60
318 17 1
319 17 7
320 17 8
321 17 9
322 17 10
323 17 14
324 17 15
325 17 27
326 17 28
327 17 33
328 17 34
329 17 42
330 17 43
331 17 50
332 17 59
333 17 60
334 18 1
335 18 7
336 18 8
337 18 9
338 18 10
339 18 14
340 18 15
341 18 27
342 18 28
343 18 33
344 18 37
345 18 42
346 18 43
347 18 46
348 18 47
349 18 48
350 18 49
351 18 51
352 18 52
353 18 53
354 18 54
355 18 59
356 18 60
357 19 14
358 19 15
359 19 26
360 19 33
361 19 37
362 19 42
363 19 43
364 19 50
365 19 59
366 19 60
367 19 61
368 20 0
369 20 1
370 20 14
371 20 15
372 20 26
373 20 33
374 20 38
375 20 39
376 20 44
377 20 45
378 20 51
379 20 52
380 20 53
381 20 54
382 20 55
383 20 62
384 21 0
385 21 1
386 21 7
387 21 8
388 21 9
389 21 14
390 21 15
391 21 20
392 21 24
393 21 25
394 21 26
395 21 33
396 21 38
397 21 39
398 21 44
399 21 45
400 21 51
401 21 52
402 21 53
403 21 54
404 21 55
405 21 62
406 22 0
407 22 1
408 22 6
409 22 10
410 22 11
411 22 12
412 22 13
413 22 16
414 22 17
415 22 18
416 22 19
417 22 21
418 22 22
419 22 23
420 22 25
421 22 26
422 22 33
423 22 38
424 22 39
425 22 43
426 22 49
427 22 50
428 22 55
429 22 63
430 23 0
431 23 3
432 23 7
433 23 8
434 23 9
435 23 13
436 23 20
437 23 24
438 23 26
439 23 38
440 23 39
441 23 42
442 23 46
443 23 52
444 23 53
445 23 54
446 23 59
447 23 60
448 23 61
449 23 62
450 23 63
451 24 0
452 24 3
453 24 7
454 24 12
455 24 13
456 24 20
457 24 24
458 24 26
459 24 38
460 24 39
461 24 42
462 24 46
463 24 57
464 24 62
465 24 63
466 25 0
467 25 3
468 25 7
469 25 11
470 25 20
471 25 24
472 25 26
473 25 30
474 25 33
475 25 38
476 25 39
477 25 42
478 25 46
479 25 56
480 25 58
481 26 0
482 26 7
483 26 11
484 26 20
485 26 24
486 26 26
487 26 30
488 26 33
489 26 38
490 26 39
491 26 42
492 26 46
493 26 56
494 26 58
495 26 59
496 26 60
497 27 0
498 27 7
499 27 11
500 27 20
501 27 24
502 27 26
503 27 30
504 27 35
505 27 36
506 27 37
507 27 40
508 27 41
509 27 43
510 27 47
511 27 48
512 27 57
513 27 58
514 27 59
515 27 60
516 27 62
517 27 63
518 27 64
519 28 0
520 28 7
521 28 8
522 28 9
523 28 10
524 28 11
525 28 16
526 28 17
527 28 18
528 28 19
529 28 24
530 28 25
531 28 26
532 28 32
533 28 34
534 28 40
535 28 41
536 28 43
537 28 47
538 28 48
539 28 62
540 28 64
541 29 0
542 29 7
543 29 12
544 29 13
545 29 15
546 29 32
547 29 35
548 29 36
549 29 37
550 29 40
551 29 41
552 29 47
553 29 48
554 29 62
555 29 64
556 30 0
557 30 7
558 30 8
559 30 9
560 30 10
561 30 11
562 30 16
563 30 17
564 30 18
565 30 19
566 30 20
567 30 24
568 30 25
569 30 26
570 30 27
571 30 38
572 30 39
573 30 44
574 30 47
575 30 48
576 30 51
577 30 62
578 30 64
579 31 7
580 31 10
581 31 14
582 31 24
583 31 27
584 31 35
585 31 36
586 31 37
587 31 39
588 31 43
589 31 45
590 31 47
591 31 48
592 31 51
593 31 62
594 31 64
595 32 7
596 32 10
597 32 14
598 32 24
599 32 25
600 32 26
601 32 27
602 32 32
603 32 33
604 32 34
605 32 35
606 32 39
607 32 45
608 32 47
609 32 48
610 32 62
611 32 64
612 33 1
613 33 7
614 33 8
615 33 9
616 33 10
617 33 14
618 33 30
619 33 31
620 33 36
621 33 37
622 33 38
623 33 39
624 33 45
625 33 47
626 33 48
627 33 62
628 33 64
629 34 3
630 34 4
631 34 5
632 34 14
633 34 30
634 34 32
635 34 33
636 34 34
637 34 35
638 34 41
639 34 42
640 34 43
641 34 44
642 34 47
643 34 48
644 34 62
645 34 64
646 35 1
647 35 4
648 35 5
649 35 14
650 35 16
651 35 17
652 35 18
653 35 19
654 35 20
655 35 30
656 35 33
657 35 34
658 35 41
659 35 44
660 35 46
661 35 49
662 35 50
663 35 51
664 35 62
665 35 64
666 36 2
667 36 14
668 36 30
669 36 31
670 36 32
671 36 41
672 36 43
673 36 44
674 36 46
675 36 47
676 36 48
677 36 49
678 36 50
679 36 51
680 36 60
681 36 62
682 36 64
683 37 3
684 37 6
685 37 7
686 37 8
687 37 9
688 37 10
689 37 14
690 37 41
691 37 42
692 37 60
693 37 62
694 37 64
695 38 0
696 38 1
697 38 2
698 38 14
699 38 41
700 38 43
701 38 44
702 38 60
703 38 62
704 38 64
705 39 0
706 39 2
707 39 4
708 39 14
709 39 41
710 39 43
711 39 44
712 39 60
713 39 62
714 39 64
715 40 0
716 40 2
717 40 4
718 40 14
719 40 18
720 40 19
721 40 20
722 40 33
723 40 35
724 40 37
725 40 38
726 40 39
727 40 42
728 40 45
729 40 46
730 40 47
731 40 48
732 40 49
733 40 50
734 40 51
735 40 52
736 40 53
737 40 54
738 40 55
739 40 56
740 40 57
741 40 60
742 40 62
743 40 64
744 41 0
745 41 2
746 41 7
747 41 14
748 41 18
749 41 20
750 41 33
751 41 35
752 41 37
753 41 38
754 41 42
755 41 45
756 41 49
757 41 56
758 41 57
759 41 58
760 41 59
761 41 60
762 41 62
763 41 64
764 42 0
765 42 2
766 42 7
767 42 14
768 42 17
769 42 18
770 42 19
771 42 20
772 42 37
773 42 38
774 42 42
775 42 45
776 42 49
777 42 59
778 42 60
779 42 62
780 42 64
781 43 0
782 43 2
783 43 7
784 43 11
785 43 12
786 43 13
787 43 30
788 43 34
789 43 36
790 43 42
791 43 45
792 43 46
793 43 47
794 43 48
795 43 49
796 43 59
797 43 60
798 43 62
799 43 63
800 44 0
801 44 2
802 44 6
803 44 8
804 44 9
805 44 10
806 44 14
807 44 15
808 44 16
809 44 18
810 44 19
811 44 20
812 44 24
813 44 30
814 44 34
815 44 36
816 44 41
817 44 43
818 44 44
819 44 50
820 44 51
821 44 52
822 44 59
823 44 60
824 44 62
825 44 63
826 45 0
827 45 2
828 45 7
829 45 10
830 45 11
831 45 12
832 45 13
833 45 14
834 45 15
835 45 16
836 45 18
837 45 19
838 45 20
839 45 24
840 45 26
841 45 31
842 45 32
843 45 33
844 45 34
845 45 36
846 45 41
847 45 43
848 45 44
849 45 50
850 45 51
851 45 60
852 45 62
853 45 63
854 46 0
855 46 2
856 46 9
857 46 17
858 46 23
859 46 26
860 46 30
861 46 34
862 46 36
863 46 41
864 46 43
865 46 44
866 46 50
867 46 51
868 46 57
869 46 58
870 46 60
871 46 62
872 46 63
873 47 0
874 47 2
875 47 9
876 47 16
877 47 18
878 47 19
879 47 20
880 47 23
881 47 26
882 47 30
883 47 34
884 47 41
885 47 43
886 47 44
887 47 49
888 47 55
889 47 57
890 47 58
891 47 60
892 47 62
893 47 63
894 48 0
895 48 2
896 48 9
897 48 10
898 48 11
899 48 18
900 48 20
901 48 23
902 48 26
903 48 30
904 48 34
905 48 39
906 48 40
907 48 41
908 48 43
909 48 45
910 48 46
911 48 47
912 48 48
913 48 55
914 48 57
915 48 58
916 48 60
917 48 62
918 48 63
919 49 0
920 49 2
921 49 9
922 49 10
923 49 11
924 49 18
925 49 19
926 49 20
927 49 23
928 49 27
929 49 28
930 49 30
931 49 31
932 49 32
933 49 33
934 49 34
935 49 39
936 49 43
937 49 44
938 49 45
939 49 46
940 49 47
941 49 57
942 49 58
943 49 60
944 50 0
945 50 3
946 50 6
947 50 7
948 50 8
949 50 12
950 50 13
951 50 14
952 50 15
953 50 29
954 50 37
955 50 38
956 50 49
957 50 50
958 50 57
959 50 58
960 50 60
961 51 0
962 51 3
963 51 6
964 51 8
965 51 12
966 51 15
967 51 29
968 51 37
969 51 38
970 51 49
971 51 50
972 51 57
973 51 58
974 51 61
975 51 63
976 52 0
977 52 3
978 52 6
979 52 7
980 52 8
981 52 12
982 52 14
983 52 27
984 52 28
985 52 30
986 52 31
987 52 32
988 52 33
989 52 34
990 52 35
991 52 37
992 52 44
993 52 45
994 52 46
995 52 47
996 52 48
997 52 51
998 52 52
999 52 53
1000 52 57
1001 52 58
1002 52 61
1003 52 64
1004 53 0
1005 53 1
1006 53 2
1007 53 4
1008 53 5
1009 53 12
1010 53 13
1011 53 14
1012 53 16
1013 53 17
1014 53 18
1015 53 19
1016 53 20
1017 53 21
1018 53 22
1019 53 23
1020 53 27
1021 53 28
1022 53 30
1023 53 33
1024 53 34
1025 53 35
1026 53 37
1027 53 44
1028 53 45
1029 53 46
1030 53 47
1031 53 48
1032 53 49
1033 53 50
1034 53 51
1035 53 53
1036 53 57
1037 53 58
1038 53 61
1039 53 64
1040 54 0
1041 54 3
1042 54 6
1043 54 7
1044 54 8
1045 54 9
1046 54 10
1047 54 11
1048 54 16
1049 54 23
1050 54 27
1051 54 30
1052 54 32
1053 54 37
1054 54 52
1055 54 53
1056 54 57
1057 54 58
1058 54 60
1059 54 61
1060 54 64
1061 55 0
1062 55 16
1063 55 23
1064 55 27
1065 55 30
1066 55 32
1067 55 37
1068 55 43
1069 55 44
1070 55 45
1071 55 46
1072 55 47
1073 55 48
1074 55 49
1075 55 54
1076 55 55
1077 55 56
1078 55 59
1079 55 60
1080 55 61
1081 55 64
1082 56 0
1083 56 16
1084 56 22
1085 56 24
1086 56 25
1087 56 26
1088 56 31
1089 56 33
1090 56 34
1091 56 35
1092 56 43
1093 56 44
1094 56 45
1095 56 46
1096 56 47
1097 56 48
1098 56 62
1099 56 63
1100 56 64
1101 57 1
1102 57 2
1103 57 6
1104 57 7
1105 57 8
1106 57 9
1107 57 10
1108 57 11
1109 57 16
1110 57 19
1111 57 20
1112 57 21
1113 57 22
1114 57 24
1115 57 25
1116 57 26
1117 57 29
1118 57 30
1119 57 31
1120 57 32
1121 57 33
1122 57 34
1123 57 35
1124 57 55
1125 57 56
1126 58 3
1127 58 4
1128 58 5
1129 58 9
1130 58 11
1131 58 16
1132 58 18
1133 58 23
1134 58 27
1135 58 28
1136 58 55
1137 59 3
1138 59 6
1139 59 7
1140 59 8
1141 59 10
1142 59 11
1143 59 16
1144 59 17
1145 59 23
1146 59 24
1147 59 25
1148 59 26
1149 59 29
1150 59 39
1151 59 40
1152 59 41
1153 59 55
1154 59 62
1155 60 3
1156 60 4
1157 60 5
1158 60 6
1159 60 8
1160 60 10
1161 60 11
1162 60 16
1163 60 17
1164 60 23
1165 60 30
1166 60 31
1167 60 32
1168 60 33
1169 60 39
1170 60 41
1171 60 55
1172 60 56
1173 60 57
1174 60 58
1175 60 59
1176 60 60
1177 60 61
1178 60 62
1179 61 7
1180 61 8
1181 61 10
1182 61 11
1183 61 13
1184 61 14
1185 61 15
1186 61 20
1187 61 21
1188 61 22
1189 61 33
1190 61 39
1191 61 41
1192 61 54
1193 61 62
1194 62 8
1195 62 10
1196 62 12
1197 62 13
1198 62 15
1199 62 20
1200 62 21
1201 62 22
1202 62 23
1203 62 24
1204 62 33
1205 62 39
1206 62 41
1207 62 45
1208 62 46
1209 62 47
1210 62 48
1211 62 49
1212 62 50
1213 62 51
1214 62 52
1215 62 53
1216 62 62
1217 63 8
1218 63 10
1219 63 11
1220 63 14
1221 63 15
1222 63 25
1223 63 26
1224 63 27
1225 63 28
1226 63 29
1227 63 30
1228 63 31
1229 63 32
1230 63 33
1231 63 38
1232 63 39
1233 63 40
1234 63 41
1235 63 45
1236 63 61
1237 63 62
1238 64 8
1239 64 10
1240 64 11
1241 64 34
1242 64 35
1243 64 42
1244 64 45
1245 64 46
1246 64 47
1247 64 48
1248 64 49
1249 64 50
1250 64 51
1251 64 52
1252 64 53
1253 64 54
1254 64 55
1255 64 56
1256 64 57
1257 64 58
1258 64 59
1259 64 60
