5404
0 0 1
1 0 2
2 0 3
3 0 4
4 0 5
5 0 6
6 0 7
7 0 8
8 0 47
9 0 48
10 0 49
11 0 58
12 0 59
13 0 60
14 0 61
15 0 62
16 0 63
17 0 64
18 0 65
19 0 66
20 0 105
21 0 106
22 0 107
23 0 108
24 0 109
25 0 110
26 0 111
27 0 112
28 0 113
29 0 114
30 0 115
31 0 116
32 0 152
33 0 153
34 0 154
35 0 155
36 0 156
37 0 157
38 0 158
39 0 159
40 0 160
41 1 0
42 1 2
43 1 6
44 1 9
45 1 10
46 1 47
47 1 48
48 1 49
49 1 58
50 1 66
51 1 105
52 1 106
53 1 107
54 1 108
55 1 109
56 1 110
57 1 116
58 1 127
59 1 128
60 1 129
61 1 130
62 1 131
63 1 132
64 1 152
65 1 156
66 1 159
67 1 160
68 2 0
69 2 2
70 2 5
71 2 6
72 2 9
73 2 11
74 2 12
75 2 13
76 2 14
77 2 15
78 2 16
79 2 17
80 2 18
81 2 19
82 2 20
83 2 21
84 2 22
85 2 23
86 2 24
87 2 25
88 2 26
89 2 27
90 2 28
91 2 29
92 2 30
93 2 31
94 2 32
95 2 33
96 2 34
97 2 35
98 2 36
99 2 37
100 2 38
101 2 39
102 2 40
103 2 41
104 2 42
105 2 43
106 2 44
107 2 45
108 2 46
109 2 50
110 2 51
111 2 52
112 2 53
113 2 54
114 2 58
115 2 66
116 2 111
117 2 117
118 2 118
119 2 127
120 2 133
121 2 134
122 2 135
123 2 136
124 2 137
125 2 138
126 2 139
127 2 140
128 2 141
129 2 142
130 2 143
131 2 144
132 2 152
133 2 156
134 2 159
135 2 160
136 3 2
137 3 4
138 3 7
139 3 8
140 3 33
141 3 34
142 3 35
143 3 36
144 3 37
145 3 38
146 3 39
147 3 40
148 3 46
149 3 50
150 3 54
151 3 58
152 3 66
153 3 98
154 3 99
155 3 100
156 3 101
157 3 102
158 3 103
159 3 104
160 3 105
161 3 107
162 3 108
163 3 111
164 3 118
165 3 127
166 3 128
167 3 129
168 3 130
169 3 131
170 3 132
171 3 133
172 3 134
173 3 135
174 3 136
175 3 137
176 3 142
177 3 143
178 3 144
179 3 152
180 3 153
181 3 154
182 3 155
183 3 156
184 3 159
185 3 160
186 4 2
187 4 4
188 4 7
189 4 8
190 4 9
191 4 10
192 4 11
193 4 12
194 4 13
195 4 14
196 4 15
197 4 16
198 4 17
199 4 18
200 4 19
201 4 20
202 4 21
203 4 22
204 4 23
205 4 24
206 4 25
207 4 26
208 4 27
209 4 28
210 4 29
211 4 30
212 4 31
213 4 32
214 4 41
215 4 46
216 4 50
217 4 54
218 4 58
219 4 59
220 4 60
221 4 61
222 4 62
223 4 63
224 4 64
225 4 65
226 4 66
227 4 98
228 4 105
229 4 107
230 4 108
231 4 111
232 4 119
233 4 120
234 4 121
235 4 122
236 4 123
237 4 124
238 4 125
239 4 126
240 4 127
241 4 138
242 4 141
243 5 2
244 5 3
245 5 41
246 5 42
247 5 43
248 5 44
249 5 45
250 5 46
251 5 50
252 5 55
253 5 56
254 5 57
255 5 67
256 5 68
257 5 69
258 5 70
259 5 71
260 5 98
261 5 99
262 5 100
263 5 101
264 5 102
265 5 103
266 5 104
267 5 105
268 5 107
269 5 108
270 5 109
271 5 110
272 5 111
273 5 112
274 5 113
275 5 114
276 5 115
277 5 116
278 5 117
279 5 118
280 5 119
281 5 120
282 5 121
283 5 122
284 5 123
285 5 124
286 5 125
287 5 126
288 5 127
289 5 138
290 5 139
291 5 140
292 5 141
293 6 2
294 6 3
295 6 32
296 6 33
297 6 34
298 6 35
299 6 36
300 6 37
301 6 38
302 6 39
303 6 40
304 6 51
305 6 57
306 6 67
307 6 69
308 6 70
309 6 71
310 6 72
311 6 73
312 6 74
313 6 75
314 6 76
315 6 77
316 6 78
317 6 79
318 6 80
319 6 81
320 6 82
321 6 83
322 6 84
323 6 85
324 6 86
325 6 87
326 6 88
327 6 89
328 6 90
329 6 91
330 6 92
331 6 93
332 6 94
333 6 95
334 6 96
335 6 97
336 6 106
337 6 133
338 6 134
339 6 135
340 6 136
341 6 137
342 6 138
343 6 142
344 6 145
345 6 146
346 6 147
347 6 148
348 6 149
349 6 150
350 6 151
351 7 2
352 7 3
353 7 32
354 7 37
355 7 38
356 7 39
357 7 40
358 7 51
359 7 57
360 7 67
361 7 68
362 7 81
363 7 97
364 7 106
365 7 133
366 7 139
367 7 140
368 7 141
369 8 2
370 8 3
371 8 32
372 8 33
373 8 34
374 8 35
375 8 36
376 8 41
377 8 42
378 8 43
379 8 44
380 8 50
381 8 51
382 8 52
383 8 53
384 8 54
385 8 55
386 8 56
387 8 57
388 8 67
389 8 68
390 8 81
391 8 82
392 8 83
393 8 84
394 8 85
395 8 86
396 8 87
397 8 88
398 8 89
399 8 90
400 8 91
401 8 92
402 8 93
403 8 94
404 8 95
405 8 96
406 8 97
407 8 106
408 8 111
409 8 112
410 8 113
411 8 114
412 8 115
413 8 116
414 8 117
415 8 118
416 8 119
417 8 120
418 8 121
419 8 122
420 8 123
421 8 124
422 8 133
423 8 135
424 8 136
425 8 137
426 8 138
427 8 139
428 8 140
429 8 141
430 9 2
431 9 3
432 9 8
433 9 9
434 9 10
435 9 11
436 9 12
437 9 13
438 9 14
439 9 15
440 9 16
441 9 17
442 9 18
443 9 19
444 9 20
445 9 21
446 9 22
447 9 23
448 9 24
449 9 25
450 9 26
451 9 27
452 9 28
453 9 29
454 9 30
455 9 31
456 9 37
457 9 38
458 9 39
459 9 40
460 9 111
461 9 124
462 9 133
463 9 134
464 9 145
465 10 0
466 10 1
467 10 3
468 10 8
469 10 31
470 10 37
471 10 41
472 10 42
473 10 43
474 10 44
475 10 50
476 10 51
477 10 52
478 10 53
479 10 54
480 10 55
481 10 56
482 10 57
483 10 67
484 10 68
485 10 111
486 10 123
487 10 125
488 10 126
489 10 127
490 10 128
491 10 129
492 10 130
493 10 131
494 10 132
495 10 134
496 10 158
497 10 159
498 10 160
499 11 0
500 11 3
501 11 8
502 11 9
503 11 10
504 11 11
505 11 12
506 11 13
507 11 14
508 11 15
509 11 16
510 11 17
511 11 18
512 11 19
513 11 20
514 11 23
515 11 24
516 11 25
517 11 26
518 11 27
519 11 28
520 11 29
521 11 30
522 11 31
523 11 37
524 11 44
525 11 58
526 11 59
527 11 60
528 11 61
529 11 62
530 11 63
531 11 64
532 11 65
533 11 66
534 11 69
535 11 70
536 11 71
537 11 72
538 11 73
539 11 74
540 11 75
541 11 76
542 11 77
543 11 78
544 11 79
545 11 80
546 11 81
547 11 82
548 11 83
549 11 84
550 11 85
551 11 86
552 11 87
553 11 88
554 11 89
555 11 90
556 11 91
557 11 92
558 11 93
559 11 94
560 11 95
561 11 96
562 11 97
563 11 106
564 11 107
565 11 108
566 11 109
567 11 110
568 11 123
569 11 125
570 11 126
571 11 127
572 11 128
573 11 129
574 11 130
575 11 131
576 11 134
577 11 158
578 11 160
579 12 0
580 12 3
581 12 21
582 12 22
583 12 37
584 12 44
585 12 50
586 12 51
587 12 52
588 12 53
589 12 54
590 12 55
591 12 58
592 12 59
593 12 67
594 12 68
595 12 71
596 12 102
597 12 103
598 12 104
599 12 105
600 12 111
601 12 112
602 12 113
603 12 114
604 12 115
605 12 116
606 12 117
607 12 118
608 12 119
609 12 120
610 12 121
611 12 122
612 12 123
613 12 124
614 12 132
615 12 134
616 12 158
617 12 160
618 13 0
619 13 3
620 13 14
621 13 15
622 13 16
623 13 17
624 13 18
625 13 19
626 13 20
627 13 37
628 13 38
629 13 39
630 13 40
631 13 41
632 13 42
633 13 43
634 13 44
635 13 50
636 13 51
637 13 52
638 13 53
639 13 54
640 13 55
641 13 60
642 13 61
643 13 62
644 13 63
645 13 64
646 13 65
647 13 66
648 13 67
649 13 68
650 13 72
651 13 73
652 13 74
653 13 75
654 13 76
655 13 77
656 13 78
657 13 79
658 13 96
659 13 97
660 13 98
661 13 99
662 13 100
663 13 101
664 13 106
665 13 107
666 13 108
667 13 109
668 13 110
669 13 133
670 13 134
671 13 158
672 13 159
673 13 160
674 14 0
675 14 3
676 14 14
677 14 20
678 14 69
679 14 70
680 14 71
681 14 72
682 14 73
683 14 74
684 14 75
685 14 76
686 14 77
687 14 78
688 14 79
689 14 96
690 14 101
691 14 106
692 14 110
693 14 133
694 14 134
695 15 0
696 15 3
697 15 14
698 15 20
699 15 80
700 15 81
701 15 82
702 15 96
703 15 97
704 15 98
705 15 99
706 15 100
707 15 101
708 15 106
709 15 107
710 15 108
711 15 109
712 15 110
713 15 111
714 15 112
715 15 113
716 15 114
717 15 115
718 15 116
719 15 117
720 15 118
721 15 119
722 15 120
723 15 121
724 15 122
725 15 123
726 15 133
727 15 134
728 16 0
729 16 3
730 16 14
731 16 20
732 16 23
733 16 24
734 16 25
735 16 26
736 16 27
737 16 28
738 16 29
739 16 30
740 16 31
741 16 32
742 16 33
743 16 34
744 16 35
745 16 36
746 16 37
747 16 38
748 16 39
749 16 40
750 16 41
751 16 42
752 16 43
753 16 44
754 16 133
755 16 134
756 17 0
757 17 3
758 17 14
759 17 20
760 17 133
761 17 134
762 18 0
763 18 2
764 18 4
765 18 5
766 18 6
767 18 7
768 18 8
769 18 9
770 18 10
771 18 14
772 18 20
773 18 106
774 18 107
775 18 108
776 18 109
777 18 110
778 18 111
779 18 112
780 18 113
781 18 114
782 18 115
783 18 116
784 18 117
785 18 120
786 18 121
787 18 122
788 18 123
789 18 133
790 18 134
791 18 154
792 18 155
793 18 156
794 18 157
795 19 0
796 19 2
797 19 4
798 19 5
799 19 6
800 19 7
801 19 8
802 19 9
803 19 10
804 19 14
805 19 20
806 19 71
807 19 72
808 19 73
809 19 74
810 19 75
811 19 76
812 19 77
813 19 78
814 19 79
815 19 80
816 19 81
817 19 82
818 19 83
819 19 84
820 19 89
821 19 90
822 19 91
823 19 92
824 19 93
825 19 94
826 19 95
827 19 100
828 19 101
829 19 102
830 19 103
831 19 106
832 19 111
833 19 114
834 19 117
835 19 120
836 19 123
837 19 133
838 19 134
839 19 154
840 19 157
841 20 0
842 20 2
843 20 10
844 20 14
845 20 15
846 20 16
847 20 17
848 20 18
849 20 19
850 20 20
851 20 79
852 20 80
853 20 81
854 20 82
855 20 83
856 20 84
857 20 89
858 20 90
859 20 91
860 20 92
861 20 93
862 20 95
863 20 99
864 20 103
865 20 104
866 20 105
867 20 106
868 20 107
869 20 108
870 20 109
871 20 110
872 20 111
873 20 114
874 20 115
875 20 116
876 20 117
877 20 120
878 20 121
879 20 122
880 20 123
881 20 154
882 20 157
883 21 0
884 21 2
885 21 10
886 21 20
887 21 94
888 21 95
889 21 99
890 21 100
891 21 101
892 21 102
893 21 154
894 21 155
895 21 156
896 21 157
897 22 0
898 22 3
899 22 10
900 22 19
901 22 20
902 22 158
903 22 159
904 22 160
905 23 0
906 23 3
907 23 10
908 23 19
909 23 20
910 23 26
911 23 27
912 23 28
913 23 29
914 23 36
915 23 37
916 23 38
917 23 39
918 23 40
919 23 41
920 23 55
921 23 56
922 23 57
923 23 58
924 23 59
925 23 158
926 23 160
927 24 0
928 24 3
929 24 10
930 24 19
931 24 20
932 24 26
933 24 29
934 24 36
935 24 41
936 24 55
937 24 59
938 24 71
939 24 72
940 24 95
941 24 158
942 24 160
943 25 0
944 25 3
945 25 10
946 25 21
947 25 26
948 25 29
949 25 36
950 25 41
951 25 55
952 25 59
953 25 71
954 25 73
955 25 74
956 25 83
957 25 84
958 25 96
959 25 97
960 25 98
961 25 158
962 25 160
963 26 0
964 26 2
965 26 3
966 26 8
967 26 9
968 26 10
969 26 21
970 26 26
971 26 29
972 26 36
973 26 41
974 26 55
975 26 59
976 26 72
977 26 74
978 26 83
979 26 84
980 26 94
981 26 95
982 26 158
983 26 160
984 27 0
985 27 1
986 27 4
987 27 8
988 27 11
989 27 12
990 27 13
991 27 14
992 27 15
993 27 16
994 27 17
995 27 18
996 27 22
997 27 26
998 27 28
999 27 29
1000 27 36
1001 27 37
1002 27 38
1003 27 39
1004 27 40
1005 27 41
1006 27 55
1007 27 56
1008 27 57
1009 27 58
1010 27 59
1011 27 72
1012 27 73
1013 27 74
1014 27 83
1015 27 84
1016 27 94
1017 27 95
1018 27 158
1019 27 159
1020 27 160
1021 28 0
1022 28 1
1023 28 4
1024 28 8
1025 28 18
1026 28 22
1027 28 26
1028 28 27
1029 28 71
1030 28 85
1031 28 89
1032 28 90
1033 28 91
1034 28 96
1035 28 97
1036 28 98
1037 28 99
1038 28 100
1039 28 101
1040 28 102
1041 28 103
1042 28 104
1043 28 105
1044 28 154
1045 28 155
1046 28 156
1047 28 157
1048 29 0
1049 29 1
1050 29 4
1051 29 8
1052 29 10
1053 29 11
1054 29 18
1055 29 22
1056 29 26
1057 29 27
1058 29 70
1059 29 85
1060 29 89
1061 29 91
1062 29 96
1063 29 100
1064 29 101
1065 29 102
1066 29 105
1067 29 154
1068 29 155
1069 29 156
1070 29 157
1071 30 0
1072 30 1
1073 30 4
1074 30 8
1075 30 9
1076 30 12
1077 30 18
1078 30 22
1079 30 23
1080 30 24
1081 30 25
1082 30 28
1083 30 29
1084 30 30
1085 30 31
1086 30 32
1087 30 33
1088 30 34
1089 30 35
1090 30 38
1091 30 39
1092 30 40
1093 30 41
1094 30 42
1095 30 43
1096 30 44
1097 30 46
1098 30 47
1099 30 55
1100 30 56
1101 30 57
1102 30 58
1103 30 59
1104 30 70
1105 30 85
1106 30 89
1107 30 91
1108 30 96
1109 30 99
1110 30 103
1111 30 105
1112 30 158
1113 30 159
1114 30 160
1115 31 0
1116 31 1
1117 31 4
1118 31 8
1119 31 9
1120 31 12
1121 31 19
1122 31 20
1123 31 21
1124 31 22
1125 31 23
1126 31 24
1127 31 25
1128 31 28
1129 31 35
1130 31 38
1131 31 42
1132 31 46
1133 31 47
1134 31 50
1135 31 51
1136 31 52
1137 31 55
1138 31 59
1139 31 70
1140 31 85
1141 31 89
1142 31 91
1143 31 96
1144 31 98
1145 31 103
1146 31 105
1147 32 0
1148 32 1
1149 32 4
1150 32 8
1151 32 9
1152 32 12
1153 32 21
1154 32 28
1155 32 35
1156 32 38
1157 32 42
1158 32 46
1159 32 47
1160 32 50
1161 32 52
1162 32 55
1163 32 60
1164 32 61
1165 32 62
1166 32 63
1167 32 64
1168 32 65
1169 32 66
1170 32 67
1171 32 70
1172 32 85
1173 32 89
1174 32 91
1175 32 96
1176 32 98
1177 32 103
1178 32 105
1179 33 0
1180 33 1
1181 33 5
1182 33 6
1183 33 7
1184 33 10
1185 33 11
1186 33 21
1187 33 28
1188 33 29
1189 33 30
1190 33 31
1191 33 32
1192 33 33
1193 33 34
1194 33 35
1195 33 38
1196 33 39
1197 33 40
1198 33 41
1199 33 42
1200 33 46
1201 33 47
1202 33 50
1203 33 51
1204 33 52
1205 33 55
1206 33 67
1207 33 70
1208 33 85
1209 33 89
1210 33 90
1211 33 91
1212 33 96
1213 33 98
1214 33 103
1215 33 105
1216 33 136
1217 33 137
1218 33 138
1219 33 139
1220 33 140
1221 33 141
1222 33 142
1223 33 143
1224 33 144
1225 33 145
1226 33 146
1227 33 147
1228 33 153
1229 33 154
1230 33 155
1231 33 157
1232 33 160
1233 34 0
1234 34 1
1235 34 5
1236 34 7
1237 34 10
1238 34 11
1239 34 12
1240 34 13
1241 34 14
1242 34 15
1243 34 16
1244 34 17
1245 34 18
1246 34 19
1247 34 20
1248 34 21
1249 34 47
1250 34 55
1251 34 67
1252 34 70
1253 34 85
1254 34 86
1255 34 87
1256 34 88
1257 34 91
1258 34 96
1259 34 98
1260 34 103
1261 34 105
1262 34 110
1263 34 111
1264 34 112
1265 34 116
1266 34 117
1267 34 120
1268 34 121
1269 34 122
1270 34 123
1271 34 136
1272 34 137
1273 34 138
1274 34 139
1275 34 140
1276 34 141
1277 34 142
1278 34 143
1279 34 144
1280 34 145
1281 34 147
1282 34 153
1283 34 155
1284 34 157
1285 34 160
1286 35 0
1287 35 1
1288 35 6
1289 35 8
1290 35 9
1291 35 21
1292 35 47
1293 35 55
1294 35 67
1295 35 70
1296 35 85
1297 35 88
1298 35 91
1299 35 96
1300 35 98
1301 35 103
1302 35 105
1303 35 110
1304 35 112
1305 35 116
1306 35 117
1307 35 146
1308 35 147
1309 35 150
1310 35 151
1311 35 153
1312 35 155
1313 35 157
1314 35 160
1315 36 0
1316 36 1
1317 36 6
1318 36 7
1319 36 8
1320 36 9
1321 36 21
1322 36 47
1323 36 55
1324 36 56
1325 36 57
1326 36 58
1327 36 60
1328 36 61
1329 36 62
1330 36 63
1331 36 64
1332 36 65
1333 36 66
1334 36 67
1335 36 70
1336 36 85
1337 36 88
1338 36 91
1339 36 96
1340 36 98
1341 36 103
1342 36 105
1343 36 110
1344 36 112
1345 36 116
1346 36 146
1347 36 147
1348 36 150
1349 36 151
1350 36 153
1351 36 155
1352 36 157
1353 36 160
1354 37 0
1355 37 1
1356 37 21
1357 37 32
1358 37 33
1359 37 34
1360 37 35
1361 37 36
1362 37 37
1363 37 38
1364 37 47
1365 37 59
1366 37 70
1367 37 85
1368 37 88
1369 37 91
1370 37 96
1371 37 98
1372 37 103
1373 37 104
1374 37 105
1375 37 110
1376 37 112
1377 37 116
1378 37 117
1379 37 146
1380 37 147
1381 37 150
1382 37 151
1383 37 153
1384 37 155
1385 37 157
1386 37 160
1387 38 0
1388 38 1
1389 38 21
1390 38 32
1391 38 38
1392 38 47
1393 38 59
1394 38 70
1395 38 85
1396 38 88
1397 38 91
1398 38 96
1399 38 97
1400 38 98
1401 38 110
1402 38 112
1403 38 116
1404 38 117
1405 38 146
1406 38 147
1407 38 150
1408 38 151
1409 38 153
1410 38 155
1411 38 157
1412 39 0
1413 39 1
1414 39 21
1415 39 32
1416 39 38
1417 39 47
1418 39 59
1419 39 71
1420 39 72
1421 39 73
1422 39 74
1423 39 75
1424 39 76
1425 39 77
1426 39 78
1427 39 79
1428 39 80
1429 39 81
1430 39 82
1431 39 83
1432 39 84
1433 39 88
1434 39 91
1435 39 94
1436 39 95
1437 39 110
1438 39 111
1439 39 112
1440 39 116
1441 39 117
1442 39 143
1443 39 144
1444 39 145
1445 39 147
1446 39 150
1447 39 151
1448 39 153
1449 39 155
1450 39 157
1451 40 0
1452 40 1
1453 40 21
1454 40 32
1455 40 38
1456 40 47
1457 40 59
1458 40 71
1459 40 88
1460 40 91
1461 40 94
1462 40 95
1463 40 143
1464 40 146
1465 40 152
1466 40 155
1467 40 157
1468 41 0
1469 41 1
1470 41 21
1471 41 32
1472 41 38
1473 41 71
1474 41 72
1475 41 73
1476 41 74
1477 41 75
1478 41 76
1479 41 77
1480 41 89
1481 41 90
1482 41 143
1483 41 146
1484 41 152
1485 41 155
1486 41 157
1487 42 0
1488 42 1
1489 42 21
1490 42 32
1491 42 38
1492 42 78
1493 42 90
1494 42 95
1495 42 96
1496 42 97
1497 42 98
1498 42 99
1499 42 100
1500 42 101
1501 42 102
1502 42 103
1503 42 104
1504 42 105
1505 42 143
1506 42 146
1507 42 152
1508 42 155
1509 42 157
1510 43 0
1511 43 1
1512 43 21
1513 43 32
1514 43 38
1515 43 78
1516 43 83
1517 43 84
1518 43 85
1519 43 86
1520 43 87
1521 43 88
1522 43 89
1523 43 90
1524 43 95
1525 43 96
1526 43 97
1527 43 98
1528 43 99
1529 43 100
1530 43 101
1531 43 102
1532 43 103
1533 43 104
1534 43 105
1535 43 109
1536 43 110
1537 43 111
1538 43 112
1539 43 113
1540 43 114
1541 43 115
1542 43 116
1543 43 117
1544 43 123
1545 43 124
1546 43 125
1547 43 126
1548 43 127
1549 43 143
1550 43 146
1551 43 152
1552 43 155
1553 43 157
1554 43 160
1555 44 0
1556 44 1
1557 44 21
1558 44 32
1559 44 38
1560 44 78
1561 44 82
1562 44 91
1563 44 94
1564 44 106
1565 44 107
1566 44 108
1567 44 117
1568 44 123
1569 44 127
1570 44 143
1571 44 146
1572 44 152
1573 44 155
1574 44 157
1575 44 160
1576 45 0
1577 45 1
1578 45 9
1579 45 21
1580 45 32
1581 45 39
1582 45 40
1583 45 41
1584 45 42
1585 45 45
1586 45 78
1587 45 82
1588 45 91
1589 45 95
1590 45 96
1591 45 97
1592 45 98
1593 45 99
1594 45 100
1595 45 101
1596 45 102
1597 45 106
1598 45 117
1599 45 123
1600 45 127
1601 45 143
1602 45 146
1603 45 152
1604 45 155
1605 45 157
1606 45 160
1607 46 0
1608 46 1
1609 46 9
1610 46 21
1611 46 32
1612 46 42
1613 46 45
1614 46 78
1615 46 83
1616 46 84
1617 46 85
1618 46 86
1619 46 87
1620 46 88
1621 46 89
1622 46 90
1623 46 95
1624 46 102
1625 46 106
1626 46 117
1627 46 123
1628 46 127
1629 46 143
1630 46 146
1631 46 152
1632 46 155
1633 46 157
1634 46 160
1635 47 0
1636 47 1
1637 47 9
1638 47 12
1639 47 13
1640 47 14
1641 47 21
1642 47 32
1643 47 42
1644 47 45
1645 47 78
1646 47 90
1647 47 93
1648 47 94
1649 47 102
1650 47 106
1651 47 117
1652 47 123
1653 47 127
1654 47 136
1655 47 137
1656 47 138
1657 47 139
1658 47 140
1659 47 141
1660 47 142
1661 47 146
1662 47 152
1663 47 155
1664 47 157
1665 47 160
1666 48 0
1667 48 1
1668 48 9
1669 48 12
1670 48 13
1671 48 21
1672 48 32
1673 48 42
1674 48 45
1675 48 46
1676 48 47
1677 48 78
1678 48 79
1679 48 80
1680 48 81
1681 48 82
1682 48 83
1683 48 84
1684 48 85
1685 48 86
1686 48 87
1687 48 88
1688 48 89
1689 48 90
1690 48 93
1691 48 102
1692 48 106
1693 48 117
1694 48 123
1695 48 127
1696 48 136
1697 48 137
1698 48 138
1699 48 139
1700 48 140
1701 48 146
1702 48 152
1703 48 153
1704 48 154
1705 48 155
1706 48 157
1707 48 160
1708 49 0
1709 49 1
1710 49 9
1711 49 12
1712 49 14
1713 49 21
1714 49 25
1715 49 26
1716 49 32
1717 49 42
1718 49 45
1719 49 47
1720 49 90
1721 49 93
1722 49 94
1723 49 95
1724 49 96
1725 49 97
1726 49 98
1727 49 99
1728 49 100
1729 49 101
1730 49 102
1731 49 106
1732 49 107
1733 49 108
1734 49 109
1735 49 110
1736 49 111
1737 49 112
1738 49 113
1739 49 114
1740 49 115
1741 49 116
1742 49 117
1743 49 123
1744 49 124
1745 49 125
1746 49 126
1747 49 127
1748 49 135
1749 49 141
1750 49 142
1751 49 143
1752 49 144
1753 49 145
1754 49 146
1755 49 151
1756 49 156
1757 49 157
1758 49 160
1759 50 0
1760 50 1
1761 50 6
1762 50 7
1763 50 8
1764 50 9
1765 50 12
1766 50 14
1767 50 21
1768 50 25
1769 50 26
1770 50 32
1771 50 42
1772 50 45
1773 50 47
1774 50 103
1775 50 104
1776 50 105
1777 50 136
1778 50 137
1779 50 138
1780 50 139
1781 50 140
1782 50 151
1783 50 156
1784 50 157
1785 50 160
1786 51 0
1787 51 1
1788 51 6
1789 51 9
1790 51 12
1791 51 14
1792 51 21
1793 51 25
1794 51 26
1795 51 32
1796 51 42
1797 51 45
1798 51 47
1799 51 103
1800 51 104
1801 51 105
1802 51 136
1803 51 140
1804 51 151
1805 51 156
1806 51 157
1807 51 159
1808 51 160
1809 52 0
1810 52 1
1811 52 6
1812 52 9
1813 52 12
1814 52 14
1815 52 21
1816 52 25
1817 52 26
1818 52 32
1819 52 40
1820 52 41
1821 52 42
1822 52 45
1823 52 47
1824 52 94
1825 52 95
1826 52 96
1827 52 97
1828 52 98
1829 52 99
1830 52 100
1831 52 101
1832 52 102
1833 52 106
1834 52 107
1835 52 108
1836 52 109
1837 52 110
1838 52 111
1839 52 112
1840 52 113
1841 52 114
1842 52 115
1843 52 116
1844 52 117
1845 52 123
1846 52 124
1847 52 125
1848 52 126
1849 52 127
1850 52 136
1851 52 140
1852 52 151
1853 52 156
1854 52 157
1855 52 159
1856 52 160
1857 53 0
1858 53 1
1859 53 6
1860 53 7
1861 53 9
1862 53 12
1863 53 14
1864 53 21
1865 53 25
1866 53 26
1867 53 32
1868 53 39
1869 53 45
1870 53 47
1871 53 94
1872 53 102
1873 53 106
1874 53 113
1875 53 115
1876 53 117
1877 53 123
1878 53 127
1879 53 136
1880 53 140
1881 53 151
1882 53 156
1883 53 157
1884 53 159
1885 53 160
1886 54 0
1887 54 1
1888 54 5
1889 54 8
1890 54 9
1891 54 12
1892 54 14
1893 54 21
1894 54 23
1895 54 24
1896 54 27
1897 54 28
1898 54 32
1899 54 39
1900 54 45
1901 54 46
1902 54 94
1903 54 95
1904 54 96
1905 54 97
1906 54 98
1907 54 99
1908 54 100
1909 54 101
1910 54 102
1911 54 106
1912 54 113
1913 54 115
1914 54 117
1915 54 123
1916 54 127
1917 54 136
1918 54 140
1919 54 152
1920 54 153
1921 54 154
1922 54 155
1923 54 158
1924 55 0
1925 55 1
1926 55 5
1927 55 12
1928 55 14
1929 55 21
1930 55 23
1931 55 24
1932 55 27
1933 55 28
1934 55 32
1935 55 39
1936 55 45
1937 55 46
1938 55 58
1939 55 59
1940 55 63
1941 55 64
1942 55 69
1943 55 70
1944 55 71
1945 55 72
1946 55 73
1947 55 74
1948 55 93
1949 55 106
1950 55 107
1951 55 108
1952 55 109
1953 55 110
1954 55 111
1955 55 113
1956 55 115
1957 55 117
1958 55 123
1959 55 127
1960 55 136
1961 55 140
1962 55 152
1963 55 153
1964 55 154
1965 55 155
1966 55 158
1967 56 0
1968 56 1
1969 56 5
1970 56 12
1971 56 14
1972 56 21
1973 56 23
1974 56 24
1975 56 27
1976 56 28
1977 56 32
1978 56 39
1979 56 45
1980 56 46
1981 56 55
1982 56 56
1983 56 58
1984 56 60
1985 56 61
1986 56 62
1987 56 65
1988 56 66
1989 56 69
1990 56 74
1991 56 93
1992 56 94
1993 56 95
1994 56 96
1995 56 97
1996 56 98
1997 56 99
1998 56 100
1999 56 101
2000 56 102
2001 56 103
2002 56 104
2003 56 105
2004 56 112
2005 56 113
2006 56 115
2007 56 117
2008 56 123
2009 56 127
2010 56 136
2011 56 140
2012 56 152
2013 57 0
2014 57 1
2015 57 5
2016 57 12
2017 57 13
2018 57 14
2019 57 21
2020 57 23
2021 57 24
2022 57 27
2023 57 28
2024 57 32
2025 57 36
2026 57 37
2027 57 38
2028 57 39
2029 57 45
2030 57 46
2031 57 55
2032 57 58
2033 57 62
2034 57 65
2035 57 66
2036 57 69
2037 57 74
2038 57 93
2039 57 94
2040 57 95
2041 57 96
2042 57 97
2043 57 98
2044 57 99
2045 57 100
2046 57 101
2047 57 102
2048 57 103
2049 57 104
2050 57 105
2051 57 112
2052 57 113
2053 57 115
2054 57 117
2055 57 123
2056 57 127
2057 57 136
2058 57 137
2059 57 138
2060 57 139
2061 57 140
2062 57 141
2063 57 142
2064 57 143
2065 57 144
2066 57 152
2067 58 0
2068 58 1
2069 58 5
2070 58 15
2071 58 21
2072 58 23
2073 58 24
2074 58 27
2075 58 28
2076 58 32
2077 58 35
2078 58 40
2079 58 41
2080 58 42
2081 58 43
2082 58 44
2083 58 46
2084 58 55
2085 58 58
2086 58 62
2087 58 65
2088 58 66
2089 58 69
2090 58 74
2091 58 112
2092 58 113
2093 58 115
2094 58 117
2095 58 123
2096 58 127
2097 58 135
2098 58 145
2099 58 151
2100 58 153
2101 58 154
2102 58 155
2103 58 156
2104 58 157
2105 58 158
2106 58 160
2107 59 0
2108 59 1
2109 59 5
2110 59 15
2111 59 21
2112 59 23
2113 59 24
2114 59 27
2115 59 28
2116 59 32
2117 59 35
2118 59 40
2119 59 46
2120 59 55
2121 59 58
2122 59 60
2123 59 61
2124 59 62
2125 59 65
2126 59 66
2127 59 69
2128 59 74
2129 59 107
2130 59 108
2131 59 109
2132 59 110
2133 59 111
2134 59 113
2135 59 115
2136 59 117
2137 59 123
2138 59 127
2139 59 145
2140 59 151
2141 59 153
2142 59 158
2143 59 160
2144 60 0
2145 60 1
2146 60 5
2147 60 15
2148 60 21
2149 60 23
2150 60 24
2151 60 27
2152 60 28
2153 60 32
2154 60 35
2155 60 40
2156 60 41
2157 60 42
2158 60 43
2159 60 44
2160 60 45
2161 60 46
2162 60 55
2163 60 58
2164 60 59
2165 60 63
2166 60 64
2167 60 69
2168 60 75
2169 60 107
2170 60 113
2171 60 115
2172 60 117
2173 60 123
2174 60 127
2175 60 145
2176 60 151
2177 60 153
2178 60 158
2179 60 160
2180 61 0
2181 61 1
2182 61 5
2183 61 15
2184 61 21
2185 61 23
2186 61 25
2187 61 26
2188 61 32
2189 61 35
2190 61 47
2191 61 55
2192 61 58
2193 61 59
2194 61 63
2195 61 64
2196 61 69
2197 61 70
2198 61 71
2199 61 72
2200 61 73
2201 61 74
2202 61 75
2203 61 108
2204 61 113
2205 61 115
2206 61 117
2207 61 123
2208 61 127
2209 61 146
2210 61 151
2211 61 153
2212 61 158
2213 61 160
2214 62 0
2215 62 1
2216 62 5
2217 62 15
2218 62 21
2219 62 23
2220 62 26
2221 62 32
2222 62 35
2223 62 47
2224 62 55
2225 62 58
2226 62 59
2227 62 62
2228 62 65
2229 62 66
2230 62 67
2231 62 68
2232 62 76
2233 62 77
2234 62 78
2235 62 79
2236 62 80
2237 62 108
2238 62 113
2239 62 115
2240 62 117
2241 62 123
2242 62 127
2243 62 146
2244 62 150
2245 62 151
2246 62 153
2247 62 158
2248 62 160
2249 63 0
2250 63 1
2251 63 5
2252 63 6
2253 63 15
2254 63 21
2255 63 23
2256 63 26
2257 63 32
2258 63 35
2259 63 47
2260 63 48
2261 63 49
2262 63 50
2263 63 51
2264 63 52
2265 63 55
2266 63 58
2267 63 59
2268 63 62
2269 63 65
2270 63 66
2271 63 67
2272 63 68
2273 63 81
2274 63 82
2275 63 83
2276 63 84
2277 63 85
2278 63 93
2279 63 94
2280 63 95
2281 63 96
2282 63 97
2283 63 98
2284 63 99
2285 63 100
2286 63 101
2287 63 102
2288 63 103
2289 63 108
2290 63 113
2291 63 115
2292 63 117
2293 63 123
2294 63 127
2295 63 136
2296 63 146
2297 63 150
2298 63 151
2299 63 153
2300 63 158
2301 63 160
2302 64 0
2303 64 1
2304 64 5
2305 64 6
2306 64 15
2307 64 21
2308 64 23
2309 64 26
2310 64 33
2311 64 34
2312 64 35
2313 64 47
2314 64 51
2315 64 63
2316 64 64
2317 64 69
2318 64 70
2319 64 71
2320 64 72
2321 64 73
2322 64 74
2323 64 75
2324 64 76
2325 64 77
2326 64 78
2327 64 79
2328 64 80
2329 64 85
2330 64 93
2331 64 103
2332 64 108
2333 64 113
2334 64 115
2335 64 117
2336 64 123
2337 64 128
2338 64 136
2339 64 146
2340 64 150
2341 64 151
2342 64 153
2343 64 158
2344 65 0
2345 65 1
2346 65 5
2347 65 6
2348 65 15
2349 65 21
2350 65 23
2351 65 26
2352 65 36
2353 65 47
2354 65 51
2355 65 63
2356 65 64
2357 65 69
2358 65 85
2359 65 93
2360 65 94
2361 65 95
2362 65 96
2363 65 102
2364 65 103
2365 65 108
2366 65 113
2367 65 115
2368 65 117
2369 65 123
2370 65 128
2371 65 136
2372 65 146
2373 65 150
2374 65 151
2375 65 153
2376 65 158
2377 66 0
2378 66 1
2379 66 5
2380 66 6
2381 66 15
2382 66 21
2383 66 23
2384 66 24
2385 66 25
2386 66 26
2387 66 36
2388 66 47
2389 66 51
2390 66 63
2391 66 64
2392 66 69
2393 66 85
2394 66 97
2395 66 101
2396 66 104
2397 66 105
2398 66 107
2399 66 113
2400 66 115
2401 66 117
2402 66 123
2403 66 128
2404 66 132
2405 66 133
2406 66 134
2407 66 135
2408 66 139
2409 66 140
2410 66 141
2411 66 142
2412 66 143
2413 66 144
2414 66 145
2415 66 146
2416 66 150
2417 66 151
2418 66 153
2419 66 158
2420 67 0
2421 67 1
2422 67 5
2423 67 6
2424 67 15
2425 67 36
2426 67 47
2427 67 51
2428 67 63
2429 67 64
2430 67 69
2431 67 84
2432 67 85
2433 67 97
2434 67 101
2435 67 104
2436 67 105
2437 67 107
2438 67 113
2439 67 115
2440 67 117
2441 67 123
2442 67 128
2443 67 132
2444 67 133
2445 67 135
2446 67 139
2447 67 142
2448 67 143
2449 67 144
2450 67 145
2451 67 146
2452 67 150
2453 67 151
2454 67 153
2455 67 154
2456 67 155
2457 67 156
2458 67 157
2459 67 158
2460 68 0
2461 68 1
2462 68 5
2463 68 6
2464 68 15
2465 68 33
2466 68 34
2467 68 35
2468 68 36
2469 68 47
2470 68 48
2471 68 49
2472 68 50
2473 68 51
2474 68 63
2475 68 64
2476 68 69
2477 68 70
2478 68 71
2479 68 72
2480 68 73
2481 68 74
2482 68 75
2483 68 76
2484 68 77
2485 68 78
2486 68 79
2487 68 80
2488 68 81
2489 68 82
2490 68 83
2491 68 97
2492 68 98
2493 68 101
2494 68 104
2495 68 105
2496 68 107
2497 68 113
2498 68 115
2499 68 117
2500 68 123
2501 68 128
2502 68 134
2503 68 135
2504 68 139
2505 68 141
2506 68 147
2507 68 149
2508 68 150
2509 68 152
2510 69 0
2511 69 1
2512 69 5
2513 69 6
2514 69 15
2515 69 33
2516 69 36
2517 69 40
2518 69 41
2519 69 42
2520 69 43
2521 69 44
2522 69 45
2523 69 46
2524 69 62
2525 69 65
2526 69 66
2527 69 67
2528 69 68
2529 69 84
2530 69 85
2531 69 96
2532 69 99
2533 69 101
2534 69 104
2535 69 105
2536 69 107
2537 69 113
2538 69 115
2539 69 117
2540 69 123
2541 69 128
2542 69 134
2543 69 135
2544 69 139
2545 69 141
2546 69 147
2547 70 0
2548 70 1
2549 70 5
2550 70 6
2551 70 15
2552 70 33
2553 70 35
2554 70 36
2555 70 40
2556 70 41
2557 70 42
2558 70 43
2559 70 44
2560 70 45
2561 70 46
2562 70 62
2563 70 65
2564 70 68
2565 70 80
2566 70 81
2567 70 82
2568 70 83
2569 70 85
2570 70 96
2571 70 99
2572 70 101
2573 70 104
2574 70 105
2575 70 107
2576 70 113
2577 70 115
2578 70 116
2579 70 117
2580 70 123
2581 70 128
2582 70 134
2583 70 135
2584 70 139
2585 70 141
2586 70 145
2587 70 146
2588 70 147
2589 71 0
2590 71 1
2591 71 5
2592 71 6
2593 71 33
2594 71 34
2595 71 37
2596 71 38
2597 71 39
2598 71 62
2599 71 65
2600 71 68
2601 71 76
2602 71 77
2603 71 78
2604 71 79
2605 71 85
2606 71 96
2607 71 99
2608 71 101
2609 71 104
2610 71 105
2611 71 107
2612 71 114
2613 71 117
2614 71 124
2615 71 128
2616 71 134
2617 71 135
2618 71 139
2619 71 141
2620 71 145
2621 71 147
2622 71 149
2623 71 150
2624 72 0
2625 72 1
2626 72 5
2627 72 6
2628 72 27
2629 72 28
2630 72 29
2631 72 30
2632 72 33
2633 72 34
2634 72 37
2635 72 39
2636 72 62
2637 72 65
2638 72 67
2639 72 68
2640 72 76
2641 72 85
2642 72 96
2643 72 99
2644 72 102
2645 72 103
2646 72 107
2647 72 114
2648 72 117
2649 72 124
2650 72 128
2651 72 134
2652 72 135
2653 72 139
2654 72 141
2655 72 145
2656 72 147
2657 72 149
2658 72 150
2659 73 0
2660 73 1
2661 73 5
2662 73 6
2663 73 27
2664 73 30
2665 73 33
2666 73 34
2667 73 37
2668 73 38
2669 73 39
2670 73 62
2671 73 65
2672 73 66
2673 73 76
2674 73 85
2675 73 96
2676 73 99
2677 73 103
2678 73 107
2679 73 114
2680 73 117
2681 73 124
2682 73 128
2683 73 136
2684 73 139
2685 73 141
2686 73 145
2687 73 147
2688 73 149
2689 73 150
2690 74 0
2691 74 1
2692 74 5
2693 74 6
2694 74 27
2695 74 28
2696 74 29
2697 74 62
2698 74 65
2699 74 66
2700 74 76
2701 74 85
2702 74 97
2703 74 98
2704 74 103
2705 74 107
2706 74 114
2707 74 117
2708 74 124
2709 74 128
2710 74 136
2711 74 139
2712 74 141
2713 74 145
2714 74 147
2715 74 149
2716 74 150
2717 74 156
2718 74 157
2719 74 158
2720 74 159
2721 74 160
2722 75 0
2723 75 2
2724 75 3
2725 75 4
2726 75 39
2727 75 40
2728 75 41
2729 75 45
2730 75 46
2731 75 47
2732 75 48
2733 75 49
2734 75 50
2735 75 51
2736 75 52
2737 75 55
2738 75 56
2739 75 57
2740 75 58
2741 75 59
2742 75 60
2743 75 61
2744 75 65
2745 75 66
2746 75 76
2747 75 85
2748 75 97
2749 75 102
2750 75 103
2751 75 107
2752 75 108
2753 75 109
2754 75 110
2755 75 114
2756 75 117
2757 75 124
2758 75 125
2759 75 126
2760 75 127
2761 75 128
2762 75 136
2763 75 139
2764 75 141
2765 75 145
2766 75 147
2767 75 149
2768 75 150
2769 75 156
2770 75 160
2771 76 0
2772 76 2
2773 76 3
2774 76 4
2775 76 39
2776 76 40
2777 76 45
2778 76 52
2779 76 55
2780 76 61
2781 76 65
2782 76 66
2783 76 76
2784 76 77
2785 76 78
2786 76 79
2787 76 80
2788 76 81
2789 76 82
2790 76 83
2791 76 84
2792 76 85
2793 76 97
2794 76 101
2795 76 104
2796 76 105
2797 76 106
2798 76 111
2799 76 114
2800 76 117
2801 76 123
2802 76 137
2803 76 138
2804 76 141
2805 76 145
2806 76 147
2807 76 149
2808 76 150
2809 76 156
2810 76 160
2811 77 0
2812 77 39
2813 77 40
2814 77 45
2815 77 46
2816 77 47
2817 77 48
2818 77 49
2819 77 50
2820 77 51
2821 77 52
2822 77 55
2823 77 56
2824 77 57
2825 77 58
2826 77 59
2827 77 60
2828 77 61
2829 77 65
2830 77 66
2831 77 97
2832 77 101
2833 77 104
2834 77 106
2835 77 111
2836 77 114
2837 77 117
2838 77 137
2839 77 141
2840 77 145
2841 77 147
2842 77 149
2843 77 150
2844 77 156
2845 77 160
2846 78 0
2847 78 30
2848 78 41
2849 78 42
2850 78 43
2851 78 44
2852 78 53
2853 78 54
2854 78 65
2855 78 66
2856 78 97
2857 78 101
2858 78 104
2859 78 107
2860 78 108
2861 78 109
2862 78 111
2863 78 114
2864 78 117
2865 78 137
2866 78 140
2867 78 145
2868 78 147
2869 78 149
2870 78 150
2871 78 156
2872 78 160
2873 79 1
2874 79 10
2875 79 11
2876 79 12
2877 79 30
2878 79 41
2879 79 45
2880 79 46
2881 79 47
2882 79 48
2883 79 49
2884 79 53
2885 79 54
2886 79 65
2887 79 66
2888 79 97
2889 79 101
2890 79 104
2891 79 109
2892 79 111
2893 79 114
2894 79 118
2895 79 119
2896 79 137
2897 79 138
2898 79 139
2899 79 140
2900 79 145
2901 79 146
2902 79 147
2903 79 149
2904 79 150
2905 79 156
2906 79 157
2907 79 158
2908 79 159
2909 79 160
2910 80 1
2911 80 10
2912 80 11
2913 80 12
2914 80 30
2915 80 34
2916 80 41
2917 80 50
2918 80 51
2919 80 52
2920 80 55
2921 80 65
2922 80 66
2923 80 97
2924 80 101
2925 80 104
2926 80 109
2927 80 111
2928 80 114
2929 80 137
2930 80 141
2931 80 142
2932 80 143
2933 80 144
2934 81 30
2935 81 34
2936 81 35
2937 81 36
2938 81 41
2939 81 52
2940 81 55
2941 81 65
2942 81 66
2943 81 97
2944 81 98
2945 81 99
2946 81 100
2947 81 101
2948 81 104
2949 81 109
2950 81 111
2951 81 114
2952 81 137
2953 81 141
2954 81 144
2955 82 30
2956 82 34
2957 82 35
2958 82 36
2959 82 41
2960 82 52
2961 82 55
2962 82 65
2963 82 66
2964 82 97
2965 82 102
2966 82 103
2967 82 109
2968 82 111
2969 82 114
2970 82 131
2971 82 136
2972 82 137
2973 82 141
2974 82 144
2975 83 27
2976 83 28
2977 83 29
2978 83 30
2979 83 36
2980 83 41
2981 83 52
2982 83 55
2983 83 56
2984 83 57
2985 83 58
2986 83 59
2987 83 60
2988 83 61
2989 83 62
2990 83 63
2991 83 64
2992 83 67
2993 83 68
2994 83 69
2995 83 70
2996 83 71
2997 83 72
2998 83 97
2999 83 102
3000 83 109
3001 83 111
3002 83 114
3003 83 131
3004 83 136
3005 83 137
3006 83 141
3007 83 144
3008 84 27
3009 84 30
3010 84 36
3011 84 41
3012 84 52
3013 84 55
3014 84 64
3015 84 67
3016 84 72
3017 84 97
3018 84 102
3019 84 109
3020 84 111
3021 84 114
3022 84 131
3023 84 136
3024 84 137
3025 84 141
3026 84 142
3027 84 143
3028 84 144
3029 85 27
3030 85 30
3031 85 36
3032 85 41
3033 85 52
3034 85 55
3035 85 64
3036 85 67
3037 85 73
3038 85 97
3039 85 99
3040 85 100
3041 85 101
3042 85 109
3043 85 111
3044 85 114
3045 86 27
3046 86 30
3047 86 36
3048 86 41
3049 86 52
3050 86 55
3051 86 64
3052 86 67
3053 86 73
3054 86 97
3055 86 100
3056 86 109
3057 86 111
3058 86 114
3059 86 127
3060 86 137
3061 86 141
3062 86 142
3063 86 143
3064 86 144
3065 87 27
3066 87 30
3067 87 36
3068 87 41
3069 87 52
3070 87 55
3071 87 65
3072 87 66
3073 87 73
3074 87 97
3075 87 100
3076 87 109
3077 87 111
3078 87 114
3079 87 137
3080 87 141
3081 87 144
3082 88 27
3083 88 30
3084 88 36
3085 88 39
3086 88 40
3087 88 52
3088 88 55
3089 88 73
3090 88 75
3091 88 76
3092 88 77
3093 88 78
3094 88 79
3095 88 80
3096 88 81
3097 88 82
3098 88 83
3099 88 84
3100 88 85
3101 88 86
3102 88 87
3103 88 88
3104 88 89
3105 88 97
3106 88 100
3107 88 101
3108 88 102
3109 88 103
3110 88 104
3111 88 105
3112 88 106
3113 88 107
3114 88 109
3115 88 111
3116 88 112
3117 88 113
3118 88 114
3119 88 137
3120 88 141
3121 88 142
3122 88 143
3123 88 144
3124 89 27
3125 89 28
3126 89 29
3127 89 30
3128 89 36
3129 89 39
3130 89 40
3131 89 41
3132 89 52
3133 89 55
3134 89 73
3135 89 75
3136 89 89
3137 89 97
3138 89 98
3139 89 99
3140 89 108
3141 89 110
3142 89 115
3143 89 116
3144 89 117
3145 90 36
3146 90 42
3147 90 52
3148 90 55
3149 90 73
3150 90 75
3151 90 89
3152 90 97
3153 90 99
3154 90 108
3155 90 110
3156 90 115
3157 90 117
3158 91 36
3159 91 42
3160 91 52
3161 91 55
3162 91 73
3163 91 75
3164 91 76
3165 91 77
3166 91 78
3167 91 79
3168 91 89
3169 91 97
3170 91 99
3171 91 108
3172 91 110
3173 91 115
3174 91 117
3175 92 36
3176 92 42
3177 92 52
3178 92 55
3179 92 73
3180 92 80
3181 92 81
3182 92 82
3183 92 83
3184 92 89
3185 92 97
3186 92 99
3187 92 101
3188 92 102
3189 92 103
3190 92 108
3191 92 109
3192 92 110
3193 92 115
3194 92 116
3195 92 117
3196 92 118
3197 92 119
3198 92 120
3199 92 155
3200 92 156
3201 93 36
3202 93 42
3203 93 43
3204 93 44
3205 93 45
3206 93 46
3207 93 47
3208 93 52
3209 93 55
3210 93 74
3211 93 75
3212 93 76
3213 93 77
3214 93 78
3215 93 79
3216 93 84
3217 93 89
3218 93 97
3219 93 100
3220 93 104
3221 93 105
3222 93 106
3223 93 107
3224 93 118
3225 93 121
3226 93 122
3227 93 123
3228 93 155
3229 93 156
3230 94 35
3231 94 37
3232 94 38
3233 94 39
3234 94 42
3235 94 48
3236 94 52
3237 94 55
3238 94 79
3239 94 84
3240 94 89
3241 94 97
3242 94 100
3243 94 104
3244 94 107
3245 94 118
3246 94 123
3247 94 155
3248 94 156
3249 95 35
3250 95 36
3251 95 39
3252 95 42
3253 95 48
3254 95 52
3255 95 55
3256 95 80
3257 95 84
3258 95 89
3259 95 97
3260 95 100
3261 95 104
3262 95 107
3263 95 118
3264 95 123
3265 95 157
3266 95 158
3267 95 159
3268 95 160
3269 96 35
3270 96 36
3271 96 37
3272 96 38
3273 96 39
3274 96 42
3275 96 48
3276 96 49
3277 96 50
3278 96 51
3279 96 52
3280 96 55
3281 96 80
3282 96 84
3283 96 89
3284 96 97
3285 96 100
3286 96 104
3287 96 107
3288 96 118
3289 96 123
3290 96 151
3291 96 152
3292 96 153
3293 96 154
3294 96 155
3295 96 156
3296 96 160
3297 97 15
3298 97 16
3299 97 17
3300 97 18
3301 97 19
3302 97 20
3303 97 21
3304 97 22
3305 97 55
3306 97 81
3307 97 82
3308 97 83
3309 97 85
3310 97 89
3311 97 97
3312 97 100
3313 97 104
3314 97 107
3315 97 118
3316 97 123
3317 97 151
3318 97 155
3319 97 156
3320 97 157
3321 97 158
3322 97 159
3323 97 160
3324 98 15
3325 98 22
3326 98 55
3327 98 56
3328 98 57
3329 98 58
3330 98 59
3331 98 60
3332 98 61
3333 98 62
3334 98 63
3335 98 64
3336 98 65
3337 98 66
3338 98 67
3339 98 68
3340 98 69
3341 98 70
3342 98 71
3343 98 72
3344 98 73
3345 98 74
3346 98 75
3347 98 76
3348 98 77
3349 98 78
3350 98 79
3351 98 80
3352 98 81
3353 98 82
3354 98 83
3355 98 85
3356 98 86
3357 98 87
3358 98 88
3359 98 89
3360 98 97
3361 98 98
3362 98 99
3363 98 100
3364 98 104
3365 98 105
3366 98 106
3367 98 107
3368 98 118
3369 98 123
3370 98 151
3371 98 152
3372 98 153
3373 98 154
3374 99 15
3375 99 22
3376 99 119
3377 99 123
3378 99 155
3379 99 156
3380 99 157
3381 99 158
3382 99 159
3383 99 160
3384 100 15
3385 100 22
3386 100 119
3387 100 120
3388 100 121
3389 100 123
3390 100 155
3391 100 156
3392 101 15
3393 101 22
3394 101 76
3395 101 77
3396 101 78
3397 101 79
3398 101 80
3399 101 81
3400 101 82
3401 101 83
3402 101 97
3403 101 98
3404 101 99
3405 101 100
3406 101 104
3407 101 105
3408 101 106
3409 101 107
3410 101 118
3411 101 122
3412 101 123
3413 101 154
3414 102 12
3415 102 15
3416 102 16
3417 102 19
3418 102 20
3419 102 21
3420 102 22
3421 102 23
3422 102 24
3423 102 76
3424 102 83
3425 102 97
3426 102 98
3427 102 99
3428 102 100
3429 102 104
3430 102 107
3431 102 119
3432 102 120
3433 102 121
3434 102 123
3435 102 154
3436 103 12
3437 103 15
3438 103 17
3439 103 18
3440 103 25
3441 103 55
3442 103 56
3443 103 57
3444 103 58
3445 103 59
3446 103 60
3447 103 61
3448 103 62
3449 103 76
3450 103 77
3451 103 78
3452 103 79
3453 103 80
3454 103 81
3455 103 82
3456 103 83
3457 103 104
3458 103 107
3459 103 116
3460 103 119
3461 103 122
3462 103 151
3463 103 152
3464 103 153
3465 103 154
3466 104 12
3467 104 15
3468 104 17
3469 104 18
3470 104 25
3471 104 55
3472 104 62
3473 104 104
3474 104 107
3475 104 115
3476 104 117
3477 104 118
3478 104 122
3479 104 151
3480 104 152
3481 104 153
3482 104 154
3483 105 6
3484 105 7
3485 105 8
3486 105 9
3487 105 10
3488 105 12
3489 105 15
3490 105 17
3491 105 18
3492 105 25
3493 105 55
3494 105 56
3495 105 57
3496 105 58
3497 105 59
3498 105 60
3499 105 61
3500 105 62
3501 105 104
3502 105 107
3503 105 115
3504 105 117
3505 105 122
3506 106 6
3507 106 10
3508 106 12
3509 106 15
3510 106 17
3511 106 18
3512 106 25
3513 106 28
3514 106 29
3515 106 30
3516 106 31
3517 106 32
3518 106 35
3519 106 36
3520 106 37
3521 106 38
3522 106 39
3523 106 40
3524 106 41
3525 106 42
3526 106 46
3527 106 47
3528 106 62
3529 106 104
3530 106 105
3531 106 106
3532 106 107
3533 106 109
3534 106 110
3535 106 115
3536 106 117
3537 106 122
3538 107 6
3539 107 10
3540 107 15
3541 107 17
3542 107 18
3543 107 25
3544 107 28
3545 107 32
3546 107 35
3547 107 42
3548 107 46
3549 107 47
3550 107 62
3551 107 63
3552 107 64
3553 107 65
3554 107 66
3555 107 67
3556 107 68
3557 107 69
3558 107 70
3559 107 71
3560 107 72
3561 107 73
3562 107 74
3563 107 75
3564 107 76
3565 107 77
3566 107 78
3567 107 79
3568 107 80
3569 107 81
3570 107 82
3571 107 89
3572 107 108
3573 107 110
3574 107 115
3575 107 117
3576 107 122
3577 108 6
3578 108 10
3579 108 15
3580 108 17
3581 108 18
3582 108 25
3583 108 28
3584 108 32
3585 108 35
3586 108 42
3587 108 46
3588 108 47
3589 108 62
3590 108 63
3591 108 64
3592 108 65
3593 108 66
3594 108 67
3595 108 68
3596 108 69
3597 108 70
3598 108 71
3599 108 72
3600 108 73
3601 108 74
3602 108 75
3603 108 82
3604 108 89
3605 108 108
3606 108 110
3607 108 115
3608 108 117
3609 108 122
3610 108 151
3611 108 152
3612 108 153
3613 108 154
3614 108 155
3615 108 156
3616 108 157
3617 108 158
3618 108 160
3619 109 6
3620 109 10
3621 109 15
3622 109 16
3623 109 18
3624 109 25
3625 109 28
3626 109 32
3627 109 35
3628 109 43
3629 109 44
3630 109 45
3631 109 48
3632 109 49
3633 109 50
3634 109 51
3635 109 52
3636 109 53
3637 109 54
3638 109 55
3639 109 56
3640 109 57
3641 109 58
3642 109 59
3643 109 60
3644 109 61
3645 109 76
3646 109 77
3647 109 78
3648 109 79
3649 109 80
3650 109 81
3651 109 82
3652 109 89
3653 109 108
3654 109 110
3655 109 117
3656 109 122
3657 109 159
3658 109 160
3659 110 6
3660 110 7
3661 110 8
3662 110 9
3663 110 10
3664 110 11
3665 110 12
3666 110 13
3667 110 14
3668 110 15
3669 110 18
3670 110 25
3671 110 28
3672 110 32
3673 110 35
3674 110 45
3675 110 48
3676 110 52
3677 110 53
3678 110 54
3679 110 55
3680 110 56
3681 110 57
3682 110 58
3683 110 59
3684 110 60
3685 110 61
3686 110 68
3687 110 69
3688 110 70
3689 110 71
3690 110 72
3691 110 73
3692 110 74
3693 110 75
3694 110 83
3695 110 84
3696 110 85
3697 110 86
3698 110 87
3699 110 88
3700 110 104
3701 110 108
3702 110 110
3703 110 117
3704 110 118
3705 110 119
3706 110 122
3707 110 159
3708 110 160
3709 111 16
3710 111 18
3711 111 25
3712 111 28
3713 111 32
3714 111 35
3715 111 45
3716 111 48
3717 111 51
3718 111 68
3719 111 70
3720 111 71
3721 111 72
3722 111 73
3723 111 74
3724 111 75
3725 111 83
3726 111 88
3727 111 104
3728 111 108
3729 111 110
3730 111 120
3731 111 122
3732 111 159
3733 111 160
3734 112 16
3735 112 18
3736 112 25
3737 112 28
3738 112 32
3739 112 35
3740 112 45
3741 112 48
3742 112 51
3743 112 68
3744 112 69
3745 112 83
3746 112 88
3747 112 108
3748 112 110
3749 112 113
3750 112 114
3751 112 120
3752 112 122
3753 112 156
3754 112 157
3755 112 159
3756 112 160
3757 113 16
3758 113 18
3759 113 25
3760 113 28
3761 113 32
3762 113 35
3763 113 45
3764 113 48
3765 113 52
3766 113 53
3767 113 54
3768 113 55
3769 113 68
3770 113 69
3771 113 83
3772 113 88
3773 113 108
3774 113 110
3775 113 113
3776 113 114
3777 113 120
3778 113 121
3779 113 141
3780 113 150
3781 113 151
3782 113 152
3783 113 153
3784 113 154
3785 113 155
3786 113 158
3787 113 160
3788 114 16
3789 114 18
3790 114 25
3791 114 28
3792 114 30
3793 114 31
3794 114 32
3795 114 35
3796 114 45
3797 114 48
3798 114 55
3799 114 59
3800 114 60
3801 114 61
3802 114 62
3803 114 63
3804 114 64
3805 114 65
3806 114 66
3807 114 67
3808 114 69
3809 114 79
3810 114 80
3811 114 81
3812 114 83
3813 114 89
3814 114 90
3815 114 91
3816 114 92
3817 114 93
3818 114 94
3819 114 104
3820 114 105
3821 114 106
3822 114 107
3823 114 109
3824 114 110
3825 114 113
3826 114 114
3827 114 120
3828 114 121
3829 114 141
3830 114 150
3831 114 152
3832 114 153
3833 114 154
3834 114 155
3835 114 158
3836 114 160
3837 115 16
3838 115 18
3839 115 25
3840 115 28
3841 115 29
3842 115 32
3843 115 35
3844 115 45
3845 115 48
3846 115 55
3847 115 59
3848 115 70
3849 115 71
3850 115 72
3851 115 73
3852 115 74
3853 115 75
3854 115 79
3855 115 81
3856 115 83
3857 115 94
3858 115 104
3859 115 107
3860 115 109
3861 115 110
3862 115 113
3863 115 114
3864 115 122
3865 115 123
3866 115 124
3867 115 131
3868 115 132
3869 115 133
3870 115 136
3871 115 139
3872 115 141
3873 115 150
3874 115 151
3875 115 158
3876 115 160
3877 116 16
3878 116 18
3879 116 25
3880 116 28
3881 116 29
3882 116 32
3883 116 35
3884 116 45
3885 116 48
3886 116 56
3887 116 57
3888 116 58
3889 116 60
3890 116 75
3891 116 79
3892 116 81
3893 116 83
3894 116 94
3895 116 104
3896 116 107
3897 116 109
3898 116 110
3899 116 113
3900 116 114
3901 116 122
3902 116 124
3903 116 131
3904 116 133
3905 116 136
3906 116 139
3907 116 141
3908 116 150
3909 116 151
3910 116 158
3911 116 160
3912 117 16
3913 117 18
3914 117 25
3915 117 28
3916 117 29
3917 117 32
3918 117 35
3919 117 45
3920 117 48
3921 117 55
3922 117 60
3923 117 69
3924 117 70
3925 117 71
3926 117 72
3927 117 73
3928 117 74
3929 117 75
3930 117 79
3931 117 81
3932 117 83
3933 117 94
3934 117 104
3935 117 105
3936 117 106
3937 117 107
3938 117 109
3939 117 110
3940 117 113
3941 117 114
3942 117 122
3943 117 123
3944 117 124
3945 117 131
3946 117 132
3947 117 133
3948 117 136
3949 117 139
3950 117 141
3951 117 142
3952 117 143
3953 117 144
3954 117 158
3955 117 160
3956 118 16
3957 118 18
3958 118 25
3959 118 28
3960 118 29
3961 118 32
3962 118 35
3963 118 45
3964 118 48
3965 118 55
3966 118 60
3967 118 68
3968 118 79
3969 118 81
3970 118 83
3971 118 94
3972 118 115
3973 118 116
3974 118 117
3975 118 118
3976 118 119
3977 118 120
3978 118 121
3979 118 139
3980 118 141
3981 118 144
3982 118 159
3983 118 160
3984 119 16
3985 119 18
3986 119 32
3987 119 35
3988 119 45
3989 119 48
3990 119 53
3991 119 54
3992 119 55
3993 119 60
3994 119 61
3995 119 62
3996 119 68
3997 119 79
3998 119 81
3999 119 83
4000 119 94
4001 119 115
4002 119 121
4003 119 139
4004 119 141
4005 119 144
4006 119 150
4007 119 151
4008 119 152
4009 119 153
4010 119 154
4011 119 155
4012 119 156
4013 119 157
4014 119 158
4015 120 5
4016 120 7
4017 120 8
4018 120 9
4019 120 10
4020 120 11
4021 120 12
4022 120 13
4023 120 14
4024 120 15
4025 120 18
4026 120 32
4027 120 35
4028 120 45
4029 120 48
4030 120 52
4031 120 63
4032 120 68
4033 120 79
4034 120 81
4035 120 83
4036 120 94
4037 120 115
4038 120 120
4039 120 121
4040 120 139
4041 120 141
4042 120 144
4043 120 150
4044 120 155
4045 120 158
4046 121 5
4047 121 7
4048 121 8
4049 121 9
4050 121 10
4051 121 11
4052 121 12
4053 121 13
4054 121 14
4055 121 15
4056 121 16
4057 121 17
4058 121 18
4059 121 32
4060 121 35
4061 121 36
4062 121 37
4063 121 38
4064 121 39
4065 121 40
4066 121 41
4067 121 42
4068 121 43
4069 121 44
4070 121 45
4071 121 48
4072 121 49
4073 121 50
4074 121 51
4075 121 52
4076 121 63
4077 121 68
4078 121 79
4079 121 81
4080 121 83
4081 121 94
4082 121 115
4083 121 116
4084 121 117
4085 121 118
4086 121 119
4087 121 122
4088 121 123
4089 121 124
4090 121 136
4091 121 137
4092 121 138
4093 121 139
4094 121 141
4095 121 144
4096 121 150
4097 121 154
4098 121 156
4099 121 158
4100 122 0
4101 122 5
4102 122 6
4103 122 19
4104 122 20
4105 122 21
4106 122 22
4107 122 23
4108 122 24
4109 122 25
4110 122 26
4111 122 27
4112 122 28
4113 122 29
4114 122 46
4115 122 47
4116 122 63
4117 122 68
4118 122 80
4119 122 81
4120 122 83
4121 122 94
4122 122 113
4123 122 114
4124 122 130
4125 122 131
4126 122 132
4127 122 133
4128 122 134
4129 122 135
4130 122 139
4131 122 141
4132 122 144
4133 122 150
4134 122 154
4135 122 156
4136 122 158
4137 123 0
4138 123 19
4139 123 20
4140 123 21
4141 123 22
4142 123 23
4143 123 24
4144 123 25
4145 123 26
4146 123 27
4147 123 28
4148 123 29
4149 123 46
4150 123 47
4151 123 63
4152 123 68
4153 123 80
4154 123 81
4155 123 83
4156 123 84
4157 123 85
4158 123 86
4159 123 94
4160 123 113
4161 123 114
4162 123 130
4163 123 135
4164 123 139
4165 123 141
4166 123 142
4167 123 143
4168 123 144
4169 123 150
4170 123 154
4171 123 156
4172 123 158
4173 124 0
4174 124 6
4175 124 7
4176 124 8
4177 124 9
4178 124 10
4179 124 11
4180 124 12
4181 124 13
4182 124 14
4183 124 15
4184 124 16
4185 124 17
4186 124 18
4187 124 46
4188 124 47
4189 124 63
4190 124 68
4191 124 80
4192 124 81
4193 124 87
4194 124 94
4195 124 111
4196 124 113
4197 124 114
4198 124 130
4199 124 135
4200 124 139
4201 124 141
4202 124 145
4203 124 146
4204 124 147
4205 124 150
4206 124 154
4207 124 156
4208 124 158
4209 125 0
4210 125 6
4211 125 18
4212 125 63
4213 125 68
4214 125 71
4215 125 72
4216 125 73
4217 125 80
4218 125 81
4219 125 87
4220 125 94
4221 125 113
4222 125 114
4223 125 130
4224 125 135
4225 125 139
4226 125 141
4227 125 145
4228 125 147
4229 125 150
4230 125 154
4231 125 156
4232 125 159
4233 125 160
4234 126 0
4235 126 6
4236 126 18
4237 126 63
4238 126 68
4239 126 71
4240 126 73
4241 126 80
4242 126 81
4243 126 87
4244 126 94
4245 126 113
4246 126 114
4247 126 130
4248 126 135
4249 126 137
4250 126 138
4251 126 139
4252 126 141
4253 126 145
4254 126 148
4255 126 149
4256 126 154
4257 126 156
4258 126 160
4259 127 0
4260 127 6
4261 127 17
4262 127 18
4263 127 36
4264 127 37
4265 127 38
4266 127 39
4267 127 40
4268 127 41
4269 127 42
4270 127 43
4271 127 44
4272 127 45
4273 127 46
4274 127 47
4275 127 48
4276 127 49
4277 127 50
4278 127 51
4279 127 52
4280 127 64
4281 127 65
4282 127 66
4283 127 67
4284 127 68
4285 127 71
4286 127 73
4287 127 82
4288 127 83
4289 127 84
4290 127 87
4291 127 94
4292 127 113
4293 127 114
4294 127 130
4295 127 135
4296 127 137
4297 127 139
4298 127 142
4299 127 143
4300 127 144
4301 127 154
4302 127 156
4303 127 160
4304 128 0
4305 128 6
4306 128 7
4307 128 8
4308 128 9
4309 128 16
4310 128 63
4311 128 71
4312 128 73
4313 128 82
4314 128 84
4315 128 87
4316 128 94
4317 128 113
4318 128 115
4319 128 116
4320 128 117
4321 128 118
4322 128 119
4323 128 120
4324 128 121
4325 128 122
4326 128 130
4327 128 135
4328 128 137
4329 128 139
4330 128 142
4331 128 154
4332 128 156
4333 128 160
4334 129 0
4335 129 6
4336 129 10
4337 129 11
4338 129 12
4339 129 13
4340 129 14
4341 129 15
4342 129 16
4343 129 63
4344 129 71
4345 129 73
4346 129 82
4347 129 84
4348 129 87
4349 129 94
4350 129 113
4351 129 114
4352 129 115
4353 129 116
4354 129 117
4355 129 118
4356 129 119
4357 129 120
4358 129 121
4359 129 122
4360 129 130
4361 129 135
4362 129 137
4363 129 139
4364 129 142
4365 129 154
4366 129 156
4367 129 160
4368 130 0
4369 130 7
4370 130 8
4371 130 9
4372 130 63
4373 130 71
4374 130 73
4375 130 82
4376 130 84
4377 130 87
4378 130 88
4379 130 89
4380 130 90
4381 130 91
4382 130 92
4383 130 93
4384 130 94
4385 130 111
4386 130 112
4387 130 130
4388 130 135
4389 130 137
4390 130 139
4391 130 142
4392 130 152
4393 130 153
4394 130 154
4395 130 156
4396 130 158
4397 130 159
4398 130 160
4399 131 0
4400 131 7
4401 131 8
4402 131 9
4403 131 19
4404 131 20
4405 131 21
4406 131 22
4407 131 23
4408 131 24
4409 131 25
4410 131 26
4411 131 27
4412 131 28
4413 131 29
4414 131 36
4415 131 37
4416 131 38
4417 131 39
4418 131 40
4419 131 41
4420 131 42
4421 131 43
4422 131 44
4423 131 45
4424 131 63
4425 131 71
4426 131 72
4427 131 73
4428 131 82
4429 131 83
4430 131 111
4431 131 112
4432 131 130
4433 131 135
4434 131 137
4435 131 139
4436 131 142
4437 131 151
4438 131 155
4439 131 157
4440 132 0
4441 132 19
4442 132 29
4443 132 36
4444 132 40
4445 132 41
4446 132 42
4447 132 43
4448 132 44
4449 132 45
4450 132 63
4451 132 79
4452 132 80
4453 132 81
4454 132 111
4455 132 112
4456 132 130
4457 132 135
4458 132 137
4459 132 139
4460 132 142
4461 132 151
4462 132 155
4463 132 158
4464 132 159
4465 132 160
4466 133 0
4467 133 19
4468 133 29
4469 133 36
4470 133 39
4471 133 111
4472 133 112
4473 133 130
4474 133 135
4475 133 137
4476 133 139
4477 133 142
4478 133 143
4479 133 144
4480 133 145
4481 133 146
4482 133 147
4483 133 148
4484 133 149
4485 133 150
4486 133 151
4487 133 155
4488 133 160
4489 134 0
4490 134 19
4491 134 29
4492 134 36
4493 134 39
4494 134 111
4495 134 112
4496 134 130
4497 134 131
4498 134 132
4499 134 133
4500 134 134
4501 134 135
4502 134 137
4503 134 138
4504 134 155
4505 134 160
4506 135 0
4507 135 19
4508 135 20
4509 135 21
4510 135 22
4511 135 23
4512 135 24
4513 135 25
4514 135 26
4515 135 27
4516 135 28
4517 135 29
4518 135 36
4519 135 37
4520 135 38
4521 135 39
4522 135 42
4523 135 43
4524 135 44
4525 135 45
4526 135 46
4527 135 47
4528 135 48
4529 135 49
4530 135 50
4531 135 51
4532 135 52
4533 135 53
4534 135 54
4535 135 55
4536 135 56
4537 135 57
4538 135 58
4539 135 59
4540 135 60
4541 135 61
4542 135 62
4543 135 69
4544 135 71
4545 135 72
4546 135 73
4547 135 79
4548 135 80
4549 135 113
4550 135 114
4551 135 115
4552 135 116
4553 135 117
4554 135 118
4555 135 119
4556 135 120
4557 135 121
4558 135 122
4559 135 123
4560 135 124
4561 135 125
4562 135 126
4563 135 127
4564 135 128
4565 135 129
4566 135 136
4567 135 155
4568 135 160
4569 136 0
4570 136 9
4571 136 10
4572 136 11
4573 136 12
4574 136 13
4575 136 14
4576 136 15
4577 136 16
4578 136 17
4579 136 18
4580 136 30
4581 136 31
4582 136 32
4583 136 35
4584 136 40
4585 136 41
4586 136 62
4587 136 69
4588 136 71
4589 136 73
4590 136 79
4591 136 80
4592 136 113
4593 136 129
4594 136 136
4595 136 139
4596 136 155
4597 136 160
4598 137 0
4599 137 9
4600 137 10
4601 137 11
4602 137 17
4603 137 18
4604 137 27
4605 137 28
4606 137 29
4607 137 32
4608 137 35
4609 137 40
4610 137 41
4611 137 42
4612 137 43
4613 137 44
4614 137 45
4615 137 46
4616 137 47
4617 137 48
4618 137 49
4619 137 50
4620 137 51
4621 137 52
4622 137 53
4623 137 54
4624 137 55
4625 137 56
4626 137 57
4627 137 58
4628 137 59
4629 137 60
4630 137 61
4631 137 62
4632 137 69
4633 137 71
4634 137 72
4635 137 73
4636 137 79
4637 137 80
4638 137 113
4639 137 129
4640 137 136
4641 137 139
4642 137 145
4643 137 146
4644 137 155
4645 137 156
4646 137 157
4647 137 158
4648 137 159
4649 137 160
4650 138 0
4651 138 17
4652 138 18
4653 138 27
4654 138 29
4655 138 32
4656 138 36
4657 138 37
4658 138 38
4659 138 39
4660 138 63
4661 138 64
4662 138 65
4663 138 66
4664 138 67
4665 138 68
4666 138 113
4667 138 116
4668 138 117
4669 138 118
4670 138 119
4671 138 120
4672 138 121
4673 138 122
4674 138 123
4675 138 124
4676 138 129
4677 138 136
4678 138 139
4679 138 147
4680 138 148
4681 138 149
4682 138 150
4683 138 151
4684 138 152
4685 138 153
4686 138 154
4687 139 0
4688 139 19
4689 139 27
4690 139 29
4691 139 32
4692 139 36
4693 139 40
4694 139 41
4695 139 63
4696 139 68
4697 139 113
4698 139 115
4699 139 125
4700 139 126
4701 139 127
4702 139 128
4703 139 129
4704 139 136
4705 139 139
4706 139 147
4707 139 154
4708 140 0
4709 140 19
4710 140 27
4711 140 29
4712 140 32
4713 140 36
4714 140 37
4715 140 38
4716 140 39
4717 140 40
4718 140 41
4719 140 63
4720 140 64
4721 140 68
4722 140 106
4723 140 107
4724 140 113
4725 140 114
4726 140 116
4727 140 117
4728 140 118
4729 140 119
4730 140 120
4731 140 121
4732 140 122
4733 140 123
4734 140 124
4735 140 136
4736 140 139
4737 140 147
4738 140 154
4739 141 0
4740 141 19
4741 141 27
4742 141 29
4743 141 32
4744 141 36
4745 141 42
4746 141 43
4747 141 44
4748 141 45
4749 141 46
4750 141 47
4751 141 48
4752 141 49
4753 141 50
4754 141 51
4755 141 52
4756 141 53
4757 141 54
4758 141 55
4759 141 56
4760 141 57
4761 141 58
4762 141 59
4763 141 60
4764 141 61
4765 141 62
4766 141 65
4767 141 68
4768 141 106
4769 141 107
4770 141 113
4771 141 114
4772 141 116
4773 141 124
4774 141 136
4775 141 139
4776 141 145
4777 141 146
4778 141 154
4779 142 0
4780 142 19
4781 142 27
4782 142 29
4783 142 32
4784 142 36
4785 142 42
4786 142 43
4787 142 44
4788 142 62
4789 142 65
4790 142 68
4791 142 106
4792 142 107
4793 142 113
4794 142 114
4795 142 116
4796 142 124
4797 142 130
4798 142 131
4799 142 132
4800 142 133
4801 142 134
4802 142 135
4803 142 137
4804 142 138
4805 142 140
4806 142 145
4807 142 146
4808 142 147
4809 142 148
4810 142 149
4811 142 150
4812 142 151
4813 142 152
4814 142 153
4815 142 154
4816 142 157
4817 142 158
4818 142 159
4819 142 160
4820 143 0
4821 143 19
4822 143 27
4823 143 28
4824 143 32
4825 143 36
4826 143 45
4827 143 46
4828 143 47
4829 143 48
4830 143 49
4831 143 50
4832 143 51
4833 143 52
4834 143 53
4835 143 54
4836 143 55
4837 143 62
4838 143 65
4839 143 68
4840 143 108
4841 143 109
4842 143 110
4843 143 111
4844 143 112
4845 143 116
4846 143 125
4847 143 126
4848 143 127
4849 143 128
4850 143 129
4851 143 136
4852 143 139
4853 143 155
4854 143 156
4855 143 160
4856 144 0
4857 144 19
4858 144 27
4859 144 28
4860 144 32
4861 144 36
4862 144 56
4863 144 62
4864 144 65
4865 144 66
4866 144 67
4867 144 68
4868 144 80
4869 144 81
4870 144 82
4871 144 83
4872 144 84
4873 144 85
4874 144 86
4875 144 89
4876 144 94
4877 144 97
4878 144 98
4879 144 99
4880 144 100
4881 144 101
4882 144 102
4883 144 103
4884 144 108
4885 144 109
4886 144 110
4887 144 111
4888 144 112
4889 144 116
4890 144 129
4891 144 136
4892 144 139
4893 144 155
4894 144 157
4895 144 158
4896 144 159
4897 144 160
4898 145 0
4899 145 19
4900 145 27
4901 145 28
4902 145 32
4903 145 36
4904 145 57
4905 145 62
4906 145 69
4907 145 71
4908 145 72
4909 145 73
4910 145 79
4911 145 83
4912 145 86
4913 145 89
4914 145 94
4915 145 97
4916 145 104
4917 145 105
4918 145 106
4919 145 107
4920 145 113
4921 145 116
4922 145 129
4923 145 136
4924 145 139
4925 145 155
4926 145 156
4927 146 0
4928 146 10
4929 146 11
4930 146 12
4931 146 13
4932 146 14
4933 146 15
4934 146 16
4935 146 17
4936 146 18
4937 146 19
4938 146 27
4939 146 28
4940 146 32
4941 146 36
4942 146 57
4943 146 62
4944 146 69
4945 146 71
4946 146 79
4947 146 83
4948 146 86
4949 146 89
4950 146 94
4951 146 97
4952 146 107
4953 146 113
4954 146 116
4955 146 129
4956 147 1
4957 147 10
4958 147 19
4959 147 27
4960 147 28
4961 147 32
4962 147 36
4963 147 57
4964 147 62
4965 147 69
4966 147 71
4967 147 79
4968 147 83
4969 147 86
4970 147 89
4971 147 94
4972 147 97
4973 147 98
4974 147 99
4975 147 100
4976 147 101
4977 147 102
4978 147 103
4979 147 104
4980 147 105
4981 147 106
4982 147 107
4983 147 113
4984 147 116
4985 147 117
4986 147 118
4987 147 119
4988 147 120
4989 147 121
4990 147 122
4991 147 123
4992 147 124
4993 147 125
4994 147 126
4995 147 129
4996 148 1
4997 148 10
4998 148 20
4999 148 21
5000 148 22
5001 148 23
5002 148 24
5003 148 27
5004 148 28
5005 148 32
5006 148 36
5007 148 57
5008 148 62
5009 148 69
5010 148 71
5011 148 79
5012 148 83
5013 148 86
5014 148 127
5015 148 129
5016 148 130
5017 148 131
5018 149 1
5019 149 10
5020 149 21
5021 149 22
5022 149 23
5023 149 24
5024 149 27
5025 149 28
5026 149 32
5027 149 36
5028 149 57
5029 149 62
5030 149 69
5031 149 71
5032 149 79
5033 149 83
5034 149 86
5035 149 127
5036 149 128
5037 150 1
5038 150 10
5039 150 20
5040 150 27
5041 150 28
5042 150 32
5043 150 36
5044 150 57
5045 150 62
5046 150 69
5047 150 71
5048 150 79
5049 150 83
5050 150 86
5051 150 127
5052 150 128
5053 151 1
5054 151 10
5055 151 20
5056 151 27
5057 151 28
5058 151 32
5059 151 36
5060 151 57
5061 151 58
5062 151 59
5063 151 60
5064 151 61
5065 151 62
5066 151 69
5067 151 71
5068 151 79
5069 151 83
5070 151 84
5071 151 85
5072 151 86
5073 151 87
5074 151 127
5075 151 128
5076 151 147
5077 151 148
5078 151 149
5079 151 155
5080 152 1
5081 152 10
5082 152 20
5083 152 27
5084 152 28
5085 152 32
5086 152 36
5087 152 37
5088 152 38
5089 152 39
5090 152 40
5091 152 41
5092 152 42
5093 152 43
5094 152 44
5095 152 45
5096 152 46
5097 152 63
5098 152 64
5099 152 65
5100 152 66
5101 152 67
5102 152 68
5103 152 80
5104 152 81
5105 152 82
5106 152 94
5107 152 127
5108 152 128
5109 152 139
5110 152 145
5111 152 146
5112 152 149
5113 152 155
5114 152 156
5115 152 157
5116 152 158
5117 152 159
5118 153 1
5119 153 10
5120 153 19
5121 153 20
5122 153 27
5123 153 28
5124 153 32
5125 153 36
5126 153 46
5127 153 63
5128 153 68
5129 153 80
5130 153 81
5131 153 82
5132 153 127
5133 153 128
5134 153 139
5135 153 144
5136 153 145
5137 153 146
5138 153 147
5139 153 148
5140 153 149
5141 154 1
5142 154 10
5143 154 18
5144 154 27
5145 154 28
5146 154 32
5147 154 36
5148 154 46
5149 154 63
5150 154 68
5151 154 79
5152 154 83
5153 154 84
5154 154 85
5155 154 86
5156 154 87
5157 154 89
5158 154 94
5159 154 101
5160 154 102
5161 154 103
5162 154 104
5163 154 105
5164 154 106
5165 154 114
5166 154 115
5167 154 116
5168 154 117
5169 154 118
5170 154 119
5171 154 120
5172 154 121
5173 154 122
5174 154 123
5175 154 124
5176 154 125
5177 154 126
5178 154 129
5179 154 130
5180 154 131
5181 154 136
5182 154 137
5183 154 138
5184 154 140
5185 154 143
5186 154 150
5187 154 151
5188 154 152
5189 154 153
5190 154 154
5191 154 155
5192 154 156
5193 154 157
5194 154 158
5195 154 159
5196 155 1
5197 155 10
5198 155 11
5199 155 12
5200 155 13
5201 155 14
5202 155 15
5203 155 16
5204 155 17
5205 155 18
5206 155 27
5207 155 28
5208 155 32
5209 155 36
5210 155 46
5211 155 63
5212 155 68
5213 155 80
5214 155 81
5215 155 82
5216 155 127
5217 155 128
5218 155 139
5219 155 144
5220 155 145
5221 155 146
5222 155 147
5223 155 148
5224 155 150
5225 155 159
5226 156 1
5227 156 7
5228 156 8
5229 156 9
5230 156 27
5231 156 28
5232 156 32
5233 156 36
5234 156 46
5235 156 63
5236 156 67
5237 156 68
5238 156 80
5239 156 82
5240 156 127
5241 156 128
5242 156 139
5243 156 144
5244 156 148
5245 156 150
5246 156 159
5247 157 1
5248 157 7
5249 157 9
5250 157 27
5251 157 28
5252 157 32
5253 157 36
5254 157 46
5255 157 63
5256 157 66
5257 157 80
5258 157 82
5259 157 105
5260 157 106
5261 157 127
5262 157 128
5263 157 139
5264 157 144
5265 157 148
5266 157 150
5267 157 159
5268 158 1
5269 158 7
5270 158 9
5271 158 27
5272 158 28
5273 158 32
5274 158 36
5275 158 46
5276 158 63
5277 158 66
5278 158 80
5279 158 82
5280 158 105
5281 158 106
5282 158 144
5283 158 145
5284 158 146
5285 158 147
5286 158 148
5287 158 150
5288 158 159
5289 159 1
5290 159 7
5291 159 9
5292 159 27
5293 159 28
5294 159 32
5295 159 36
5296 159 44
5297 159 45
5298 159 46
5299 159 63
5300 159 66
5301 159 80
5302 159 81
5303 159 82
5304 159 101
5305 159 102
5306 159 103
5307 159 104
5308 159 107
5309 159 108
5310 159 109
5311 159 114
5312 159 115
5313 159 116
5314 159 117
5315 159 118
5316 159 119
5317 159 120
5318 159 121
5319 159 122
5320 159 123
5321 159 124
5322 159 125
5323 159 126
5324 159 127
5325 159 128
5326 159 129
5327 159 130
5328 159 131
5329 159 136
5330 159 137
5331 159 138
5332 159 139
5333 159 140
5334 159 143
5335 159 150
5336 159 151
5337 159 152
5338 159 153
5339 159 154
5340 159 155
5341 159 156
5342 159 157
5343 159 158
5344 159 159
5345 160 1
5346 160 7
5347 160 8
5348 160 9
5349 160 25
5350 160 26
5351 160 32
5352 160 36
5353 160 37
5354 160 38
5355 160 39
5356 160 40
5357 160 41
5358 160 42
5359 160 43
5360 160 63
5361 160 64
5362 160 65
5363 160 66
5364 160 79
5365 160 83
5366 160 84
5367 160 101
5368 160 102
5369 160 103
5370 160 104
5371 160 105
5372 160 106
5373 160 107
5374 160 108
5375 160 109
5376 160 114
5377 160 115
5378 160 116
5379 160 117
5380 160 118
5381 160 119
5382 160 120
5383 160 121
5384 160 122
5385 160 123
5386 160 124
5387 160 125
5388 160 126
5389 160 127
5390 160 128
5391 160 129
5392 160 130
5393 160 131
5394 160 136
5395 160 137
5396 160 138
5397 160 139
5398 160 144
5399 160 145
5400 160 146
5401 160 147
5402 160 148
5403 160 149
