541
0 0 0
1 0 1
2 0 2
3 0 3
4 0 4
5 0 5
6 0 6
7 0 27
8 0 28
9 0 29
10 0 30
11 0 31
12 0 32
13 0 33
14 0 34
15 0 35
16 0 36
17 0 37
18 0 38
19 0 39
20 0 40
21 0 41
22 0 42
23 0 50
24 0 51
25 0 52
26 0 53
27 0 54
28 0 55
29 0 56
30 0 57
31 0 58
32 0 59
33 0 60
34 1 0
35 1 1
36 1 27
37 1 28
38 1 29
39 1 30
40 1 31
41 1 32
42 1 33
43 1 34
44 1 35
45 1 42
46 1 50
47 1 60
48 2 0
49 2 1
50 2 36
51 2 37
52 2 38
53 2 42
54 2 46
55 2 50
56 2 60
57 3 0
58 3 1
59 3 28
60 3 39
61 3 42
62 3 46
63 3 50
64 3 60
65 4 0
66 4 2
67 4 3
68 4 4
69 4 5
70 4 6
71 4 7
72 4 8
73 4 28
74 4 39
75 4 42
76 4 46
77 4 50
78 4 60
79 5 0
80 5 3
81 5 4
82 5 5
83 5 6
84 5 28
85 5 39
86 5 42
87 5 46
88 5 49
89 5 60
90 6 0
91 6 2
92 6 29
93 6 30
94 6 31
95 6 32
96 6 39
97 6 40
98 6 41
99 6 42
100 6 46
101 6 49
102 6 60
103 7 0
104 7 2
105 7 29
106 7 32
107 7 33
108 7 34
109 7 35
110 7 38
111 7 39
112 7 46
113 7 49
114 7 60
115 8 0
116 8 2
117 8 32
118 8 33
119 8 34
120 8 35
121 8 38
122 8 39
123 8 46
124 8 49
125 8 60
126 9 0
127 9 1
128 9 35
129 9 38
130 9 39
131 9 46
132 9 49
133 9 60
134 10 0
135 10 1
136 10 38
137 10 39
138 10 46
139 10 49
140 10 60
141 11 0
142 11 1
143 11 34
144 11 35
145 11 38
146 11 39
147 11 46
148 11 49
149 11 60
150 12 0
151 12 1
152 12 34
153 12 35
154 12 38
155 12 39
156 12 50
157 12 60
158 13 0
159 13 1
160 13 34
161 13 35
162 13 50
163 13 60
164 14 0
165 14 1
166 14 34
167 14 35
168 14 50
169 14 60
170 15 0
171 15 34
172 15 35
173 15 41
174 15 50
175 15 60
176 16 7
177 16 8
178 16 9
179 16 10
180 16 11
181 16 12
182 16 13
183 16 14
184 16 15
185 16 34
186 16 35
187 16 41
188 16 50
189 16 60
190 17 7
191 17 15
192 17 34
193 17 35
194 17 41
195 17 50
196 17 60
197 18 7
198 18 15
199 18 34
200 18 35
201 18 41
202 18 42
203 18 50
204 18 60
205 19 8
206 19 9
207 19 10
208 19 11
209 19 15
210 19 34
211 19 35
212 19 50
213 19 60
214 20 12
215 20 15
216 20 34
217 20 35
218 20 39
219 20 42
220 20 50
221 20 60
222 21 12
223 21 15
224 21 39
225 21 42
226 21 50
227 21 60
228 22 9
229 22 12
230 22 15
231 22 42
232 22 50
233 22 60
234 23 2
235 23 9
236 23 12
237 23 13
238 23 15
239 23 50
240 23 60
241 24 2
242 24 14
243 24 15
244 24 50
245 24 60
246 25 2
247 25 17
248 25 18
249 25 50
250 25 60
251 26 2
252 26 17
253 26 18
254 26 28
255 26 36
256 26 50
257 26 60
258 27 22
259 27 23
260 27 50
261 27 60
262 28 20
263 28 21
264 28 23
265 28 50
266 28 60
267 29 0
268 29 1
269 29 2
270 29 3
271 29 4
272 29 20
273 29 21
274 29 22
275 29 23
276 29 50
277 29 60
278 30 0
279 30 4
280 30 28
281 30 32
282 30 33
283 30 34
284 30 35
285 30 36
286 30 50
287 30 60
288 31 0
289 31 4
290 31 12
291 31 28
292 31 32
293 31 37
294 31 50
295 31 60
296 32 0
297 32 2
298 32 3
299 32 4
300 32 12
301 32 32
302 32 37
303 32 49
304 32 60
305 33 0
306 33 1
307 33 32
308 33 33
309 33 34
310 33 35
311 33 36
312 33 37
313 33 44
314 33 45
315 33 46
316 33 49
317 33 60
318 34 0
319 34 1
320 34 49
321 34 60
322 35 0
323 35 1
324 35 49
325 35 60
326 36 0
327 36 1
328 36 49
329 36 60
330 37 0
331 37 2
332 37 3
333 37 49
334 37 60
335 38 0
336 38 3
337 38 49
338 38 60
339 39 0
340 39 3
341 39 23
342 39 24
343 39 25
344 39 26
345 39 27
346 39 28
347 39 29
348 39 49
349 39 60
350 40 0
351 40 1
352 40 2
353 40 3
354 40 23
355 40 29
356 40 49
357 40 60
358 41 0
359 41 23
360 41 29
361 41 47
362 41 48
363 41 60
364 42 0
365 42 22
366 42 29
367 42 47
368 42 60
369 43 22
370 43 29
371 43 42
372 43 43
373 43 44
374 43 47
375 43 60
376 44 22
377 44 29
378 44 42
379 44 44
380 44 47
381 44 48
382 44 49
383 44 60
384 45 20
385 45 21
386 45 22
387 45 23
388 45 24
389 45 25
390 45 26
391 45 27
392 45 28
393 45 29
394 45 32
395 45 33
396 45 34
397 45 35
398 45 36
399 45 37
400 45 38
401 45 39
402 45 40
403 45 41
404 45 44
405 45 50
406 45 60
407 46 13
408 46 14
409 46 32
410 46 44
411 46 50
412 46 60
413 47 32
414 47 44
415 47 50
416 47 60
417 48 32
418 48 44
419 48 50
420 48 60
421 49 21
422 49 22
423 49 23
424 49 24
425 49 25
426 49 26
427 49 27
428 49 28
429 49 29
430 49 30
431 49 31
432 49 44
433 49 50
434 49 60
435 50 0
436 50 1
437 50 2
438 50 3
439 50 4
440 50 5
441 50 6
442 50 7
443 50 8
444 50 9
445 50 10
446 50 11
447 50 12
448 50 13
449 50 14
450 50 15
451 50 16
452 50 17
453 50 18
454 50 19
455 50 20
456 50 45
457 50 46
458 50 47
459 50 48
460 50 49
461 50 60
462 51 0
463 51 60
464 52 0
465 52 60
466 53 0
467 53 60
468 54 0
469 54 60
470 55 0
471 55 60
472 56 0
473 56 60
474 57 0
475 57 60
476 58 0
477 58 60
478 59 0
479 59 60
480 60 0
481 60 1
482 60 2
483 60 3
484 60 4
485 60 5
486 60 6
487 60 7
488 60 8
489 60 9
490 60 10
491 60 11
492 60 12
493 60 13
494 60 14
495 60 15
496 60 16
497 60 17
498 60 18
499 60 19
500 60 20
501 60 21
502 60 22
503 60 23
504 60 24
505 60 25
506 60 26
507 60 27
508 60 28
509 60 29
510 60 30
511 60 31
512 60 32
513 60 33
514 60 34
515 60 35
516 60 36
517 60 37
518 60 38
519 60 39
520 60 40
521 60 41
522 60 42
523 60 43
524 60 44
525 60 45
526 60 46
527 60 47
528 60 48
529 60 49
530 60 50
531 60 51
532 60 52
533 60 53
534 60 54
535 60 55
536 60 56
537 60 57
538 60 58
539 60 59
540 60 60
