1026
0 0 0
1 0 8
2 0 9
3 0 10
4 0 11
5 0 12
6 0 13
7 0 14
8 0 15
9 0 16
10 0 17
11 0 18
12 0 19
13 0 20
14 0 21
15 0 22
16 0 23
17 0 24
18 0 25
19 0 26
20 0 27
21 0 28
22 0 29
23 0 30
24 0 31
25 0 32
26 0 33
27 0 55
28 0 56
29 0 57
30 0 58
31 0 59
32 0 60
33 0 61
34 0 62
35 0 63
36 0 64
37 0 65
38 0 66
39 0 67
40 0 68
41 0 69
42 0 70
43 1 0
44 1 8
45 1 21
46 1 24
47 1 33
48 1 55
49 1 56
50 1 57
51 1 58
52 1 59
53 1 60
54 1 61
55 1 62
56 1 63
57 1 64
58 1 65
59 1 66
60 1 67
61 1 69
62 1 70
63 2 0
64 2 4
65 2 5
66 2 8
67 2 21
68 2 24
69 2 25
70 2 26
71 2 27
72 2 28
73 2 29
74 2 30
75 2 31
76 2 32
77 2 33
78 2 34
79 2 68
80 3 0
81 3 1
82 3 2
83 3 3
84 3 4
85 3 8
86 3 9
87 3 10
88 3 11
89 3 12
90 3 13
91 3 14
92 3 21
93 3 69
94 4 0
95 4 1
96 4 2
97 4 3
98 4 4
99 4 15
100 4 16
101 4 17
102 4 18
103 4 19
104 4 20
105 4 21
106 4 36
107 4 69
108 5 33
109 5 34
110 5 69
111 6 69
112 7 0
113 7 1
114 7 2
115 7 3
116 7 4
117 7 5
118 7 6
119 7 7
120 7 8
121 7 55
122 7 69
123 8 0
124 8 5
125 8 6
126 8 7
127 8 8
128 8 9
129 8 17
130 8 18
131 8 19
132 8 20
133 8 21
134 8 22
135 8 23
136 8 24
137 8 25
138 8 26
139 8 27
140 8 28
141 8 29
142 8 30
143 8 31
144 8 32
145 8 33
146 8 34
147 8 67
148 8 68
149 8 69
150 9 0
151 9 4
152 9 11
153 9 12
154 9 13
155 9 14
156 9 15
157 9 16
158 9 54
159 9 67
160 9 69
161 10 0
162 10 4
163 10 11
164 10 16
165 10 54
166 10 55
167 10 56
168 10 57
169 10 67
170 10 69
171 11 0
172 11 4
173 11 8
174 11 11
175 11 16
176 11 54
177 11 57
178 11 67
179 11 69
180 12 0
181 12 4
182 12 8
183 12 11
184 12 16
185 12 54
186 12 57
187 12 61
188 12 62
189 12 63
190 12 67
191 12 69
192 13 0
193 13 4
194 13 11
195 13 12
196 13 13
197 13 14
198 13 15
199 13 16
200 13 38
201 13 39
202 13 40
203 13 41
204 13 54
205 13 58
206 13 59
207 13 61
208 13 62
209 13 63
210 13 67
211 13 69
212 14 0
213 14 4
214 14 38
215 14 41
216 14 54
217 14 56
218 14 57
219 14 58
220 14 59
221 14 66
222 14 69
223 15 0
224 15 4
225 15 38
226 15 41
227 15 54
228 15 55
229 15 66
230 15 67
231 15 68
232 16 0
233 16 4
234 16 38
235 16 39
236 16 40
237 16 41
238 16 42
239 16 43
240 16 46
241 16 47
242 16 48
243 16 49
244 16 50
245 16 51
246 16 52
247 16 59
248 16 60
249 16 61
250 16 64
251 16 69
252 17 0
253 17 4
254 17 28
255 17 29
256 17 30
257 17 31
258 17 32
259 17 33
260 17 34
261 17 65
262 17 66
263 17 69
264 18 0
265 18 2
266 18 3
267 18 4
268 18 29
269 18 30
270 18 31
271 18 32
272 18 33
273 18 34
274 18 65
275 18 66
276 18 69
277 19 0
278 19 1
279 19 19
280 19 20
281 19 36
282 19 37
283 19 38
284 19 39
285 19 40
286 19 41
287 19 42
288 19 43
289 19 46
290 19 47
291 19 48
292 19 49
293 19 50
294 19 51
295 19 65
296 19 67
297 19 68
298 20 0
299 20 1
300 20 19
301 20 20
302 20 36
303 20 40
304 20 41
305 20 42
306 20 43
307 20 46
308 20 51
309 20 65
310 20 66
311 20 67
312 20 68
313 20 70
314 21 0
315 21 2
316 21 3
317 21 4
318 21 13
319 21 14
320 21 19
321 21 20
322 21 36
323 21 39
324 21 46
325 21 47
326 21 48
327 21 49
328 21 50
329 21 51
330 21 69
331 21 70
332 22 0
333 22 4
334 22 13
335 22 14
336 22 19
337 22 20
338 22 29
339 22 30
340 22 31
341 22 32
342 22 33
343 22 36
344 22 39
345 22 46
346 22 62
347 23 0
348 23 1
349 23 2
350 23 3
351 23 4
352 23 13
353 23 14
354 23 19
355 23 20
356 23 29
357 23 30
358 23 31
359 23 32
360 23 33
361 23 36
362 23 37
363 23 38
364 23 39
365 23 46
366 23 62
367 24 13
368 24 14
369 24 19
370 24 20
371 24 39
372 24 46
373 24 52
374 24 53
375 24 54
376 24 65
377 25 39
378 25 46
379 25 65
380 26 46
381 26 65
382 27 13
383 27 14
384 27 19
385 27 20
386 27 21
387 27 22
388 27 23
389 27 24
390 27 25
391 27 26
392 27 27
393 27 28
394 27 46
395 27 57
396 27 58
397 27 59
398 28 13
399 28 14
400 28 19
401 28 20
402 28 29
403 28 30
404 28 46
405 28 57
406 28 59
407 29 13
408 29 14
409 29 19
410 29 20
411 29 29
412 29 30
413 29 43
414 29 52
415 29 53
416 29 57
417 29 59
418 30 11
419 30 12
420 30 13
421 30 19
422 30 20
423 30 29
424 30 30
425 30 52
426 30 53
427 30 57
428 30 58
429 30 59
430 31 11
431 31 13
432 31 19
433 31 20
434 31 52
435 31 53
436 31 57
437 31 66
438 31 67
439 32 11
440 32 13
441 32 19
442 32 20
443 32 33
444 32 34
445 32 35
446 32 36
447 32 38
448 32 39
449 32 51
450 32 53
451 32 66
452 32 67
453 33 11
454 33 13
455 33 19
456 33 20
457 33 33
458 33 35
459 33 36
460 33 38
461 33 39
462 33 45
463 33 46
464 33 51
465 33 52
466 33 53
467 33 60
468 33 66
469 33 67
470 34 11
471 34 13
472 34 19
473 34 20
474 34 33
475 34 34
476 34 41
477 34 45
478 34 56
479 34 60
480 34 66
481 34 67
482 35 11
483 35 13
484 35 19
485 35 20
486 35 33
487 35 34
488 35 41
489 35 45
490 35 56
491 35 60
492 36 11
493 36 12
494 36 13
495 36 19
496 36 20
497 36 24
498 36 29
499 36 37
500 36 41
501 36 45
502 36 47
503 36 48
504 36 49
505 36 50
506 36 54
507 36 55
508 36 56
509 36 60
510 37 5
511 37 6
512 37 7
513 37 8
514 37 9
515 37 19
516 37 20
517 37 24
518 37 33
519 37 34
520 37 41
521 37 45
522 37 47
523 37 50
524 37 54
525 37 55
526 37 56
527 38 4
528 38 5
529 38 6
530 38 7
531 38 8
532 38 9
533 38 19
534 38 20
535 38 24
536 38 33
537 38 34
538 38 41
539 38 45
540 38 47
541 38 48
542 38 49
543 38 50
544 39 19
545 39 20
546 39 24
547 39 32
548 39 37
549 39 45
550 39 46
551 40 19
552 40 20
553 40 24
554 40 32
555 40 37
556 41 14
557 41 15
558 41 16
559 41 24
560 41 33
561 41 34
562 41 42
563 41 43
564 41 44
565 42 14
566 42 15
567 42 16
568 42 24
569 42 33
570 42 34
571 42 42
572 42 44
573 43 0
574 43 1
575 43 2
576 43 3
577 43 4
578 43 5
579 43 6
580 43 7
581 43 8
582 43 14
583 43 19
584 43 20
585 43 24
586 43 28
587 43 30
588 43 31
589 43 33
590 43 34
591 43 42
592 43 44
593 43 61
594 43 62
595 43 63
596 43 64
597 43 65
598 44 0
599 44 3
600 44 5
601 44 6
602 44 7
603 44 8
604 44 14
605 44 19
606 44 20
607 44 24
608 44 28
609 44 30
610 44 31
611 44 33
612 44 34
613 44 42
614 44 44
615 44 49
616 44 50
617 44 51
618 44 61
619 44 65
620 44 69
621 44 70
622 45 0
623 45 3
624 45 4
625 45 14
626 45 19
627 45 20
628 45 24
629 45 28
630 45 30
631 45 31
632 45 33
633 45 34
634 45 42
635 45 44
636 45 49
637 45 51
638 45 61
639 45 65
640 45 69
641 45 70
642 46 0
643 46 3
644 46 4
645 46 14
646 46 19
647 46 20
648 46 24
649 46 28
650 46 30
651 46 31
652 46 33
653 46 34
654 46 42
655 46 44
656 46 49
657 46 51
658 46 61
659 46 65
660 46 69
661 46 70
662 47 0
663 47 3
664 47 4
665 47 14
666 47 21
667 47 22
668 47 23
669 47 30
670 47 31
671 47 42
672 47 45
673 47 46
674 47 47
675 47 48
676 47 51
677 47 61
678 47 62
679 47 63
680 47 65
681 47 69
682 47 70
683 48 0
684 48 3
685 48 4
686 48 14
687 48 21
688 48 22
689 48 23
690 48 42
691 48 51
692 48 64
693 48 65
694 48 69
695 48 70
696 49 0
697 49 3
698 49 4
699 49 14
700 49 18
701 49 19
702 49 20
703 49 25
704 49 26
705 49 27
706 49 42
707 49 51
708 49 64
709 49 65
710 49 69
711 49 70
712 50 0
713 50 3
714 50 4
715 50 14
716 50 18
717 50 20
718 50 24
719 50 27
720 50 42
721 50 43
722 50 44
723 50 45
724 50 46
725 50 47
726 50 48
727 50 49
728 50 50
729 50 51
730 50 64
731 50 65
732 50 69
733 50 70
734 51 0
735 51 14
736 51 18
737 51 19
738 51 20
739 51 24
740 51 27
741 51 64
742 51 65
743 51 69
744 51 70
745 52 0
746 52 14
747 52 18
748 52 21
749 52 22
750 52 23
751 52 25
752 52 27
753 52 30
754 52 31
755 52 64
756 52 65
757 53 0
758 53 14
759 53 18
760 53 21
761 53 22
762 53 23
763 53 25
764 53 27
765 53 29
766 53 30
767 53 31
768 53 64
769 53 65
770 54 0
771 54 6
772 54 7
773 54 14
774 54 16
775 54 17
776 54 18
777 54 23
778 54 25
779 54 27
780 54 29
781 54 64
782 54 65
783 54 68
784 54 69
785 54 70
786 55 0
787 55 6
788 55 7
789 55 14
790 55 16
791 55 17
792 55 18
793 55 23
794 55 25
795 55 27
796 55 29
797 55 64
798 55 65
799 55 68
800 55 70
801 56 0
802 56 1
803 56 2
804 56 3
805 56 8
806 56 9
807 56 10
808 56 11
809 56 12
810 56 13
811 56 19
812 56 20
813 56 23
814 56 25
815 56 27
816 56 29
817 56 43
818 56 44
819 56 45
820 56 46
821 56 47
822 56 48
823 56 49
824 56 50
825 56 51
826 56 57
827 56 58
828 56 59
829 56 68
830 56 70
831 57 0
832 57 3
833 57 8
834 57 13
835 57 19
836 57 20
837 57 23
838 57 25
839 57 28
840 57 29
841 57 57
842 57 58
843 57 59
844 57 68
845 57 70
846 58 0
847 58 3
848 58 8
849 58 13
850 58 21
851 58 22
852 58 24
853 58 29
854 58 61
855 58 62
856 58 63
857 58 68
858 58 70
859 59 0
860 59 3
861 59 8
862 59 12
863 59 16
864 59 17
865 59 18
866 59 21
867 59 23
868 59 29
869 59 35
870 59 36
871 59 37
872 59 38
873 59 39
874 59 40
875 59 41
876 59 42
877 59 43
878 59 44
879 59 61
880 59 62
881 59 63
882 59 68
883 59 70
884 60 0
885 60 3
886 60 8
887 60 9
888 60 10
889 60 11
890 60 12
891 60 16
892 60 17
893 60 18
894 60 21
895 60 22
896 60 23
897 60 24
898 60 25
899 60 26
900 60 27
901 60 28
902 60 29
903 60 38
904 60 39
905 60 40
906 60 41
907 60 42
908 60 43
909 60 44
910 60 65
911 60 66
912 60 67
913 60 70
914 61 0
915 61 2
916 61 6
917 61 7
918 61 65
919 61 70
920 62 0
921 62 2
922 62 6
923 62 7
924 62 65
925 62 66
926 62 67
927 62 68
928 62 69
929 62 70
930 63 0
931 63 1
932 63 22
933 63 23
934 64 8
935 64 9
936 64 10
937 64 11
938 64 12
939 64 13
940 64 22
941 64 23
942 65 7
943 65 9
944 65 10
945 65 11
946 65 12
947 65 13
948 65 22
949 65 23
950 65 27
951 65 30
952 65 31
953 65 32
954 65 33
955 65 34
956 65 35
957 65 36
958 66 0
959 66 1
960 66 4
961 66 5
962 66 6
963 66 8
964 66 22
965 66 23
966 67 0
967 67 1
968 67 4
969 67 8
970 67 19
971 67 20
972 67 21
973 67 24
974 67 25
975 67 26
976 67 27
977 67 28
978 67 29
979 68 0
980 68 1
981 68 4
982 68 8
983 68 19
984 68 21
985 68 24
986 68 27
987 68 28
988 68 29
989 69 0
990 69 1
991 69 4
992 69 8
993 69 19
994 69 21
995 69 24
996 69 26
997 69 34
998 69 35
999 69 36
1000 69 37
1001 69 38
1002 69 39
1003 69 40
1004 69 41
1005 69 42
1006 69 43
1007 69 44
1008 70 0
1009 70 1
1010 70 4
1011 70 5
1012 70 6
1013 70 7
1014 70 8
1015 70 20
1016 70 21
1017 70 24
1018 70 25
1019 70 26
1020 70 59
1021 70 60
1022 70 61
1023 70 62
1024 70 63
1025 70 64
