1236
0 0 8
1 0 9
2 0 20
3 0 21
4 0 22
5 0 23
6 0 24
7 0 25
8 0 26
9 0 27
10 0 28
11 0 29
12 0 30
13 0 31
14 0 32
15 0 33
16 0 34
17 0 35
18 0 36
19 0 37
20 0 38
21 0 39
22 0 47
23 0 48
24 0 49
25 0 50
26 0 51
27 0 52
28 0 53
29 0 55
30 0 56
31 0 57
32 0 58
33 0 59
34 0 60
35 0 61
36 0 62
37 0 63
38 0 64
39 1 5
40 1 6
41 1 8
42 1 9
43 1 13
44 1 14
45 1 15
46 1 16
47 1 17
48 1 18
49 1 19
50 1 29
51 1 31
52 1 47
53 1 53
54 1 55
55 1 64
56 2 7
57 2 9
58 2 12
59 2 29
60 2 30
61 2 31
62 2 41
63 2 42
64 2 43
65 2 47
66 2 51
67 2 52
68 2 53
69 2 54
70 2 64
71 3 3
72 3 4
73 3 7
74 3 8
75 3 10
76 3 11
77 3 12
78 3 20
79 3 21
80 3 22
81 3 23
82 3 28
83 3 41
84 3 42
85 3 43
86 3 47
87 3 50
88 3 55
89 3 64
90 4 2
91 4 7
92 4 8
93 4 10
94 4 12
95 4 20
96 4 21
97 4 22
98 4 23
99 4 28
100 4 36
101 4 37
102 4 38
103 4 45
104 4 46
105 4 47
106 4 48
107 4 49
108 4 55
109 4 56
110 4 60
111 4 64
112 5 2
113 5 7
114 5 8
115 5 10
116 5 12
117 5 28
118 5 32
119 5 33
120 5 34
121 5 35
122 5 39
123 5 40
124 5 41
125 5 42
126 5 43
127 5 50
128 5 51
129 5 52
130 5 53
131 5 54
132 5 57
133 5 59
134 5 61
135 5 64
136 6 2
137 6 7
138 6 8
139 6 10
140 6 12
141 6 18
142 6 19
143 6 28
144 6 32
145 6 36
146 6 37
147 6 45
148 6 46
149 6 50
150 6 51
151 6 52
152 6 53
153 6 54
154 6 57
155 6 58
156 6 59
157 6 61
158 6 63
159 7 0
160 7 1
161 7 2
162 7 7
163 7 8
164 7 10
165 7 12
166 7 18
167 7 19
168 7 28
169 7 29
170 7 30
171 7 31
172 7 43
173 7 47
174 7 48
175 7 49
176 7 55
177 7 56
178 7 61
179 7 63
180 8 0
181 8 5
182 8 7
183 8 8
184 8 10
185 8 12
186 8 18
187 8 19
188 8 24
189 8 28
190 8 31
191 8 38
192 8 39
193 8 40
194 8 41
195 8 42
196 8 43
197 8 47
198 8 48
199 8 49
200 8 55
201 8 56
202 8 61
203 8 63
204 9 0
205 9 2
206 9 3
207 9 4
208 9 5
209 9 6
210 9 7
211 9 8
212 9 10
213 9 11
214 9 12
215 9 18
216 9 19
217 9 20
218 9 21
219 9 22
220 9 28
221 9 29
222 9 30
223 9 31
224 9 38
225 9 43
226 9 55
227 9 56
228 9 61
229 9 63
230 10 0
231 10 2
232 10 13
233 10 20
234 10 22
235 10 38
236 10 43
237 10 55
238 10 56
239 10 61
240 10 63
241 11 0
242 11 2
243 11 13
244 11 16
245 11 17
246 11 18
247 11 19
248 11 20
249 11 21
250 11 22
251 11 38
252 11 44
253 11 45
254 11 46
255 11 47
256 11 48
257 11 49
258 11 50
259 11 51
260 11 52
261 11 53
262 11 54
263 11 57
264 11 58
265 11 61
266 11 63
267 12 9
268 12 13
269 12 23
270 12 24
271 12 25
272 12 26
273 12 27
274 12 38
275 12 53
276 12 57
277 12 58
278 12 61
279 12 63
280 13 9
281 13 13
282 13 17
283 13 18
284 13 19
285 13 20
286 13 21
287 13 22
288 13 26
289 13 27
290 13 33
291 13 34
292 13 35
293 13 38
294 13 53
295 13 57
296 13 58
297 13 61
298 13 63
299 14 0
300 14 13
301 14 14
302 14 15
303 14 16
304 14 38
305 14 42
306 14 43
307 14 44
308 14 45
309 14 46
310 14 47
311 14 48
312 14 49
313 14 53
314 14 57
315 14 58
316 14 61
317 14 63
318 15 0
319 15 14
320 15 16
321 15 25
322 15 26
323 15 38
324 15 41
325 15 50
326 15 53
327 15 57
328 15 58
329 15 62
330 15 63
331 16 0
332 16 14
333 16 15
334 16 16
335 16 17
336 16 18
337 16 19
338 16 20
339 16 21
340 16 22
341 16 27
342 16 33
343 16 34
344 16 35
345 16 38
346 16 40
347 16 41
348 16 50
349 16 51
350 16 52
351 16 53
352 16 54
353 16 56
354 17 0
355 17 2
356 17 3
357 17 4
358 17 5
359 17 6
360 17 7
361 17 8
362 17 9
363 17 10
364 17 11
365 17 12
366 17 13
367 17 25
368 17 26
369 17 37
370 17 39
371 17 57
372 18 0
373 18 3
374 18 4
375 18 5
376 18 6
377 18 7
378 18 8
379 18 9
380 18 10
381 18 11
382 18 12
383 18 13
384 18 25
385 18 37
386 18 39
387 18 57
388 18 58
389 19 0
390 19 27
391 19 28
392 19 29
393 19 30
394 19 31
395 19 32
396 19 36
397 19 38
398 19 39
399 19 40
400 19 41
401 19 57
402 19 58
403 20 0
404 20 13
405 20 17
406 20 18
407 20 19
408 20 20
409 20 21
410 20 22
411 20 25
412 20 26
413 20 36
414 20 37
415 20 54
416 20 57
417 20 58
418 21 0
419 21 7
420 21 8
421 21 9
422 21 10
423 21 11
424 21 12
425 21 13
426 21 17
427 21 18
428 21 19
429 21 20
430 21 21
431 21 22
432 21 25
433 21 26
434 21 36
435 21 37
436 21 54
437 21 57
438 21 58
439 22 0
440 22 6
441 22 12
442 22 13
443 22 16
444 22 35
445 22 38
446 22 39
447 22 40
448 22 41
449 22 42
450 22 43
451 22 44
452 22 45
453 22 46
454 22 47
455 22 48
456 22 49
457 22 50
458 22 51
459 22 52
460 22 53
461 22 54
462 22 57
463 22 58
464 23 0
465 23 5
466 23 7
467 23 8
468 23 9
469 23 10
470 23 14
471 23 17
472 23 18
473 23 19
474 23 20
475 23 21
476 23 22
477 23 25
478 23 26
479 23 34
480 23 35
481 23 36
482 23 37
483 23 40
484 23 41
485 23 42
486 23 43
487 23 57
488 23 59
489 24 0
490 24 6
491 24 14
492 24 17
493 24 22
494 24 25
495 24 26
496 24 27
497 24 28
498 24 29
499 24 30
500 24 31
501 24 32
502 24 33
503 24 38
504 24 39
505 24 57
506 24 59
507 25 0
508 25 6
509 25 7
510 25 8
511 25 9
512 25 10
513 25 14
514 25 17
515 25 18
516 25 19
517 25 20
518 25 21
519 25 22
520 25 23
521 25 40
522 25 41
523 25 42
524 25 43
525 25 44
526 25 45
527 25 46
528 25 47
529 25 57
530 25 59
531 26 0
532 26 6
533 26 7
534 26 12
535 26 13
536 26 14
537 26 15
538 26 16
539 26 25
540 26 26
541 26 27
542 26 34
543 26 35
544 26 36
545 26 37
546 26 38
547 26 39
548 26 45
549 26 46
550 26 47
551 26 48
552 26 49
553 26 50
554 26 51
555 26 57
556 26 59
557 27 0
558 27 3
559 27 4
560 27 5
561 27 8
562 27 9
563 27 10
564 27 11
565 27 21
566 27 22
567 27 23
568 27 39
569 27 44
570 27 57
571 27 59
572 28 0
573 28 3
574 28 6
575 28 7
576 28 12
577 28 13
578 28 14
579 28 16
580 28 21
581 28 25
582 28 26
583 28 27
584 28 28
585 28 29
586 28 30
587 28 31
588 28 32
589 28 33
590 28 34
591 28 35
592 28 36
593 28 37
594 28 38
595 28 39
596 28 40
597 28 41
598 28 44
599 28 48
600 28 49
601 28 50
602 28 51
603 28 52
604 28 53
605 28 54
606 28 55
607 28 60
608 28 61
609 29 0
610 29 3
611 29 6
612 29 7
613 29 12
614 29 14
615 29 16
616 29 21
617 29 42
618 29 43
619 29 44
620 29 48
621 29 49
622 29 50
623 29 51
624 29 54
625 29 56
626 29 60
627 29 61
628 30 0
629 30 3
630 30 4
631 30 5
632 30 12
633 30 14
634 30 16
635 30 18
636 30 19
637 30 20
638 30 21
639 30 32
640 30 33
641 30 34
642 30 35
643 30 52
644 30 54
645 30 57
646 30 58
647 30 59
648 30 61
649 31 1
650 31 12
651 31 13
652 31 14
653 31 16
654 31 18
655 31 21
656 31 32
657 31 33
658 31 34
659 31 35
660 31 42
661 31 43
662 31 44
663 31 52
664 31 54
665 31 57
666 31 59
667 31 62
668 31 63
669 32 3
670 32 4
671 32 5
672 32 18
673 32 19
674 32 20
675 32 22
676 32 23
677 32 40
678 32 41
679 32 45
680 32 46
681 32 47
682 32 48
683 32 49
684 32 52
685 32 53
686 32 54
687 32 57
688 32 59
689 32 62
690 32 63
691 33 3
692 33 5
693 33 15
694 33 33
695 33 34
696 33 35
697 33 36
698 33 37
699 33 38
700 33 39
701 33 41
702 33 45
703 33 46
704 33 47
705 33 55
706 33 56
707 33 57
708 33 58
709 33 59
710 33 62
711 33 63
712 34 0
713 34 2
714 34 3
715 34 4
716 34 5
717 34 6
718 34 7
719 34 8
720 34 9
721 34 10
722 34 11
723 34 12
724 34 13
725 34 14
726 34 16
727 34 17
728 34 18
729 34 19
730 34 20
731 34 22
732 34 33
733 34 34
734 34 35
735 34 36
736 34 37
737 34 38
738 34 39
739 34 40
740 34 41
741 34 48
742 35 0
743 35 9
744 35 14
745 35 16
746 35 18
747 35 20
748 35 22
749 35 42
750 35 43
751 35 48
752 36 0
753 36 9
754 36 10
755 36 11
756 36 14
757 36 16
758 36 18
759 36 20
760 36 42
761 36 43
762 36 48
763 37 0
764 37 8
765 37 12
766 37 13
767 37 14
768 37 16
769 37 18
770 37 19
771 37 23
772 37 24
773 37 35
774 37 36
775 37 37
776 37 38
777 37 39
778 37 40
779 37 41
780 37 47
781 37 48
782 37 62
783 37 63
784 38 0
785 38 9
786 38 10
787 38 11
788 38 15
789 38 23
790 38 24
791 38 34
792 38 47
793 38 48
794 38 62
795 38 63
796 39 0
797 39 3
798 39 4
799 39 5
800 39 6
801 39 7
802 39 8
803 39 11
804 39 15
805 39 34
806 39 47
807 39 48
808 39 62
809 39 63
810 40 0
811 40 3
812 40 11
813 40 15
814 40 34
815 40 48
816 40 51
817 40 52
818 40 60
819 40 61
820 40 62
821 40 63
822 41 0
823 41 3
824 41 11
825 41 15
826 41 25
827 41 26
828 41 27
829 41 28
830 41 29
831 41 30
832 41 33
833 41 35
834 41 36
835 41 48
836 41 57
837 41 58
838 41 59
839 41 64
840 42 0
841 42 3
842 42 4
843 42 5
844 42 6
845 42 7
846 42 8
847 42 9
848 42 10
849 42 11
850 42 15
851 42 25
852 42 30
853 42 33
854 42 35
855 42 36
856 42 48
857 42 57
858 42 58
859 42 59
860 42 64
861 43 0
862 43 11
863 43 15
864 43 25
865 43 30
866 43 33
867 43 34
868 43 48
869 43 54
870 43 55
871 43 56
872 43 64
873 44 0
874 44 11
875 44 15
876 44 25
877 44 26
878 44 27
879 44 28
880 44 30
881 44 33
882 44 34
883 44 47
884 44 48
885 44 53
886 44 56
887 44 64
888 45 0
889 45 3
890 45 4
891 45 11
892 45 15
893 45 29
894 45 30
895 45 33
896 45 34
897 45 35
898 45 36
899 45 47
900 45 48
901 45 53
902 45 56
903 46 1
904 46 2
905 46 5
906 46 6
907 46 7
908 46 8
909 46 9
910 46 10
911 46 12
912 46 13
913 46 14
914 46 16
915 46 23
916 46 24
917 46 31
918 46 32
919 46 47
920 46 48
921 46 53
922 46 56
923 46 62
924 46 63
925 47 1
926 47 2
927 47 5
928 47 11
929 47 15
930 47 25
931 47 26
932 47 31
933 47 32
934 47 47
935 47 48
936 47 53
937 47 56
938 47 62
939 47 63
940 48 1
941 48 2
942 48 5
943 48 11
944 48 15
945 48 19
946 48 20
947 48 21
948 48 22
949 48 25
950 48 26
951 48 47
952 48 48
953 48 53
954 48 54
955 48 55
956 48 56
957 48 62
958 48 63
959 49 1
960 49 2
961 49 5
962 49 6
963 49 10
964 49 11
965 49 15
966 49 16
967 49 17
968 49 19
969 49 22
970 49 25
971 49 26
972 49 47
973 49 48
974 49 62
975 49 63
976 50 0
977 50 2
978 50 4
979 50 7
980 50 9
981 50 18
982 50 19
983 50 20
984 50 21
985 50 22
986 50 23
987 50 24
988 50 26
989 50 47
990 50 48
991 50 51
992 50 52
993 50 53
994 50 54
995 50 55
996 50 56
997 50 57
998 50 58
999 50 64
1000 51 0
1001 51 1
1002 51 2
1003 51 4
1004 51 7
1005 51 8
1006 51 9
1007 51 23
1008 51 26
1009 51 47
1010 51 48
1011 51 51
1012 51 52
1013 51 58
1014 51 64
1015 52 4
1016 52 5
1017 52 6
1018 52 18
1019 52 19
1020 52 20
1021 52 21
1022 52 22
1023 52 26
1024 52 46
1025 52 49
1026 52 50
1027 52 53
1028 52 58
1029 52 64
1030 53 4
1031 53 7
1032 53 12
1033 53 13
1034 53 14
1035 53 18
1036 53 22
1037 53 23
1038 53 24
1039 53 25
1040 53 26
1041 53 51
1042 53 52
1043 53 53
1044 53 54
1045 53 55
1046 53 56
1047 53 57
1048 53 58
1049 53 64
1050 54 4
1051 54 7
1052 54 12
1053 54 13
1054 54 14
1055 54 18
1056 54 19
1057 54 20
1058 54 21
1059 54 30
1060 54 64
1061 55 0
1062 55 1
1063 55 4
1064 55 7
1065 55 25
1066 55 26
1067 55 27
1068 55 28
1069 55 29
1070 55 37
1071 55 38
1072 55 39
1073 55 40
1074 55 64
1075 56 0
1076 56 1
1077 56 4
1078 56 7
1079 56 11
1080 56 22
1081 56 23
1082 56 24
1083 56 29
1084 56 37
1085 56 40
1086 56 42
1087 56 64
1088 57 0
1089 57 2
1090 57 3
1091 57 4
1092 57 5
1093 57 6
1094 57 18
1095 57 19
1096 57 20
1097 57 21
1098 57 28
1099 57 29
1100 57 30
1101 57 33
1102 57 37
1103 57 38
1104 57 39
1105 57 40
1106 57 42
1107 57 64
1108 58 0
1109 58 3
1110 58 18
1111 58 19
1112 58 27
1113 58 62
1114 58 64
1115 59 0
1116 59 3
1117 59 9
1118 59 10
1119 59 12
1120 59 13
1121 59 14
1122 59 20
1123 59 27
1124 59 62
1125 59 64
1126 60 0
1127 60 1
1128 60 3
1129 60 6
1130 60 7
1131 60 11
1132 60 12
1133 60 20
1134 60 21
1135 60 22
1136 60 23
1137 60 24
1138 60 25
1139 60 26
1140 60 27
1141 60 62
1142 60 64
1143 61 2
1144 61 3
1145 61 4
1146 61 5
1147 61 8
1148 61 11
1149 61 12
1150 61 28
1151 61 29
1152 61 30
1153 61 33
1154 61 37
1155 61 38
1156 61 39
1157 61 40
1158 61 42
1159 61 43
1160 61 44
1161 61 45
1162 61 46
1163 61 47
1164 61 48
1165 61 49
1166 61 50
1167 61 62
1168 61 64
1169 62 8
1170 62 11
1171 62 12
1172 62 25
1173 62 26
1174 62 27
1175 62 28
1176 62 62
1177 63 8
1178 63 11
1179 63 12
1180 63 25
1181 63 26
1182 63 27
1183 63 28
1184 63 29
1185 63 30
1186 63 31
1187 63 32
1188 63 33
1189 63 34
1190 63 35
1191 63 36
1192 63 37
1193 63 38
1194 63 39
1195 63 40
1196 63 62
1197 64 8
1198 64 9
1199 64 10
1200 64 11
1201 64 12
1202 64 13
1203 64 14
1204 64 15
1205 64 16
1206 64 17
1207 64 18
1208 64 19
1209 64 20
1210 64 21
1211 64 22
1212 64 23
1213 64 24
1214 64 41
1215 64 42
1216 64 43
1217 64 44
1218 64 45
1219 64 46
1220 64 47
1221 64 48
1222 64 49
1223 64 50
1224 64 51
1225 64 52
1226 64 53
1227 64 54
1228 64 55
1229 64 56
1230 64 57
1231 64 58
1232 64 59
1233 64 60
1234 64 63
1235 64 64
