665
0 0 0
1 0 1
2 0 2
3 0 3
4 0 6
5 0 9
6 0 38
7 0 39
8 0 40
9 1 0
10 1 3
11 1 6
12 1 7
13 1 8
14 1 11
15 1 12
16 1 13
17 1 38
18 1 40
19 2 1
20 2 3
21 2 4
22 2 5
23 2 7
24 2 9
25 2 10
26 2 14
27 2 23
28 2 24
29 2 25
30 2 26
31 2 27
32 2 28
33 2 29
34 2 30
35 2 38
36 2 39
37 2 40
38 3 1
39 3 2
40 3 7
41 3 11
42 3 12
43 3 13
44 3 14
45 3 23
46 3 25
47 3 26
48 3 27
49 3 30
50 4 1
51 4 3
52 4 4
53 4 5
54 4 6
55 4 14
56 4 23
57 4 24
58 4 28
59 4 30
60 5 1
61 5 3
62 5 9
63 5 10
64 5 11
65 5 12
66 5 13
67 5 14
68 5 23
69 5 24
70 5 28
71 5 29
72 5 30
73 6 3
74 6 4
75 6 8
76 6 14
77 6 15
78 6 16
79 6 23
80 6 25
81 6 26
82 6 27
83 6 39
84 6 40
85 7 2
86 7 5
87 7 8
88 7 14
89 7 16
90 7 23
91 7 27
92 7 39
93 7 40
94 8 2
95 8 3
96 8 6
97 8 7
98 8 14
99 8 15
100 8 23
101 8 24
102 8 25
103 8 26
104 8 27
105 8 35
106 8 36
107 8 37
108 8 39
109 9 2
110 9 4
111 9 5
112 9 6
113 9 7
114 9 14
115 9 16
116 9 17
117 9 18
118 9 19
119 9 21
120 9 22
121 9 28
122 9 29
123 9 30
124 9 31
125 9 32
126 9 33
127 9 34
128 9 36
129 9 37
130 9 39
131 10 2
132 10 3
133 10 8
134 10 9
135 10 10
136 10 11
137 10 12
138 10 13
139 10 15
140 10 20
141 10 22
142 10 26
143 10 27
144 10 29
145 10 30
146 10 34
147 10 36
148 10 37
149 10 39
150 11 2
151 11 3
152 11 8
153 11 13
154 11 15
155 11 20
156 11 21
157 11 22
158 11 26
159 11 28
160 11 31
161 11 32
162 11 33
163 11 34
164 11 35
165 11 36
166 11 37
167 11 38
168 11 40
169 12 2
170 12 3
171 12 8
172 12 14
173 12 16
174 12 17
175 12 18
176 12 19
177 12 23
178 12 24
179 12 26
180 12 27
181 12 29
182 12 30
183 12 38
184 13 2
185 13 3
186 13 8
187 13 11
188 13 12
189 13 13
190 13 14
191 13 16
192 13 19
193 13 23
194 13 24
195 13 26
196 13 27
197 13 29
198 13 30
199 13 32
200 13 33
201 13 38
202 14 2
203 14 3
204 14 8
205 14 10
206 14 14
207 14 16
208 14 17
209 14 18
210 14 19
211 14 23
212 14 24
213 14 26
214 14 27
215 14 31
216 14 34
217 14 35
218 14 36
219 14 38
220 15 2
221 15 3
222 15 8
223 15 10
224 15 15
225 15 20
226 15 21
227 15 22
228 15 26
229 15 27
230 15 31
231 15 34
232 15 36
233 15 38
234 16 2
235 16 3
236 16 8
237 16 9
238 16 10
239 16 13
240 16 14
241 16 15
242 16 20
243 16 22
244 16 26
245 16 27
246 16 31
247 16 34
248 16 37
249 17 1
250 17 2
251 17 4
252 17 5
253 17 6
254 17 7
255 17 13
256 17 14
257 17 15
258 17 20
259 17 23
260 17 24
261 17 25
262 17 26
263 17 27
264 17 31
265 17 34
266 17 35
267 17 36
268 17 37
269 17 39
270 17 40
271 18 3
272 18 8
273 18 9
274 18 10
275 18 11
276 18 12
277 18 20
278 18 21
279 18 22
280 18 23
281 18 24
282 18 25
283 18 27
284 18 31
285 18 39
286 19 3
287 19 6
288 19 7
289 19 8
290 19 9
291 19 13
292 19 14
293 19 15
294 19 16
295 19 17
296 19 18
297 19 19
298 19 26
299 19 28
300 19 29
301 19 30
302 19 32
303 19 33
304 19 34
305 19 35
306 19 36
307 19 37
308 19 38
309 19 40
310 20 3
311 20 4
312 20 5
313 20 10
314 20 13
315 20 14
316 20 16
317 20 17
318 20 18
319 20 19
320 20 26
321 20 28
322 20 30
323 20 32
324 20 38
325 20 40
326 21 8
327 21 9
328 21 10
329 21 12
330 21 15
331 21 20
332 21 21
333 21 22
334 21 26
335 21 28
336 21 30
337 21 32
338 21 38
339 21 40
340 22 5
341 22 6
342 22 7
343 22 11
344 22 12
345 22 15
346 22 20
347 22 23
348 22 26
349 22 29
350 22 30
351 22 32
352 22 36
353 22 37
354 22 38
355 22 40
356 23 1
357 23 2
358 23 5
359 23 7
360 23 11
361 23 12
362 23 15
363 23 18
364 23 19
365 23 23
366 23 26
367 23 29
368 23 30
369 23 32
370 23 35
371 23 39
372 24 1
373 24 2
374 24 5
375 24 6
376 24 7
377 24 11
378 24 13
379 24 14
380 24 15
381 24 18
382 24 19
383 24 20
384 24 23
385 24 28
386 24 31
387 24 33
388 24 35
389 24 39
390 25 3
391 25 4
392 25 11
393 25 15
394 25 21
395 25 22
396 25 24
397 25 25
398 25 26
399 25 27
400 25 28
401 25 33
402 25 34
403 25 35
404 25 39
405 26 3
406 26 4
407 26 11
408 26 15
409 26 19
410 26 23
411 26 28
412 26 36
413 26 37
414 26 38
415 26 40
416 27 0
417 27 3
418 27 5
419 27 6
420 27 7
421 27 8
422 27 9
423 27 11
424 27 16
425 27 17
426 27 18
427 27 19
428 27 23
429 27 26
430 27 27
431 27 36
432 27 40
433 28 0
434 28 3
435 28 6
436 28 7
437 28 9
438 28 11
439 28 19
440 28 23
441 28 26
442 28 27
443 28 36
444 28 40
445 29 2
446 29 5
447 29 8
448 29 10
449 29 11
450 29 12
451 29 19
452 29 24
453 29 25
454 29 28
455 29 32
456 29 33
457 29 36
458 29 40
459 30 2
460 30 3
461 30 4
462 30 5
463 30 8
464 30 10
465 30 13
466 30 20
467 30 21
468 30 22
469 30 24
470 30 25
471 30 28
472 30 29
473 30 30
474 30 31
475 30 33
476 30 35
477 30 36
478 30 40
479 31 0
480 31 1
481 31 6
482 31 7
483 31 10
484 31 13
485 31 14
486 31 15
487 31 16
488 31 17
489 31 18
490 31 19
491 31 20
492 31 21
493 31 22
494 31 24
495 31 25
496 31 28
497 31 29
498 31 30
499 31 31
500 31 32
501 31 33
502 31 35
503 31 37
504 31 40
505 32 0
506 32 1
507 32 6
508 32 7
509 32 8
510 32 9
511 32 10
512 32 11
513 32 12
514 32 24
515 32 26
516 32 27
517 32 33
518 32 35
519 32 37
520 32 39
521 33 0
522 33 1
523 33 3
524 33 4
525 33 5
526 33 12
527 33 16
528 33 17
529 33 18
530 33 19
531 33 20
532 33 21
533 33 22
534 33 23
535 33 25
536 33 27
537 33 33
538 33 35
539 33 37
540 33 38
541 33 39
542 34 0
543 34 1
544 34 3
545 34 6
546 34 7
547 34 8
548 34 9
549 34 10
550 34 11
551 34 13
552 34 14
553 34 15
554 34 26
555 34 28
556 34 29
557 34 30
558 34 31
559 34 34
560 34 36
561 34 40
562 35 0
563 35 1
564 35 3
565 35 4
566 35 5
567 35 6
568 35 7
569 35 8
570 35 9
571 35 10
572 35 11
573 35 13
574 35 15
575 35 26
576 35 34
577 35 35
578 35 37
579 35 38
580 35 39
581 36 2
582 36 11
583 36 13
584 36 15
585 36 21
586 36 22
587 36 23
588 36 26
589 36 36
590 36 38
591 37 2
592 37 11
593 37 12
594 37 14
595 37 15
596 37 21
597 37 23
598 37 26
599 37 27
600 37 28
601 37 29
602 37 30
603 37 31
604 37 36
605 37 38
606 38 2
607 38 3
608 38 4
609 38 5
610 38 6
611 38 7
612 38 11
613 38 12
614 38 14
615 38 15
616 38 21
617 38 22
618 38 23
619 38 26
620 38 30
621 38 32
622 38 33
623 38 34
624 38 36
625 38 39
626 38 40
627 39 2
628 39 5
629 39 11
630 39 12
631 39 14
632 39 16
633 39 17
634 39 20
635 39 26
636 39 27
637 39 28
638 39 29
639 39 30
640 39 32
641 39 34
642 39 36
643 39 38
644 39 39
645 39 40
646 40 2
647 40 3
648 40 4
649 40 5
650 40 11
651 40 12
652 40 14
653 40 16
654 40 17
655 40 21
656 40 22
657 40 23
658 40 24
659 40 25
660 40 32
661 40 33
662 40 34
663 40 35
664 40 37
