5072
0 0 4
1 0 5
2 0 6
3 0 7
4 0 8
5 0 9
6 0 10
7 0 11
8 0 12
9 0 13
10 0 62
11 0 63
12 0 64
13 0 65
14 0 105
15 0 106
16 0 107
17 0 108
18 0 109
19 0 110
20 0 111
21 0 112
22 0 113
23 0 143
24 0 144
25 0 145
26 0 146
27 0 147
28 0 152
29 0 153
30 1 4
31 1 9
32 1 10
33 1 11
34 1 12
35 1 13
36 1 47
37 1 48
38 1 49
39 1 50
40 1 51
41 1 52
42 1 53
43 1 54
44 1 55
45 1 56
46 1 57
47 1 58
48 1 59
49 1 60
50 1 61
51 1 78
52 1 79
53 1 80
54 1 81
55 1 82
56 1 83
57 1 84
58 1 87
59 1 88
60 1 89
61 1 90
62 1 91
63 1 92
64 1 93
65 1 94
66 1 95
67 1 96
68 1 97
69 1 98
70 1 99
71 1 100
72 1 101
73 1 102
74 1 103
75 1 105
76 1 112
77 1 113
78 1 143
79 1 147
80 1 152
81 1 153
82 2 4
83 2 8
84 2 39
85 2 40
86 2 41
87 2 42
88 2 43
89 2 44
90 2 45
91 2 46
92 2 61
93 2 80
94 2 84
95 2 87
96 2 103
97 2 105
98 2 111
99 2 114
100 2 143
101 2 144
102 2 145
103 2 146
104 2 147
105 2 152
106 2 153
107 3 4
108 3 8
109 3 39
110 3 61
111 3 80
112 3 84
113 3 87
114 3 101
115 3 102
116 3 103
117 3 104
118 3 105
119 3 106
120 3 107
121 3 108
122 3 109
123 3 110
124 3 111
125 3 114
126 3 132
127 3 133
128 3 134
129 3 135
130 3 136
131 3 137
132 3 138
133 3 139
134 3 140
135 3 141
136 3 142
137 3 148
138 3 149
139 3 150
140 3 151
141 3 152
142 3 153
143 4 1
144 4 2
145 4 3
146 4 8
147 4 39
148 4 62
149 4 63
150 4 64
151 4 65
152 4 80
153 4 83
154 4 84
155 4 87
156 4 88
157 4 89
158 4 90
159 4 91
160 4 92
161 4 93
162 4 94
163 4 95
164 4 96
165 4 97
166 4 98
167 4 100
168 4 115
169 4 116
170 4 117
171 4 132
172 4 140
173 4 141
174 4 142
175 4 154
176 5 1
177 5 6
178 5 7
179 5 8
180 5 39
181 5 65
182 5 80
183 5 82
184 5 85
185 5 86
186 5 99
187 5 100
188 5 103
189 5 104
190 5 105
191 5 106
192 5 107
193 5 108
194 5 109
195 5 110
196 5 111
197 5 115
198 5 117
199 5 132
200 5 139
201 5 154
202 5 160
203 6 1
204 6 5
205 6 30
206 6 31
207 6 32
208 6 33
209 6 34
210 6 35
211 6 36
212 6 37
213 6 38
214 6 39
215 6 40
216 6 41
217 6 42
218 6 43
219 6 44
220 6 45
221 6 49
222 6 50
223 6 65
224 6 80
225 6 82
226 6 85
227 6 86
228 6 91
229 6 92
230 6 93
231 6 94
232 6 95
233 6 96
234 6 97
235 6 98
236 6 115
237 6 117
238 6 132
239 6 139
240 6 154
241 6 160
242 7 1
243 7 5
244 7 30
245 7 38
246 7 46
247 7 48
248 7 51
249 7 52
250 7 53
251 7 54
252 7 55
253 7 56
254 7 65
255 7 80
256 7 82
257 7 85
258 7 86
259 7 91
260 7 98
261 7 115
262 7 117
263 7 132
264 7 139
265 7 154
266 7 155
267 7 156
268 7 157
269 7 158
270 7 159
271 8 1
272 8 5
273 8 30
274 8 38
275 8 46
276 8 49
277 8 50
278 8 57
279 8 65
280 8 80
281 8 82
282 8 85
283 8 86
284 8 91
285 8 92
286 8 93
287 8 94
288 8 95
289 8 96
290 8 97
291 8 98
292 8 115
293 8 117
294 8 132
295 8 139
296 8 145
297 8 146
298 8 147
299 8 148
300 8 149
301 8 150
302 8 154
303 8 159
304 9 1
305 9 5
306 9 30
307 9 38
308 9 46
309 9 50
310 9 57
311 9 65
312 9 80
313 9 83
314 9 84
315 9 87
316 9 115
317 9 117
318 9 132
319 9 139
320 9 145
321 9 150
322 9 154
323 9 159
324 10 1
325 10 2
326 10 3
327 10 4
328 10 5
329 10 30
330 10 37
331 10 46
332 10 50
333 10 57
334 10 58
335 10 59
336 10 60
337 10 61
338 10 62
339 10 63
340 10 64
341 10 65
342 10 80
343 10 81
344 10 82
345 10 83
346 10 84
347 10 115
348 10 116
349 10 117
350 10 132
351 10 133
352 10 134
353 10 135
354 10 136
355 10 137
356 10 139
357 10 145
358 10 146
359 10 147
360 10 148
361 10 149
362 10 150
363 10 154
364 10 155
365 10 156
366 10 157
367 10 158
368 10 159
369 11 6
370 11 7
371 11 8
372 11 9
373 11 30
374 11 36
375 11 37
376 11 46
377 11 50
378 11 66
379 11 67
380 11 68
381 11 69
382 11 70
383 11 71
384 11 72
385 11 73
386 11 74
387 11 75
388 11 76
389 11 77
390 11 78
391 11 79
392 11 84
393 11 118
394 11 119
395 11 120
396 11 138
397 11 140
398 11 141
399 11 142
400 11 143
401 11 144
402 11 151
403 11 152
404 11 153
405 11 160
406 12 6
407 12 9
408 12 30
409 12 35
410 12 46
411 12 50
412 12 66
413 12 79
414 12 84
415 12 118
416 12 119
417 12 120
418 12 138
419 12 144
420 12 151
421 12 153
422 12 160
423 13 6
424 13 10
425 13 21
426 13 22
427 13 23
428 13 24
429 13 25
430 13 30
431 13 35
432 13 46
433 13 50
434 13 66
435 13 67
436 13 68
437 13 69
438 13 70
439 13 71
440 13 72
441 13 73
442 13 74
443 13 75
444 13 76
445 13 79
446 13 84
447 13 116
448 13 117
449 13 138
450 13 144
451 13 151
452 13 153
453 13 160
454 14 6
455 14 10
456 14 21
457 14 25
458 14 30
459 14 34
460 14 35
461 14 46
462 14 50
463 14 57
464 14 58
465 14 59
466 14 60
467 14 61
468 14 62
469 14 63
470 14 64
471 14 65
472 14 77
473 14 79
474 14 84
475 14 93
476 14 94
477 14 95
478 14 96
479 14 97
480 14 98
481 14 113
482 14 114
483 14 115
484 14 138
485 14 144
486 14 151
487 14 153
488 14 160
489 15 6
490 15 10
491 15 21
492 15 22
493 15 23
494 15 24
495 15 30
496 15 31
497 15 33
498 15 36
499 15 37
500 15 38
501 15 46
502 15 50
503 15 57
504 15 65
505 15 77
506 15 78
507 15 79
508 15 85
509 15 87
510 15 90
511 15 93
512 15 99
513 15 100
514 15 101
515 15 102
516 15 103
517 15 104
518 15 105
519 15 110
520 15 113
521 15 115
522 15 138
523 15 144
524 15 151
525 15 153
526 16 3
527 16 4
528 16 5
529 16 10
530 16 32
531 16 33
532 16 36
533 16 38
534 16 46
535 16 50
536 16 57
537 16 65
538 16 77
539 16 80
540 16 81
541 16 82
542 16 83
543 16 84
544 16 85
545 16 87
546 16 90
547 16 93
548 16 94
549 16 95
550 16 96
551 16 97
552 16 98
553 16 99
554 16 100
555 16 101
556 16 102
557 16 103
558 16 104
559 16 105
560 16 110
561 16 113
562 16 115
563 16 138
564 16 144
565 16 151
566 16 153
567 17 3
568 17 4
569 17 5
570 17 6
571 17 7
572 17 8
573 17 9
574 17 10
575 17 24
576 17 30
577 17 31
578 17 33
579 17 36
580 17 38
581 17 46
582 17 50
583 17 57
584 17 65
585 17 113
586 17 115
587 17 138
588 17 144
589 17 151
590 17 153
591 18 0
592 18 1
593 18 2
594 18 21
595 18 22
596 18 23
597 18 24
598 18 30
599 18 31
600 18 33
601 18 36
602 18 38
603 18 46
604 18 50
605 18 57
606 18 65
607 18 113
608 18 116
609 18 117
610 18 118
611 18 119
612 18 120
613 18 121
614 18 122
615 18 123
616 18 124
617 18 125
618 18 126
619 18 138
620 18 139
621 18 140
622 18 141
623 18 142
624 18 143
625 18 144
626 18 151
627 18 152
628 18 153
629 19 0
630 19 1
631 19 2
632 19 21
633 19 24
634 19 30
635 19 31
636 19 33
637 19 36
638 19 37
639 19 38
640 19 46
641 19 50
642 19 57
643 19 65
644 19 113
645 19 115
646 19 127
647 19 128
648 19 129
649 19 130
650 19 131
651 19 132
652 19 133
653 19 134
654 19 135
655 19 136
656 19 137
657 19 145
658 19 146
659 19 147
660 19 148
661 19 149
662 19 150
663 20 3
664 20 4
665 20 5
666 20 6
667 20 7
668 20 8
669 20 9
670 20 21
671 20 22
672 20 23
673 20 24
674 20 30
675 20 31
676 20 38
677 20 46
678 20 50
679 20 57
680 20 65
681 20 110
682 20 113
683 20 115
684 20 127
685 20 137
686 20 145
687 20 150
688 20 154
689 20 155
690 20 156
691 20 157
692 20 158
693 20 159
694 20 160
695 21 10
696 21 11
697 21 12
698 21 13
699 21 14
700 21 21
701 21 30
702 21 31
703 21 38
704 21 44
705 21 45
706 21 50
707 21 57
708 21 65
709 21 110
710 21 113
711 21 114
712 21 115
713 21 127
714 21 128
715 21 129
716 21 130
717 21 131
718 21 132
719 21 133
720 21 134
721 21 135
722 21 136
723 21 137
724 21 145
725 21 146
726 21 147
727 21 148
728 21 149
729 21 150
730 21 154
731 21 155
732 21 156
733 21 157
734 21 158
735 21 159
736 21 160
737 22 10
738 22 14
739 22 21
740 22 30
741 22 31
742 22 38
743 22 44
744 22 51
745 22 52
746 22 53
747 22 54
748 22 55
749 22 56
750 22 64
751 22 66
752 22 67
753 22 90
754 22 91
755 22 92
756 22 93
757 22 94
758 22 95
759 22 96
760 22 97
761 22 98
762 22 99
763 22 100
764 22 101
765 22 102
766 22 110
767 22 113
768 23 10
769 23 15
770 23 16
771 23 17
772 23 18
773 23 19
774 23 20
775 23 21
776 23 30
777 23 31
778 23 38
779 23 44
780 23 64
781 23 66
782 23 67
783 23 90
784 23 91
785 23 92
786 23 93
787 23 94
788 23 95
789 23 96
790 23 97
791 23 98
792 23 99
793 23 100
794 23 101
795 23 102
796 23 110
797 24 10
798 24 16
799 24 19
800 24 20
801 24 30
802 24 31
803 24 38
804 24 44
805 24 45
806 24 46
807 24 47
808 24 48
809 24 49
810 24 50
811 24 51
812 24 52
813 24 53
814 24 54
815 24 55
816 24 56
817 24 57
818 24 58
819 24 59
820 24 60
821 24 61
822 24 62
823 24 63
824 24 64
825 24 66
826 24 67
827 24 84
828 24 87
829 24 88
830 24 89
831 24 103
832 24 107
833 24 108
834 24 109
835 24 113
836 24 116
837 24 121
838 24 122
839 24 123
840 24 124
841 24 125
842 24 126
843 24 127
844 24 128
845 24 129
846 24 130
847 24 131
848 24 132
849 24 133
850 24 134
851 24 135
852 24 136
853 24 137
854 24 149
855 24 150
856 24 154
857 24 155
858 24 156
859 24 157
860 24 158
861 24 159
862 24 160
863 25 10
864 25 16
865 25 19
866 25 20
867 25 32
868 25 38
869 25 65
870 25 84
871 25 87
872 25 89
873 25 103
874 25 107
875 25 109
876 25 113
877 25 116
878 25 121
879 25 137
880 25 149
881 25 150
882 25 154
883 25 160
884 26 10
885 26 11
886 26 12
887 26 13
888 26 14
889 26 15
890 26 16
891 26 19
892 26 20
893 26 32
894 26 38
895 26 65
896 26 84
897 26 87
898 26 89
899 26 103
900 26 106
901 26 109
902 26 113
903 26 116
904 26 121
905 26 126
906 26 127
907 26 128
908 26 129
909 26 130
910 26 131
911 26 132
912 26 137
913 26 149
914 26 150
915 26 154
916 26 160
917 27 2
918 27 3
919 27 4
920 27 5
921 27 6
922 27 7
923 27 8
924 27 9
925 27 21
926 27 24
927 27 25
928 27 26
929 27 27
930 27 28
931 27 29
932 27 30
933 27 32
934 27 38
935 27 55
936 27 56
937 27 57
938 27 58
939 27 59
940 27 60
941 27 61
942 27 62
943 27 63
944 27 64
945 27 66
946 27 67
947 27 68
948 27 69
949 27 84
950 27 87
951 27 89
952 27 103
953 27 106
954 27 109
955 27 111
956 27 112
957 27 114
958 27 115
959 27 117
960 27 118
961 27 119
962 27 120
963 27 125
964 27 133
965 27 137
966 27 149
967 27 150
968 27 154
969 27 160
970 28 2
971 28 9
972 28 21
973 28 24
974 28 30
975 28 32
976 28 38
977 28 55
978 28 69
979 28 84
980 28 87
981 28 89
982 28 103
983 28 106
984 28 109
985 28 111
986 28 112
987 28 114
988 28 115
989 28 117
990 28 125
991 28 133
992 28 137
993 28 149
994 28 150
995 28 154
996 28 160
997 29 2
998 29 4
999 29 5
1000 29 6
1001 29 7
1002 29 8
1003 29 9
1004 29 21
1005 29 24
1006 29 31
1007 29 32
1008 29 38
1009 29 55
1010 29 69
1011 29 84
1012 29 87
1013 29 89
1014 29 103
1015 29 106
1016 29 109
1017 29 111
1018 29 112
1019 29 114
1020 29 115
1021 29 117
1022 29 125
1023 29 133
1024 29 134
1025 29 135
1026 29 136
1027 29 137
1028 29 149
1029 29 150
1030 29 154
1031 29 155
1032 29 156
1033 29 157
1034 29 158
1035 29 159
1036 29 160
1037 30 2
1038 30 3
1039 30 21
1040 30 24
1041 30 25
1042 30 26
1043 30 27
1044 30 28
1045 30 29
1046 30 30
1047 30 31
1048 30 32
1049 30 38
1050 30 55
1051 30 56
1052 30 57
1053 30 58
1054 30 59
1055 30 60
1056 30 61
1057 30 62
1058 30 63
1059 30 64
1060 30 65
1061 30 66
1062 30 67
1063 30 68
1064 30 69
1065 30 74
1066 30 75
1067 30 76
1068 30 77
1069 30 80
1070 30 81
1071 30 82
1072 30 83
1073 30 84
1074 30 87
1075 30 88
1076 30 89
1077 30 103
1078 30 106
1079 30 107
1080 30 108
1081 30 109
1082 30 111
1083 30 112
1084 30 114
1085 30 115
1086 30 117
1087 30 118
1088 30 119
1089 30 120
1090 30 121
1091 30 122
1092 30 123
1093 30 124
1094 30 125
1095 30 138
1096 30 139
1097 30 140
1098 30 141
1099 30 142
1100 30 143
1101 30 144
1102 30 145
1103 30 146
1104 30 147
1105 30 148
1106 30 151
1107 30 152
1108 30 153
1109 31 2
1110 31 3
1111 31 32
1112 31 33
1113 31 38
1114 31 39
1115 31 40
1116 31 41
1117 31 49
1118 31 50
1119 31 51
1120 31 52
1121 31 53
1122 31 54
1123 31 70
1124 31 71
1125 31 72
1126 31 73
1127 31 78
1128 31 79
1129 31 80
1130 31 81
1131 31 84
1132 31 87
1133 31 90
1134 31 91
1135 31 92
1136 31 93
1137 31 94
1138 31 95
1139 31 96
1140 31 97
1141 31 98
1142 31 99
1143 31 100
1144 31 101
1145 31 102
1146 31 110
1147 31 113
1148 31 116
1149 31 126
1150 31 127
1151 31 128
1152 31 129
1153 31 130
1154 31 131
1155 31 132
1156 31 133
1157 31 134
1158 31 135
1159 31 136
1160 31 137
1161 31 149
1162 31 150
1163 31 154
1164 31 155
1165 31 156
1166 31 157
1167 31 158
1168 31 159
1169 31 160
1170 32 2
1171 32 3
1172 32 49
1173 32 50
1174 32 51
1175 32 52
1176 32 55
1177 32 56
1178 32 57
1179 32 58
1180 32 59
1181 32 60
1182 32 61
1183 32 62
1184 32 63
1185 32 64
1186 32 65
1187 32 66
1188 32 67
1189 32 68
1190 32 69
1191 32 74
1192 32 75
1193 32 76
1194 32 77
1195 32 82
1196 32 84
1197 32 87
1198 32 90
1199 32 102
1200 32 110
1201 32 113
1202 32 116
1203 32 126
1204 32 137
1205 32 149
1206 32 150
1207 32 154
1208 32 160
1209 33 2
1210 33 3
1211 33 20
1212 33 21
1213 33 57
1214 33 76
1215 33 82
1216 33 84
1217 33 87
1218 33 90
1219 33 102
1220 33 110
1221 33 113
1222 33 116
1223 33 126
1224 33 127
1225 33 128
1226 33 129
1227 33 130
1228 33 131
1229 33 132
1230 33 133
1231 33 134
1232 33 137
1233 33 149
1234 33 150
1235 33 154
1236 33 160
1237 34 2
1238 34 4
1239 34 5
1240 34 6
1241 34 7
1242 34 8
1243 34 9
1244 34 18
1245 34 19
1246 34 22
1247 34 23
1248 34 24
1249 34 25
1250 34 26
1251 34 27
1252 34 57
1253 34 76
1254 34 82
1255 34 84
1256 34 87
1257 34 90
1258 34 91
1259 34 92
1260 34 93
1261 34 94
1262 34 95
1263 34 96
1264 34 97
1265 34 98
1266 34 99
1267 34 100
1268 34 101
1269 34 102
1270 34 110
1271 34 113
1272 34 116
1273 34 123
1274 34 124
1275 34 125
1276 34 135
1277 34 137
1278 34 149
1279 34 150
1280 34 154
1281 34 160
1282 35 2
1283 35 6
1284 35 10
1285 35 11
1286 35 12
1287 35 13
1288 35 18
1289 35 19
1290 35 22
1291 35 27
1292 35 39
1293 35 40
1294 35 41
1295 35 42
1296 35 43
1297 35 44
1298 35 45
1299 35 46
1300 35 47
1301 35 57
1302 35 58
1303 35 59
1304 35 60
1305 35 61
1306 35 62
1307 35 63
1308 35 64
1309 35 65
1310 35 66
1311 35 67
1312 35 68
1313 35 69
1314 35 70
1315 35 71
1316 35 72
1317 35 73
1318 35 74
1319 35 75
1320 35 76
1321 35 82
1322 35 83
1323 35 84
1324 35 85
1325 35 86
1326 35 88
1327 35 89
1328 35 106
1329 35 110
1330 35 113
1331 35 116
1332 35 123
1333 35 125
1334 35 135
1335 35 137
1336 35 149
1337 35 150
1338 35 154
1339 35 160
1340 36 2
1341 36 6
1342 36 10
1343 36 13
1344 36 18
1345 36 19
1346 36 22
1347 36 23
1348 36 24
1349 36 25
1350 36 26
1351 36 27
1352 36 45
1353 36 46
1354 36 47
1355 36 88
1356 36 89
1357 36 106
1358 36 110
1359 36 113
1360 36 116
1361 36 123
1362 36 125
1363 36 135
1364 36 137
1365 36 149
1366 36 150
1367 36 154
1368 36 160
1369 37 2
1370 37 6
1371 37 10
1372 37 14
1373 37 18
1374 37 19
1375 37 39
1376 37 40
1377 37 41
1378 37 42
1379 37 43
1380 37 44
1381 37 88
1382 37 89
1383 37 106
1384 37 110
1385 37 113
1386 37 116
1387 37 123
1388 37 124
1389 37 125
1390 37 135
1391 37 137
1392 37 149
1393 37 150
1394 37 154
1395 37 155
1396 37 156
1397 37 157
1398 37 158
1399 37 159
1400 37 160
1401 38 2
1402 38 6
1403 38 10
1404 38 14
1405 38 18
1406 38 19
1407 38 88
1408 38 89
1409 38 106
1410 38 110
1411 38 113
1412 38 116
1413 38 123
1414 38 126
1415 38 127
1416 38 128
1417 38 129
1418 38 130
1419 38 131
1420 38 132
1421 38 133
1422 38 135
1423 38 137
1424 39 2
1425 39 6
1426 39 10
1427 39 14
1428 39 18
1429 39 19
1430 39 88
1431 39 89
1432 39 106
1433 39 110
1434 39 113
1435 39 116
1436 39 123
1437 39 126
1438 39 133
1439 39 135
1440 39 137
1441 40 2
1442 40 6
1443 40 10
1444 40 14
1445 40 18
1446 40 19
1447 40 87
1448 40 90
1449 40 91
1450 40 92
1451 40 93
1452 40 94
1453 40 95
1454 40 96
1455 40 97
1456 40 98
1457 40 99
1458 40 100
1459 40 101
1460 40 102
1461 40 110
1462 40 113
1463 40 116
1464 40 123
1465 40 126
1466 40 133
1467 40 135
1468 40 137
1469 40 141
1470 40 149
1471 40 150
1472 40 151
1473 40 152
1474 40 153
1475 41 2
1476 41 6
1477 41 10
1478 41 14
1479 41 18
1480 41 19
1481 41 91
1482 41 102
1483 41 110
1484 41 113
1485 41 116
1486 41 123
1487 41 126
1488 41 133
1489 41 135
1490 41 137
1491 41 141
1492 41 149
1493 41 153
1494 42 2
1495 42 6
1496 42 10
1497 42 12
1498 42 14
1499 42 18
1500 42 19
1501 42 22
1502 42 23
1503 42 24
1504 42 25
1505 42 26
1506 42 27
1507 42 28
1508 42 29
1509 42 30
1510 42 31
1511 42 91
1512 42 92
1513 42 93
1514 42 94
1515 42 95
1516 42 96
1517 42 97
1518 42 98
1519 42 99
1520 42 100
1521 42 101
1522 42 102
1523 42 110
1524 42 113
1525 42 116
1526 42 123
1527 42 126
1528 42 133
1529 42 135
1530 42 137
1531 42 141
1532 42 149
1533 42 153
1534 42 159
1535 42 160
1536 43 2
1537 43 7
1538 43 8
1539 43 9
1540 43 11
1541 43 13
1542 43 14
1543 43 18
1544 43 20
1545 43 21
1546 43 106
1547 43 107
1548 43 108
1549 43 109
1550 43 111
1551 43 112
1552 43 114
1553 43 115
1554 43 117
1555 43 118
1556 43 119
1557 43 123
1558 43 126
1559 43 127
1560 43 128
1561 43 129
1562 43 130
1563 43 131
1564 43 133
1565 43 135
1566 43 136
1567 43 137
1568 43 141
1569 43 149
1570 43 153
1571 43 159
1572 43 160
1573 44 2
1574 44 11
1575 44 13
1576 44 14
1577 44 18
1578 44 20
1579 44 21
1580 44 106
1581 44 109
1582 44 111
1583 44 113
1584 44 116
1585 44 132
1586 44 134
1587 44 149
1588 44 153
1589 44 159
1590 44 160
1591 45 2
1592 45 11
1593 45 13
1594 45 14
1595 45 18
1596 45 20
1597 45 21
1598 45 106
1599 45 109
1600 45 111
1601 45 113
1602 45 116
1603 45 132
1604 45 134
1605 45 149
1606 45 153
1607 45 159
1608 45 160
1609 46 2
1610 46 11
1611 46 13
1612 46 18
1613 46 20
1614 46 21
1615 46 60
1616 46 61
1617 46 62
1618 46 63
1619 46 64
1620 46 65
1621 46 66
1622 46 67
1623 46 68
1624 46 74
1625 46 75
1626 46 76
1627 46 77
1628 46 78
1629 46 79
1630 46 80
1631 46 81
1632 46 82
1633 46 83
1634 46 95
1635 46 96
1636 46 97
1637 46 98
1638 46 99
1639 46 100
1640 46 106
1641 46 109
1642 46 111
1643 46 113
1644 46 116
1645 46 132
1646 46 134
1647 46 149
1648 46 153
1649 46 159
1650 46 160
1651 47 2
1652 47 11
1653 47 13
1654 47 18
1655 47 20
1656 47 21
1657 47 60
1658 47 66
1659 47 83
1660 47 91
1661 47 92
1662 47 93
1663 47 94
1664 47 101
1665 47 102
1666 47 106
1667 47 109
1668 47 111
1669 47 113
1670 47 116
1671 47 132
1672 47 134
1673 47 149
1674 47 153
1675 47 159
1676 47 160
1677 48 2
1678 48 11
1679 48 13
1680 48 18
1681 48 20
1682 48 21
1683 48 60
1684 48 61
1685 48 62
1686 48 63
1687 48 64
1688 48 65
1689 48 66
1690 48 77
1691 48 78
1692 48 79
1693 48 80
1694 48 81
1695 48 82
1696 48 83
1697 48 91
1698 48 92
1699 48 93
1700 48 94
1701 48 101
1702 48 102
1703 48 106
1704 48 109
1705 48 111
1706 48 113
1707 48 116
1708 48 132
1709 48 134
1710 48 149
1711 48 153
1712 48 159
1713 48 160
1714 49 2
1715 49 3
1716 49 11
1717 49 13
1718 49 18
1719 49 20
1720 49 21
1721 49 44
1722 49 45
1723 49 46
1724 49 47
1725 49 48
1726 49 49
1727 49 55
1728 49 56
1729 49 57
1730 49 58
1731 49 59
1732 49 67
1733 49 68
1734 49 69
1735 49 70
1736 49 71
1737 49 72
1738 49 73
1739 49 75
1740 49 76
1741 49 78
1742 49 83
1743 49 88
1744 49 89
1745 49 90
1746 49 94
1747 49 95
1748 49 96
1749 49 97
1750 49 98
1751 49 99
1752 49 100
1753 49 103
1754 49 104
1755 49 106
1756 49 109
1757 49 111
1758 49 113
1759 49 116
1760 49 132
1761 49 134
1762 49 149
1763 49 150
1764 49 151
1765 49 153
1766 49 159
1767 49 160
1768 50 0
1769 50 1
1770 50 4
1771 50 11
1772 50 13
1773 50 18
1774 50 20
1775 50 21
1776 50 28
1777 50 29
1778 50 30
1779 50 31
1780 50 55
1781 50 59
1782 50 67
1783 50 73
1784 50 75
1785 50 76
1786 50 78
1787 50 83
1788 50 87
1789 50 90
1790 50 94
1791 50 95
1792 50 96
1793 50 97
1794 50 100
1795 50 103
1796 50 104
1797 50 106
1798 50 109
1799 50 111
1800 50 113
1801 50 116
1802 50 132
1803 50 134
1804 50 152
1805 50 153
1806 50 159
1807 50 160
1808 51 0
1809 51 1
1810 51 4
1811 51 11
1812 51 13
1813 51 18
1814 51 20
1815 51 21
1816 51 28
1817 51 31
1818 51 55
1819 51 59
1820 51 67
1821 51 73
1822 51 75
1823 51 76
1824 51 78
1825 51 83
1826 51 87
1827 51 91
1828 51 92
1829 51 93
1830 51 98
1831 51 100
1832 51 103
1833 51 104
1834 51 106
1835 51 109
1836 51 111
1837 51 113
1838 51 116
1839 51 132
1840 51 134
1841 51 149
1842 51 150
1843 51 151
1844 51 153
1845 51 159
1846 51 160
1847 52 0
1848 52 1
1849 52 4
1850 52 11
1851 52 13
1852 52 18
1853 52 20
1854 52 21
1855 52 28
1856 52 31
1857 52 44
1858 52 45
1859 52 46
1860 52 47
1861 52 48
1862 52 49
1863 52 50
1864 52 51
1865 52 52
1866 52 53
1867 52 54
1868 52 59
1869 52 62
1870 52 63
1871 52 64
1872 52 65
1873 52 66
1874 52 73
1875 52 75
1876 52 76
1877 52 78
1878 52 83
1879 52 87
1880 52 94
1881 52 95
1882 52 96
1883 52 98
1884 52 100
1885 52 103
1886 52 104
1887 52 106
1888 52 109
1889 52 111
1890 52 113
1891 52 116
1892 52 132
1893 52 133
1894 52 134
1895 52 149
1896 52 150
1897 52 151
1898 52 153
1899 52 159
1900 52 160
1901 53 0
1902 53 1
1903 53 4
1904 53 11
1905 53 13
1906 53 20
1907 53 21
1908 53 28
1909 53 31
1910 53 54
1911 53 55
1912 53 56
1913 53 57
1914 53 58
1915 53 59
1916 53 62
1917 53 63
1918 53 64
1919 53 65
1920 53 66
1921 53 67
1922 53 68
1923 53 69
1924 53 70
1925 53 71
1926 53 72
1927 53 73
1928 53 75
1929 53 76
1930 53 78
1931 53 83
1932 53 87
1933 53 96
1934 53 98
1935 53 100
1936 53 103
1937 53 104
1938 53 106
1939 53 109
1940 53 111
1941 53 113
1942 53 116
1943 53 126
1944 53 127
1945 53 128
1946 53 129
1947 53 135
1948 53 136
1949 53 137
1950 53 152
1951 53 153
1952 53 159
1953 53 160
1954 54 0
1955 54 2
1956 54 4
1957 54 11
1958 54 13
1959 54 20
1960 54 21
1961 54 28
1962 54 31
1963 54 60
1964 54 61
1965 54 74
1966 54 79
1967 54 83
1968 54 87
1969 54 96
1970 54 99
1971 54 100
1972 54 103
1973 54 104
1974 54 106
1975 54 107
1976 54 108
1977 54 109
1978 54 110
1979 54 111
1980 54 113
1981 54 116
1982 54 126
1983 54 127
1984 54 128
1985 54 129
1986 54 135
1987 54 136
1988 54 137
1989 54 152
1990 54 153
1991 54 159
1992 54 160
1993 55 0
1994 55 2
1995 55 4
1996 55 11
1997 55 13
1998 55 14
1999 55 15
2000 55 20
2001 55 21
2002 55 28
2003 55 31
2004 55 60
2005 55 61
2006 55 74
2007 55 79
2008 55 83
2009 55 87
2010 55 96
2011 55 99
2012 55 100
2013 55 103
2014 55 104
2015 55 132
2016 55 133
2017 55 134
2018 55 149
2019 55 150
2020 55 151
2021 55 154
2022 55 155
2023 55 156
2024 55 157
2025 55 158
2026 55 160
2027 56 0
2028 56 2
2029 56 4
2030 56 11
2031 56 13
2032 56 15
2033 56 20
2034 56 21
2035 56 28
2036 56 31
2037 56 60
2038 56 61
2039 56 74
2040 56 79
2041 56 83
2042 56 87
2043 56 96
2044 56 99
2045 56 101
2046 56 102
2047 56 149
2048 56 151
2049 56 154
2050 56 160
2051 57 0
2052 57 2
2053 57 4
2054 57 9
2055 57 10
2056 57 11
2057 57 13
2058 57 15
2059 57 20
2060 57 21
2061 57 28
2062 57 31
2063 57 74
2064 57 79
2065 57 82
2066 57 84
2067 57 87
2068 57 91
2069 57 92
2070 57 93
2071 57 94
2072 57 96
2073 57 99
2074 57 102
2075 57 149
2076 57 151
2077 57 154
2078 57 160
2079 58 0
2080 58 2
2081 58 4
2082 58 8
2083 58 12
2084 58 15
2085 58 20
2086 58 21
2087 58 28
2088 58 30
2089 58 31
2090 58 74
2091 58 79
2092 58 82
2093 58 84
2094 58 87
2095 58 90
2096 58 95
2097 58 97
2098 58 98
2099 58 99
2100 58 100
2101 58 101
2102 58 102
2103 58 149
2104 58 151
2105 58 154
2106 58 160
2107 59 1
2108 59 2
2109 59 4
2110 59 8
2111 59 12
2112 59 15
2113 59 20
2114 59 21
2115 59 28
2116 59 29
2117 59 60
2118 59 61
2119 59 74
2120 59 79
2121 59 82
2122 59 84
2123 59 87
2124 59 90
2125 59 96
2126 59 102
2127 59 149
2128 59 150
2129 59 151
2130 59 154
2131 59 160
2132 60 1
2133 60 2
2134 60 4
2135 60 8
2136 60 12
2137 60 15
2138 60 20
2139 60 21
2140 60 48
2141 60 49
2142 60 60
2143 60 61
2144 60 74
2145 60 79
2146 60 82
2147 60 84
2148 60 87
2149 60 90
2150 60 96
2151 60 102
2152 60 132
2153 60 133
2154 60 134
2155 60 152
2156 60 153
2157 60 160
2158 61 1
2159 61 2
2160 61 4
2161 61 8
2162 61 12
2163 61 15
2164 61 20
2165 61 21
2166 61 48
2167 61 49
2168 61 60
2169 61 61
2170 61 74
2171 61 75
2172 61 79
2173 61 82
2174 61 84
2175 61 87
2176 61 90
2177 61 96
2178 61 102
2179 61 122
2180 61 123
2181 61 126
2182 61 127
2183 61 128
2184 61 129
2185 61 132
2186 61 134
2187 61 149
2188 61 152
2189 61 160
2190 62 1
2191 62 2
2192 62 4
2193 62 8
2194 62 12
2195 62 15
2196 62 20
2197 62 21
2198 62 48
2199 62 49
2200 62 60
2201 62 61
2202 62 74
2203 62 75
2204 62 79
2205 62 82
2206 62 84
2207 62 87
2208 62 90
2209 62 96
2210 62 102
2211 62 122
2212 62 123
2213 62 126
2214 62 129
2215 62 132
2216 62 134
2217 62 149
2218 62 152
2219 62 153
2220 62 154
2221 62 155
2222 62 156
2223 62 157
2224 62 158
2225 62 159
2226 62 160
2227 63 1
2228 63 2
2229 63 4
2230 63 8
2231 63 12
2232 63 15
2233 63 48
2234 63 50
2235 63 51
2236 63 52
2237 63 53
2238 63 54
2239 63 55
2240 63 56
2241 63 57
2242 63 58
2243 63 59
2244 63 62
2245 63 63
2246 63 64
2247 63 65
2248 63 66
2249 63 67
2250 63 74
2251 63 75
2252 63 78
2253 63 82
2254 63 84
2255 63 87
2256 63 90
2257 63 96
2258 63 102
2259 63 122
2260 63 123
2261 63 126
2262 63 127
2263 63 128
2264 63 129
2265 63 132
2266 63 133
2267 63 134
2268 63 150
2269 63 151
2270 64 1
2271 64 2
2272 64 4
2273 64 8
2274 64 12
2275 64 15
2276 64 48
2277 64 49
2278 64 50
2279 64 51
2280 64 52
2281 64 53
2282 64 54
2283 64 55
2284 64 56
2285 64 57
2286 64 58
2287 64 59
2288 64 62
2289 64 67
2290 64 74
2291 64 75
2292 64 78
2293 64 82
2294 64 84
2295 64 87
2296 64 90
2297 64 96
2298 64 102
2299 65 1
2300 65 2
2301 65 4
2302 65 8
2303 65 12
2304 65 15
2305 65 21
2306 65 44
2307 65 45
2308 65 46
2309 65 47
2310 65 62
2311 65 63
2312 65 67
2313 65 74
2314 65 75
2315 65 78
2316 65 82
2317 65 84
2318 65 87
2319 65 90
2320 65 96
2321 65 97
2322 65 102
2323 65 122
2324 65 123
2325 65 126
2326 65 127
2327 65 128
2328 65 129
2329 66 1
2330 66 2
2331 66 4
2332 66 8
2333 66 12
2334 66 15
2335 66 21
2336 66 56
2337 66 57
2338 66 58
2339 66 59
2340 66 60
2341 66 61
2342 66 64
2343 66 67
2344 66 74
2345 66 75
2346 66 78
2347 66 82
2348 66 84
2349 66 87
2350 66 90
2351 66 96
2352 66 97
2353 66 102
2354 66 103
2355 66 104
2356 66 112
2357 66 114
2358 66 115
2359 66 120
2360 66 121
2361 66 124
2362 66 125
2363 66 132
2364 66 133
2365 66 134
2366 66 141
2367 66 149
2368 66 150
2369 66 151
2370 67 1
2371 67 2
2372 67 4
2373 67 8
2374 67 12
2375 67 15
2376 67 21
2377 67 56
2378 67 61
2379 67 64
2380 67 67
2381 67 71
2382 67 72
2383 67 73
2384 67 76
2385 67 77
2386 67 78
2387 67 79
2388 67 80
2389 67 81
2390 67 82
2391 67 87
2392 67 90
2393 67 96
2394 67 97
2395 67 102
2396 67 103
2397 67 104
2398 67 112
2399 67 114
2400 67 115
2401 67 120
2402 67 121
2403 67 124
2404 67 125
2405 67 134
2406 67 141
2407 67 149
2408 67 151
2409 68 1
2410 68 2
2411 68 4
2412 68 8
2413 68 12
2414 68 15
2415 68 21
2416 68 56
2417 68 57
2418 68 58
2419 68 61
2420 68 64
2421 68 67
2422 68 71
2423 68 74
2424 68 75
2425 68 83
2426 68 87
2427 68 90
2428 68 96
2429 68 97
2430 68 112
2431 68 114
2432 68 115
2433 68 120
2434 68 121
2435 68 124
2436 68 125
2437 68 134
2438 68 141
2439 68 149
2440 68 151
2441 69 1
2442 69 2
2443 69 5
2444 69 8
2445 69 12
2446 69 15
2447 69 21
2448 69 50
2449 69 51
2450 69 52
2451 69 53
2452 69 54
2453 69 55
2454 69 59
2455 69 61
2456 69 64
2457 69 67
2458 69 71
2459 69 75
2460 69 83
2461 69 87
2462 69 90
2463 69 96
2464 69 97
2465 69 112
2466 69 114
2467 69 115
2468 69 120
2469 69 121
2470 69 124
2471 69 125
2472 69 134
2473 69 141
2474 69 149
2475 69 150
2476 69 151
2477 70 1
2478 70 2
2479 70 5
2480 70 8
2481 70 12
2482 70 14
2483 70 15
2484 70 21
2485 70 50
2486 70 55
2487 70 59
2488 70 61
2489 70 64
2490 70 67
2491 70 71
2492 70 75
2493 70 83
2494 70 87
2495 70 90
2496 70 96
2497 70 97
2498 70 112
2499 70 114
2500 70 115
2501 70 120
2502 70 121
2503 70 124
2504 70 125
2505 70 134
2506 70 140
2507 70 142
2508 70 143
2509 70 144
2510 70 145
2511 70 146
2512 70 147
2513 70 148
2514 70 151
2515 71 1
2516 71 2
2517 71 5
2518 71 8
2519 71 12
2520 71 13
2521 71 21
2522 71 50
2523 71 51
2524 71 52
2525 71 53
2526 71 54
2527 71 55
2528 71 59
2529 71 60
2530 71 61
2531 71 64
2532 71 65
2533 71 66
2534 71 67
2535 71 71
2536 71 75
2537 71 83
2538 71 87
2539 71 90
2540 71 94
2541 71 95
2542 71 97
2543 71 112
2544 71 114
2545 71 115
2546 71 120
2547 71 121
2548 71 124
2549 71 125
2550 71 134
2551 71 137
2552 71 140
2553 71 142
2554 71 146
2555 71 147
2556 71 148
2557 72 1
2558 72 2
2559 72 5
2560 72 8
2561 72 12
2562 72 13
2563 72 21
2564 72 56
2565 72 57
2566 72 58
2567 72 71
2568 72 75
2569 72 80
2570 72 83
2571 72 87
2572 72 90
2573 72 94
2574 72 97
2575 72 112
2576 72 114
2577 72 115
2578 72 120
2579 72 121
2580 72 124
2581 72 125
2582 72 134
2583 72 137
2584 72 140
2585 72 142
2586 72 145
2587 72 149
2588 72 150
2589 73 1
2590 73 2
2591 73 5
2592 73 8
2593 73 12
2594 73 13
2595 73 21
2596 73 56
2597 73 58
2598 73 71
2599 73 75
2600 73 80
2601 73 83
2602 73 87
2603 73 90
2604 73 94
2605 73 97
2606 73 112
2607 73 114
2608 73 115
2609 73 120
2610 73 121
2611 73 124
2612 73 125
2613 73 134
2614 73 137
2615 73 140
2616 73 142
2617 73 143
2618 73 144
2619 73 145
2620 73 149
2621 73 150
2622 74 2
2623 74 5
2624 74 8
2625 74 12
2626 74 13
2627 74 21
2628 74 57
2629 74 58
2630 74 71
2631 74 75
2632 74 80
2633 74 83
2634 74 87
2635 74 90
2636 74 94
2637 74 97
2638 74 112
2639 74 114
2640 74 115
2641 74 120
2642 74 122
2643 74 123
2644 74 126
2645 74 127
2646 74 128
2647 74 129
2648 75 2
2649 75 5
2650 75 8
2651 75 12
2652 75 13
2653 75 21
2654 75 57
2655 75 58
2656 75 71
2657 75 75
2658 75 80
2659 75 83
2660 75 87
2661 75 88
2662 75 89
2663 75 90
2664 75 94
2665 75 97
2666 75 112
2667 75 114
2668 75 115
2669 75 120
2670 75 122
2671 75 123
2672 75 126
2673 75 129
2674 76 2
2675 76 5
2676 76 8
2677 76 12
2678 76 13
2679 76 15
2680 76 21
2681 76 62
2682 76 63
2683 76 71
2684 76 72
2685 76 75
2686 76 80
2687 76 83
2688 76 94
2689 76 97
2690 76 112
2691 76 114
2692 76 115
2693 76 120
2694 76 122
2695 76 123
2696 76 126
2697 76 127
2698 76 129
2699 77 2
2700 77 5
2701 77 8
2702 77 12
2703 77 13
2704 77 15
2705 77 21
2706 77 73
2707 77 74
2708 77 75
2709 77 80
2710 77 83
2711 77 94
2712 77 95
2713 77 96
2714 77 97
2715 77 104
2716 77 109
2717 77 112
2718 77 114
2719 77 115
2720 77 120
2721 77 122
2722 77 128
2723 78 2
2724 78 5
2725 78 8
2726 78 12
2727 78 13
2728 78 15
2729 78 18
2730 78 20
2731 78 22
2732 78 23
2733 79 2
2734 79 5
2735 79 8
2736 79 12
2737 79 13
2738 79 18
2739 79 20
2740 79 22
2741 79 24
2742 79 25
2743 79 26
2744 79 128
2745 80 2
2746 80 5
2747 80 8
2748 80 12
2749 80 13
2750 80 18
2751 80 20
2752 80 22
2753 80 26
2754 80 57
2755 80 58
2756 80 59
2757 80 60
2758 80 61
2759 80 62
2760 80 63
2761 80 97
2762 80 104
2763 80 116
2764 80 120
2765 80 122
2766 80 123
2767 80 126
2768 80 127
2769 80 129
2770 80 134
2771 80 135
2772 80 136
2773 80 137
2774 81 2
2775 81 5
2776 81 8
2777 81 12
2778 81 13
2779 81 18
2780 81 20
2781 81 22
2782 81 24
2783 81 25
2784 81 26
2785 81 57
2786 81 61
2787 81 64
2788 81 73
2789 81 74
2790 81 75
2791 81 80
2792 81 83
2793 81 128
2794 81 129
2795 81 134
2796 81 135
2797 81 136
2798 81 137
2799 82 2
2800 82 5
2801 82 8
2802 82 12
2803 82 13
2804 82 18
2805 82 20
2806 82 22
2807 82 23
2808 82 57
2809 82 61
2810 82 64
2811 82 71
2812 82 72
2813 82 75
2814 82 80
2815 82 83
2816 82 128
2817 82 129
2818 82 134
2819 83 2
2820 83 5
2821 83 8
2822 83 12
2823 83 13
2824 83 18
2825 83 20
2826 83 22
2827 83 23
2828 83 42
2829 83 43
2830 83 44
2831 83 45
2832 83 46
2833 83 47
2834 83 48
2835 83 49
2836 83 50
2837 83 54
2838 83 55
2839 83 56
2840 83 62
2841 83 63
2842 83 71
2843 83 75
2844 83 80
2845 83 83
2846 83 128
2847 83 129
2848 83 134
2849 83 150
2850 84 2
2851 84 5
2852 84 6
2853 84 8
2854 84 12
2855 84 13
2856 84 18
2857 84 21
2858 84 23
2859 84 42
2860 84 51
2861 84 52
2862 84 54
2863 84 63
2864 84 71
2865 84 75
2866 84 80
2867 84 83
2868 84 94
2869 84 95
2870 84 96
2871 84 97
2872 84 98
2873 84 99
2874 84 104
2875 84 116
2876 84 120
2877 84 122
2878 84 123
2879 84 126
2880 84 127
2881 84 130
2882 84 131
2883 84 132
2884 84 133
2885 84 135
2886 84 136
2887 84 137
2888 84 138
2889 84 139
2890 84 140
2891 84 141
2892 84 142
2893 84 143
2894 84 144
2895 84 145
2896 84 146
2897 84 147
2898 84 149
2899 84 150
2900 85 2
2901 85 3
2902 85 4
2903 85 7
2904 85 8
2905 85 12
2906 85 13
2907 85 18
2908 85 21
2909 85 23
2910 85 42
2911 85 52
2912 85 54
2913 85 63
2914 85 71
2915 85 75
2916 85 80
2917 85 83
2918 85 94
2919 85 99
2920 85 104
2921 85 116
2922 85 120
2923 85 122
2924 85 123
2925 85 126
2926 85 127
2927 85 130
2928 85 133
2929 85 135
2930 85 146
2931 85 147
2932 85 149
2933 85 150
2934 86 2
2935 86 4
2936 86 7
2937 86 8
2938 86 12
2939 86 13
2940 86 18
2941 86 21
2942 86 23
2943 86 34
2944 86 42
2945 86 52
2946 86 54
2947 86 63
2948 86 71
2949 86 75
2950 86 80
2951 86 83
2952 86 84
2953 86 85
2954 86 86
2955 86 87
2956 86 88
2957 86 89
2958 86 90
2959 86 94
2960 86 99
2961 86 104
2962 86 120
2963 86 122
2964 86 123
2965 86 126
2966 86 127
2967 86 130
2968 86 133
2969 86 135
2970 86 145
2971 87 2
2972 87 4
2973 87 12
2974 87 13
2975 87 18
2976 87 21
2977 87 23
2978 87 34
2979 87 42
2980 87 43
2981 87 44
2982 87 45
2983 87 46
2984 87 47
2985 87 48
2986 87 49
2987 87 50
2988 87 51
2989 87 52
2990 87 54
2991 87 63
2992 87 71
2993 87 72
2994 87 73
2995 87 74
2996 87 75
2997 87 80
2998 87 83
2999 87 90
3000 87 94
3001 87 99
3002 87 104
3003 87 120
3004 87 122
3005 87 123
3006 87 130
3007 87 133
3008 87 135
3009 87 145
3010 88 2
3011 88 4
3012 88 12
3013 88 13
3014 88 18
3015 88 21
3016 88 23
3017 88 34
3018 88 35
3019 88 41
3020 88 53
3021 88 54
3022 88 55
3023 88 56
3024 88 63
3025 88 80
3026 88 83
3027 88 90
3028 88 94
3029 88 99
3030 88 104
3031 88 120
3032 88 122
3033 88 130
3034 88 133
3035 88 135
3036 88 144
3037 88 145
3038 88 150
3039 88 156
3040 88 157
3041 88 158
3042 88 159
3043 88 160
3044 89 2
3045 89 4
3046 89 12
3047 89 13
3048 89 18
3049 89 22
3050 89 23
3051 89 34
3052 89 35
3053 89 41
3054 89 57
3055 89 63
3056 89 80
3057 89 83
3058 89 90
3059 89 94
3060 89 99
3061 89 104
3062 89 120
3063 89 122
3064 89 130
3065 89 131
3066 89 132
3067 89 133
3068 89 135
3069 89 136
3070 89 137
3071 89 138
3072 89 139
3073 89 140
3074 89 141
3075 89 142
3076 89 143
3077 89 150
3078 89 156
3079 89 160
3080 90 2
3081 90 5
3082 90 6
3083 90 12
3084 90 18
3085 90 24
3086 90 25
3087 90 26
3088 90 27
3089 90 34
3090 90 35
3091 90 41
3092 90 57
3093 90 63
3094 90 67
3095 90 71
3096 90 72
3097 90 73
3098 90 74
3099 90 75
3100 90 80
3101 90 83
3102 90 90
3103 90 94
3104 90 99
3105 90 104
3106 90 122
3107 90 128
3108 90 129
3109 90 150
3110 90 156
3111 90 160
3112 91 2
3113 91 6
3114 91 12
3115 91 18
3116 91 24
3117 91 25
3118 91 26
3119 91 27
3120 91 34
3121 91 35
3122 91 41
3123 91 57
3124 91 63
3125 91 67
3126 91 71
3127 91 75
3128 91 80
3129 91 83
3130 91 90
3131 91 94
3132 91 95
3133 91 96
3134 91 97
3135 91 98
3136 91 99
3137 91 122
3138 91 128
3139 91 129
3140 91 156
3141 91 157
3142 91 158
3143 91 159
3144 91 160
3145 92 2
3146 92 6
3147 92 12
3148 92 18
3149 92 22
3150 92 23
3151 92 34
3152 92 35
3153 92 41
3154 92 57
3155 92 63
3156 92 67
3157 92 72
3158 92 75
3159 92 80
3160 92 83
3161 92 90
3162 92 94
3163 92 150
3164 92 151
3165 92 152
3166 92 153
3167 92 154
3168 92 155
3169 93 2
3170 93 6
3171 93 12
3172 93 18
3173 93 22
3174 93 23
3175 93 34
3176 93 35
3177 93 41
3178 93 57
3179 93 63
3180 93 67
3181 93 72
3182 93 73
3183 93 74
3184 93 75
3185 93 80
3186 93 83
3187 93 90
3188 93 94
3189 93 150
3190 93 155
3191 94 2
3192 94 6
3193 94 12
3194 94 13
3195 94 15
3196 94 18
3197 94 22
3198 94 23
3199 94 34
3200 94 35
3201 94 41
3202 94 57
3203 94 63
3204 94 67
3205 94 68
3206 94 69
3207 94 70
3208 94 71
3209 94 76
3210 94 77
3211 94 78
3212 94 80
3213 94 83
3214 94 90
3215 94 94
3216 94 150
3217 94 151
3218 94 152
3219 94 153
3220 94 154
3221 94 155
3222 95 2
3223 95 6
3224 95 12
3225 95 13
3226 95 15
3227 95 18
3228 95 22
3229 95 23
3230 95 41
3231 95 57
3232 95 63
3233 95 68
3234 95 71
3235 95 76
3236 95 78
3237 95 80
3238 95 83
3239 95 90
3240 95 94
3241 95 146
3242 95 147
3243 96 2
3244 96 6
3245 96 12
3246 96 13
3247 96 15
3248 96 18
3249 96 22
3250 96 23
3251 96 41
3252 96 57
3253 96 63
3254 96 68
3255 96 71
3256 96 76
3257 96 78
3258 96 80
3259 96 83
3260 96 91
3261 96 94
3262 96 146
3263 96 147
3264 97 2
3265 97 6
3266 97 12
3267 97 13
3268 97 15
3269 97 18
3270 97 22
3271 97 23
3272 97 41
3273 97 42
3274 97 43
3275 97 44
3276 97 45
3277 97 46
3278 97 47
3279 97 48
3280 97 49
3281 97 50
3282 97 51
3283 97 52
3284 97 53
3285 97 54
3286 97 55
3287 97 56
3288 97 63
3289 97 68
3290 97 71
3291 97 76
3292 97 77
3293 97 78
3294 97 80
3295 97 83
3296 97 91
3297 97 94
3298 97 146
3299 97 147
3300 97 149
3301 98 2
3302 98 6
3303 98 12
3304 98 13
3305 98 15
3306 98 18
3307 98 22
3308 98 23
3309 98 41
3310 98 51
3311 98 52
3312 98 53
3313 98 54
3314 98 55
3315 98 56
3316 98 57
3317 98 58
3318 98 63
3319 98 68
3320 98 71
3321 98 83
3322 98 91
3323 98 94
3324 98 146
3325 98 147
3326 98 149
3327 98 150
3328 98 151
3329 99 2
3330 99 6
3331 99 12
3332 99 13
3333 99 15
3334 99 18
3335 99 22
3336 99 23
3337 99 41
3338 99 59
3339 99 63
3340 99 69
3341 99 71
3342 99 83
3343 99 91
3344 99 94
3345 99 146
3346 99 147
3347 99 149
3348 99 151
3349 100 2
3350 100 6
3351 100 12
3352 100 13
3353 100 15
3354 100 18
3355 100 27
3356 100 40
3357 100 59
3358 100 60
3359 100 61
3360 100 62
3361 100 63
3362 100 69
3363 100 70
3364 100 71
3365 100 83
3366 100 91
3367 100 94
3368 100 146
3369 100 147
3370 100 149
3371 100 151
3372 101 2
3373 101 6
3374 101 14
3375 101 15
3376 101 18
3377 101 27
3378 101 40
3379 101 68
3380 101 72
3381 101 83
3382 101 84
3383 101 85
3384 101 86
3385 101 87
3386 101 88
3387 101 89
3388 101 90
3389 101 91
3390 101 94
3391 101 146
3392 101 147
3393 101 149
3394 101 151
3395 102 2
3396 102 6
3397 102 14
3398 102 15
3399 102 18
3400 102 27
3401 102 40
3402 102 68
3403 102 72
3404 102 81
3405 102 82
3406 102 92
3407 102 93
3408 102 95
3409 102 96
3410 102 97
3411 102 98
3412 102 99
3413 102 146
3414 102 147
3415 102 149
3416 102 151
3417 103 2
3418 103 6
3419 103 14
3420 103 15
3421 103 18
3422 103 27
3423 103 40
3424 103 42
3425 103 43
3426 103 68
3427 103 72
3428 103 81
3429 103 82
3430 103 92
3431 103 94
3432 103 146
3433 103 147
3434 103 149
3435 103 150
3436 104 2
3437 104 6
3438 104 14
3439 104 15
3440 104 27
3441 104 40
3442 104 42
3443 104 43
3444 104 68
3445 104 72
3446 104 81
3447 104 82
3448 104 92
3449 104 94
3450 104 128
3451 104 129
3452 104 146
3453 104 147
3454 104 149
3455 104 150
3456 105 2
3457 105 6
3458 105 14
3459 105 27
3460 105 40
3461 105 42
3462 105 43
3463 105 68
3464 105 72
3465 105 92
3466 105 94
3467 105 128
3468 105 129
3469 105 146
3470 105 149
3471 105 150
3472 106 2
3473 106 6
3474 106 14
3475 106 27
3476 106 40
3477 106 42
3478 106 43
3479 106 68
3480 106 72
3481 106 92
3482 106 94
3483 106 128
3484 106 129
3485 106 151
3486 106 152
3487 106 153
3488 107 2
3489 107 6
3490 107 14
3491 107 27
3492 107 40
3493 107 42
3494 107 43
3495 107 68
3496 107 72
3497 107 73
3498 107 74
3499 107 92
3500 107 94
3501 107 128
3502 107 129
3503 107 151
3504 107 153
3505 108 2
3506 108 6
3507 108 14
3508 108 27
3509 108 40
3510 108 42
3511 108 44
3512 108 45
3513 108 51
3514 108 52
3515 108 68
3516 108 72
3517 108 74
3518 108 92
3519 108 94
3520 108 128
3521 108 129
3522 108 151
3523 108 153
3524 109 2
3525 109 6
3526 109 14
3527 109 40
3528 109 42
3529 109 45
3530 109 51
3531 109 52
3532 109 68
3533 109 72
3534 109 73
3535 109 74
3536 109 92
3537 109 94
3538 109 128
3539 109 129
3540 109 151
3541 109 152
3542 109 153
3543 110 2
3544 110 6
3545 110 14
3546 110 40
3547 110 42
3548 110 45
3549 110 75
3550 110 92
3551 110 94
3552 110 128
3553 110 129
3554 110 151
3555 110 154
3556 110 155
3557 110 156
3558 110 157
3559 110 158
3560 110 159
3561 110 160
3562 111 2
3563 111 6
3564 111 10
3565 111 11
3566 111 12
3567 111 13
3568 111 40
3569 111 42
3570 111 45
3571 111 76
3572 111 77
3573 111 78
3574 111 79
3575 111 80
3576 111 81
3577 111 82
3578 111 83
3579 111 84
3580 111 85
3581 111 86
3582 111 87
3583 111 92
3584 111 94
3585 111 128
3586 111 151
3587 111 154
3588 111 160
3589 112 2
3590 112 6
3591 112 10
3592 112 13
3593 112 40
3594 112 42
3595 112 44
3596 112 45
3597 112 76
3598 112 77
3599 112 78
3600 112 79
3601 112 80
3602 112 81
3603 112 82
3604 112 83
3605 112 84
3606 112 85
3607 112 86
3608 112 87
3609 112 92
3610 112 94
3611 112 128
3612 112 151
3613 112 154
3614 112 160
3615 113 2
3616 113 6
3617 113 10
3618 113 13
3619 113 40
3620 113 42
3621 113 43
3622 113 75
3623 113 92
3624 113 94
3625 113 128
3626 113 151
3627 113 152
3628 113 153
3629 113 155
3630 113 160
3631 114 2
3632 114 6
3633 114 10
3634 114 13
3635 114 40
3636 114 42
3637 114 43
3638 114 75
3639 114 92
3640 114 94
3641 114 128
3642 114 151
3643 114 153
3644 114 155
3645 114 160
3646 115 2
3647 115 6
3648 115 10
3649 115 13
3650 115 42
3651 115 43
3652 115 44
3653 115 45
3654 115 46
3655 115 47
3656 115 48
3657 115 49
3658 115 50
3659 115 51
3660 115 52
3661 115 75
3662 115 92
3663 115 94
3664 115 128
3665 115 129
3666 115 138
3667 115 139
3668 115 142
3669 115 143
3670 115 144
3671 115 145
3672 115 151
3673 115 153
3674 115 155
3675 115 156
3676 115 157
3677 115 158
3678 115 159
3679 115 160
3680 116 2
3681 116 6
3682 116 10
3683 116 13
3684 116 41
3685 116 44
3686 116 45
3687 116 53
3688 116 54
3689 116 75
3690 116 92
3691 116 94
3692 116 100
3693 116 101
3694 116 102
3695 116 103
3696 116 104
3697 116 138
3698 116 139
3699 116 142
3700 116 145
3701 116 151
3702 116 154
3703 116 160
3704 117 2
3705 117 6
3706 117 10
3707 117 13
3708 117 46
3709 117 47
3710 117 53
3711 117 54
3712 117 76
3713 117 77
3714 117 78
3715 117 79
3716 117 80
3717 117 81
3718 117 82
3719 117 83
3720 117 84
3721 117 85
3722 117 86
3723 117 87
3724 117 88
3725 117 89
3726 117 90
3727 117 91
3728 117 95
3729 117 100
3730 117 104
3731 117 143
3732 117 145
3733 117 151
3734 117 154
3735 117 160
3736 118 2
3737 118 6
3738 118 10
3739 118 11
3740 118 12
3741 118 13
3742 118 46
3743 118 47
3744 118 53
3745 118 54
3746 118 76
3747 118 95
3748 118 100
3749 118 102
3750 118 103
3751 118 104
3752 118 143
3753 118 144
3754 118 145
3755 118 151
3756 118 154
3757 118 160
3758 119 2
3759 119 6
3760 119 14
3761 119 15
3762 119 16
3763 119 19
3764 119 20
3765 119 22
3766 119 23
3767 119 24
3768 119 25
3769 119 26
3770 119 27
3771 119 28
3772 119 29
3773 119 46
3774 119 47
3775 119 53
3776 119 54
3777 119 76
3778 119 77
3779 119 78
3780 119 79
3781 119 80
3782 119 95
3783 119 100
3784 119 101
3785 119 151
3786 119 152
3787 119 153
3788 119 154
3789 119 160
3790 120 2
3791 120 6
3792 120 14
3793 120 16
3794 120 19
3795 120 20
3796 120 22
3797 120 29
3798 120 46
3799 120 47
3800 120 53
3801 120 54
3802 120 81
3803 120 82
3804 120 83
3805 120 84
3806 120 95
3807 120 100
3808 120 101
3809 120 160
3810 121 2
3811 121 6
3812 121 14
3813 121 16
3814 121 19
3815 121 20
3816 121 22
3817 121 29
3818 121 46
3819 121 47
3820 121 49
3821 121 50
3822 121 51
3823 121 52
3824 121 72
3825 121 73
3826 121 74
3827 121 75
3828 121 76
3829 121 77
3830 121 78
3831 121 79
3832 121 80
3833 121 85
3834 121 95
3835 121 100
3836 121 101
3837 121 120
3838 121 121
3839 121 122
3840 121 160
3841 122 2
3842 122 6
3843 122 14
3844 122 16
3845 122 19
3846 122 20
3847 122 22
3848 122 29
3849 122 50
3850 122 52
3851 122 72
3852 122 80
3853 122 85
3854 122 95
3855 122 100
3856 122 101
3857 122 120
3858 122 122
3859 122 160
3860 123 2
3861 123 6
3862 123 14
3863 123 16
3864 123 19
3865 123 20
3866 123 22
3867 123 29
3868 123 50
3869 123 52
3870 123 58
3871 123 59
3872 123 68
3873 123 70
3874 123 72
3875 123 80
3876 123 85
3877 123 95
3878 123 100
3879 123 101
3880 123 120
3881 123 122
3882 123 160
3883 124 2
3884 124 6
3885 124 14
3886 124 16
3887 124 19
3888 124 20
3889 124 22
3890 124 24
3891 124 25
3892 124 26
3893 124 27
3894 124 28
3895 124 29
3896 124 30
3897 124 31
3898 124 32
3899 124 50
3900 124 51
3901 124 52
3902 124 68
3903 124 70
3904 124 72
3905 124 80
3906 124 85
3907 124 95
3908 124 100
3909 124 101
3910 124 120
3911 124 122
3912 124 160
3913 125 2
3914 125 6
3915 125 14
3916 125 16
3917 125 19
3918 125 20
3919 125 22
3920 125 23
3921 125 68
3922 125 72
3923 125 80
3924 125 85
3925 125 95
3926 125 100
3927 125 101
3928 125 120
3929 125 122
3930 125 132
3931 125 149
3932 125 150
3933 125 151
3934 125 152
3935 125 153
3936 125 160
3937 126 2
3938 126 6
3939 126 14
3940 126 16
3941 126 19
3942 126 20
3943 126 30
3944 126 31
3945 126 32
3946 126 33
3947 126 34
3948 126 35
3949 126 68
3950 126 72
3951 126 80
3952 126 85
3953 126 95
3954 126 100
3955 126 120
3956 126 121
3957 126 122
3958 126 132
3959 126 149
3960 126 153
3961 126 160
3962 127 2
3963 127 6
3964 127 14
3965 127 16
3966 127 19
3967 127 20
3968 127 30
3969 127 35
3970 127 68
3971 127 72
3972 127 80
3973 127 85
3974 127 95
3975 127 100
3976 127 132
3977 127 149
3978 127 153
3979 128 2
3980 128 6
3981 128 14
3982 128 16
3983 128 19
3984 128 20
3985 128 30
3986 128 31
3987 128 32
3988 128 33
3989 128 34
3990 128 35
3991 128 68
3992 128 72
3993 128 80
3994 128 85
3995 128 95
3996 128 100
3997 128 120
3998 128 121
3999 128 122
4000 128 132
4001 128 149
4002 128 153
4003 129 2
4004 129 6
4005 129 14
4006 129 15
4007 129 17
4008 129 18
4009 129 21
4010 129 22
4011 129 23
4012 129 24
4013 129 25
4014 129 26
4015 129 27
4016 129 28
4017 129 29
4018 129 68
4019 129 72
4020 129 73
4021 129 74
4022 129 75
4023 129 76
4024 129 77
4025 129 78
4026 129 79
4027 129 80
4028 129 85
4029 129 95
4030 129 100
4031 129 120
4032 129 122
4033 129 132
4034 129 149
4035 129 153
4036 130 2
4037 130 6
4038 130 14
4039 130 15
4040 130 17
4041 130 18
4042 130 21
4043 130 30
4044 130 31
4045 130 32
4046 130 33
4047 130 34
4048 130 35
4049 130 68
4050 130 81
4051 130 85
4052 130 95
4053 130 100
4054 130 120
4055 130 122
4056 130 132
4057 130 149
4058 130 153
4059 131 2
4060 131 6
4061 131 12
4062 131 13
4063 131 15
4064 131 17
4065 131 18
4066 131 21
4067 131 30
4068 131 36
4069 131 37
4070 131 38
4071 131 39
4072 131 40
4073 131 68
4074 131 81
4075 131 85
4076 131 95
4077 131 100
4078 131 101
4079 131 102
4080 131 120
4081 131 122
4082 131 132
4083 131 149
4084 131 153
4085 132 2
4086 132 6
4087 132 12
4088 132 15
4089 132 17
4090 132 18
4091 132 21
4092 132 30
4093 132 32
4094 132 33
4095 132 34
4096 132 35
4097 132 36
4098 132 37
4099 132 38
4100 132 39
4101 132 40
4102 132 68
4103 132 81
4104 132 83
4105 132 84
4106 132 94
4107 132 96
4108 132 97
4109 132 98
4110 132 100
4111 132 102
4112 132 120
4113 132 122
4114 132 132
4115 132 138
4116 132 149
4117 132 153
4118 133 2
4119 133 6
4120 133 12
4121 133 15
4122 133 17
4123 133 18
4124 133 21
4125 133 30
4126 133 31
4127 133 69
4128 133 70
4129 133 72
4130 133 73
4131 133 74
4132 133 75
4133 133 76
4134 133 79
4135 133 80
4136 133 81
4137 133 83
4138 133 88
4139 133 89
4140 133 90
4141 133 91
4142 133 92
4143 133 93
4144 133 94
4145 133 96
4146 133 98
4147 133 100
4148 133 102
4149 133 120
4150 133 123
4151 133 124
4152 133 125
4153 133 126
4154 133 127
4155 133 128
4156 133 129
4157 133 130
4158 133 131
4159 133 132
4160 133 138
4161 133 149
4162 133 153
4163 134 2
4164 134 6
4165 134 12
4166 134 15
4167 134 17
4168 134 18
4169 134 21
4170 134 26
4171 134 27
4172 134 28
4173 134 29
4174 134 32
4175 134 33
4176 134 34
4177 134 35
4178 134 36
4179 134 37
4180 134 38
4181 134 39
4182 134 40
4183 134 69
4184 134 70
4185 134 72
4186 134 76
4187 134 79
4188 134 81
4189 134 83
4190 134 87
4191 134 96
4192 134 98
4193 134 100
4194 134 102
4195 134 120
4196 134 132
4197 134 138
4198 134 149
4199 134 153
4200 135 2
4201 135 6
4202 135 12
4203 135 15
4204 135 17
4205 135 18
4206 135 21
4207 135 26
4208 135 27
4209 135 28
4210 135 29
4211 135 32
4212 135 40
4213 135 68
4214 135 70
4215 135 72
4216 135 76
4217 135 79
4218 135 81
4219 135 83
4220 135 87
4221 135 96
4222 135 98
4223 135 100
4224 135 101
4225 135 102
4226 135 109
4227 135 110
4228 135 111
4229 135 112
4230 135 120
4231 135 121
4232 135 122
4233 135 123
4234 135 124
4235 135 125
4236 135 126
4237 135 127
4238 135 128
4239 135 129
4240 135 130
4241 135 131
4242 135 132
4243 135 138
4244 135 143
4245 135 144
4246 135 145
4247 135 149
4248 135 153
4249 136 2
4250 136 6
4251 136 12
4252 136 15
4253 136 17
4254 136 18
4255 136 22
4256 136 23
4257 136 24
4258 136 25
4259 136 32
4260 136 40
4261 136 68
4262 136 70
4263 136 72
4264 136 74
4265 136 75
4266 136 76
4267 136 79
4268 136 81
4269 136 83
4270 136 87
4271 136 96
4272 136 98
4273 136 143
4274 136 145
4275 136 149
4276 136 153
4277 137 2
4278 137 6
4279 137 12
4280 137 15
4281 137 17
4282 137 18
4283 137 22
4284 137 25
4285 137 32
4286 137 40
4287 137 68
4288 137 69
4289 137 73
4290 137 79
4291 137 81
4292 137 83
4293 137 87
4294 137 96
4295 137 98
4296 137 143
4297 137 144
4298 137 145
4299 137 149
4300 137 153
4301 137 156
4302 137 157
4303 137 158
4304 137 159
4305 137 160
4306 138 2
4307 138 6
4308 138 12
4309 138 13
4310 138 14
4311 138 15
4312 138 17
4313 138 18
4314 138 22
4315 138 25
4316 138 32
4317 138 37
4318 138 38
4319 138 39
4320 138 40
4321 138 68
4322 138 69
4323 138 73
4324 138 79
4325 138 81
4326 138 83
4327 138 87
4328 138 96
4329 138 98
4330 138 112
4331 138 120
4332 138 121
4333 138 122
4334 138 123
4335 138 124
4336 138 125
4337 138 126
4338 138 127
4339 138 128
4340 138 129
4341 138 130
4342 138 149
4343 138 153
4344 138 156
4345 138 160
4346 139 2
4347 139 6
4348 139 17
4349 139 18
4350 139 22
4351 139 25
4352 139 32
4353 139 36
4354 139 40
4355 139 66
4356 139 67
4357 139 70
4358 139 71
4359 139 72
4360 139 73
4361 139 79
4362 139 81
4363 139 83
4364 139 87
4365 139 96
4366 139 98
4367 139 109
4368 139 110
4369 139 111
4370 139 112
4371 139 120
4372 139 130
4373 139 149
4374 139 153
4375 139 156
4376 139 160
4377 140 2
4378 140 6
4379 140 17
4380 140 18
4381 140 22
4382 140 25
4383 140 32
4384 140 36
4385 140 40
4386 140 59
4387 140 60
4388 140 61
4389 140 66
4390 140 67
4391 140 70
4392 140 71
4393 140 72
4394 140 73
4395 140 79
4396 140 80
4397 140 81
4398 140 83
4399 140 84
4400 140 85
4401 140 86
4402 140 87
4403 140 96
4404 140 98
4405 140 109
4406 140 112
4407 140 120
4408 140 130
4409 140 149
4410 140 153
4411 140 156
4412 140 160
4413 141 2
4414 141 6
4415 141 17
4416 141 18
4417 141 22
4418 141 23
4419 141 24
4420 141 25
4421 141 32
4422 141 36
4423 141 40
4424 141 59
4425 141 62
4426 141 68
4427 141 69
4428 141 70
4429 141 74
4430 141 75
4431 141 76
4432 141 77
4433 141 78
4434 141 82
4435 141 87
4436 141 96
4437 141 98
4438 141 109
4439 141 112
4440 141 120
4441 141 130
4442 141 149
4443 141 153
4444 141 156
4445 141 160
4446 142 2
4447 142 6
4448 142 17
4449 142 18
4450 142 21
4451 142 26
4452 142 27
4453 142 28
4454 142 29
4455 142 30
4456 142 31
4457 142 36
4458 142 40
4459 142 59
4460 142 60
4461 142 61
4462 142 62
4463 142 68
4464 142 69
4465 142 70
4466 142 82
4467 142 87
4468 142 96
4469 142 98
4470 142 109
4471 142 112
4472 142 120
4473 142 130
4474 142 149
4475 142 153
4476 142 156
4477 142 160
4478 143 2
4479 143 6
4480 143 17
4481 143 18
4482 143 21
4483 143 26
4484 143 36
4485 143 40
4486 143 82
4487 143 88
4488 143 89
4489 143 90
4490 143 91
4491 143 92
4492 143 93
4493 143 96
4494 143 98
4495 143 109
4496 143 112
4497 143 120
4498 143 129
4499 143 130
4500 143 149
4501 143 150
4502 143 151
4503 143 152
4504 143 153
4505 143 156
4506 143 157
4507 143 160
4508 144 2
4509 144 6
4510 144 17
4511 144 18
4512 144 21
4513 144 26
4514 144 36
4515 144 82
4516 144 88
4517 144 89
4518 144 93
4519 144 96
4520 144 98
4521 144 109
4522 144 112
4523 144 120
4524 144 128
4525 144 158
4526 144 160
4527 145 2
4528 145 6
4529 145 16
4530 145 18
4531 145 21
4532 145 26
4533 145 36
4534 145 82
4535 145 90
4536 145 91
4537 145 92
4538 145 93
4539 145 96
4540 145 97
4541 145 98
4542 145 109
4543 145 110
4544 145 111
4545 145 112
4546 145 120
4547 145 128
4548 145 158
4549 145 160
4550 146 2
4551 146 6
4552 146 16
4553 146 18
4554 146 21
4555 146 26
4556 146 37
4557 146 38
4558 146 39
4559 146 40
4560 146 41
4561 146 44
4562 146 94
4563 146 95
4564 146 120
4565 146 121
4566 146 122
4567 146 123
4568 146 124
4569 146 125
4570 146 126
4571 146 127
4572 146 128
4573 146 158
4574 146 160
4575 147 2
4576 147 6
4577 147 16
4578 147 18
4579 147 21
4580 147 26
4581 147 41
4582 147 44
4583 147 82
4584 147 90
4585 147 94
4586 147 95
4587 147 96
4588 147 97
4589 147 98
4590 147 109
4591 147 110
4592 147 111
4593 147 112
4594 147 117
4595 147 118
4596 147 119
4597 147 129
4598 147 130
4599 147 131
4600 147 158
4601 147 159
4602 147 160
4603 148 2
4604 148 6
4605 148 16
4606 148 18
4607 148 21
4608 148 26
4609 148 28
4610 148 29
4611 148 30
4612 148 31
4613 148 32
4614 148 33
4615 148 34
4616 148 35
4617 148 36
4618 148 37
4619 148 38
4620 148 41
4621 148 44
4622 148 45
4623 148 46
4624 148 47
4625 148 48
4626 148 49
4627 148 50
4628 148 69
4629 148 70
4630 148 75
4631 148 76
4632 148 77
4633 148 78
4634 148 81
4635 148 83
4636 148 84
4637 148 85
4638 148 86
4639 148 87
4640 148 88
4641 148 89
4642 148 91
4643 148 92
4644 148 93
4645 148 99
4646 148 100
4647 148 101
4648 148 102
4649 148 108
4650 148 113
4651 148 114
4652 148 115
4653 148 116
4654 148 119
4655 148 129
4656 148 131
4657 149 2
4658 149 6
4659 149 16
4660 149 18
4661 149 21
4662 149 22
4663 149 26
4664 149 27
4665 149 39
4666 149 41
4667 149 44
4668 149 50
4669 149 69
4670 149 70
4671 149 82
4672 149 89
4673 149 90
4674 149 94
4675 149 95
4676 149 96
4677 149 97
4678 149 98
4679 149 113
4680 149 119
4681 149 129
4682 149 131
4683 149 138
4684 150 2
4685 150 6
4686 150 16
4687 150 18
4688 150 21
4689 150 22
4690 150 26
4691 150 27
4692 150 39
4693 150 41
4694 150 44
4695 150 49
4696 150 50
4697 150 69
4698 150 70
4699 150 82
4700 150 89
4701 150 90
4702 150 94
4703 150 98
4704 150 113
4705 150 119
4706 150 129
4707 150 131
4708 150 138
4709 151 2
4710 151 6
4711 151 16
4712 151 18
4713 151 21
4714 151 22
4715 151 26
4716 151 27
4717 151 39
4718 151 40
4719 151 41
4720 151 44
4721 151 45
4722 151 46
4723 151 47
4724 151 48
4725 151 51
4726 151 52
4727 151 53
4728 151 54
4729 151 55
4730 151 56
4731 151 57
4732 151 59
4733 151 60
4734 151 61
4735 151 89
4736 151 90
4737 151 93
4738 151 94
4739 151 95
4740 151 96
4741 151 97
4742 151 98
4743 151 113
4744 151 114
4745 151 115
4746 151 116
4747 151 117
4748 151 118
4749 151 119
4750 151 129
4751 151 131
4752 151 138
4753 151 147
4754 151 148
4755 152 2
4756 152 6
4757 152 16
4758 152 18
4759 152 21
4760 152 22
4761 152 30
4762 152 31
4763 152 32
4764 152 33
4765 152 34
4766 152 35
4767 152 36
4768 152 37
4769 152 38
4770 152 42
4771 152 43
4772 152 51
4773 152 57
4774 152 59
4775 152 61
4776 152 109
4777 152 110
4778 152 111
4779 152 112
4780 152 120
4781 152 121
4782 152 122
4783 152 123
4784 152 124
4785 152 125
4786 152 129
4787 152 131
4788 152 138
4789 152 147
4790 152 148
4791 153 2
4792 153 6
4793 153 16
4794 153 18
4795 153 21
4796 153 22
4797 153 30
4798 153 38
4799 153 42
4800 153 43
4801 153 51
4802 153 57
4803 153 59
4804 153 60
4805 153 61
4806 153 109
4807 153 110
4808 153 111
4809 153 112
4810 153 120
4811 153 125
4812 153 129
4813 153 131
4814 153 138
4815 153 147
4816 153 148
4817 154 2
4818 154 6
4819 154 16
4820 154 18
4821 154 21
4822 154 22
4823 154 30
4824 154 38
4825 154 42
4826 154 43
4827 154 51
4828 154 58
4829 154 62
4830 154 63
4831 154 64
4832 154 65
4833 154 66
4834 154 67
4835 154 68
4836 154 69
4837 154 70
4838 154 71
4839 154 72
4840 154 89
4841 154 90
4842 154 91
4843 154 92
4844 154 99
4845 154 100
4846 154 101
4847 154 102
4848 154 103
4849 154 104
4850 154 113
4851 154 114
4852 154 120
4853 154 125
4854 154 129
4855 154 131
4856 154 138
4857 155 2
4858 155 6
4859 155 16
4860 155 18
4861 155 21
4862 155 22
4863 155 30
4864 155 38
4865 155 42
4866 155 43
4867 155 51
4868 155 54
4869 155 55
4870 155 56
4871 155 57
4872 155 58
4873 155 62
4874 155 63
4875 155 64
4876 155 65
4877 155 66
4878 155 72
4879 155 75
4880 155 76
4881 155 77
4882 155 78
4883 155 82
4884 155 83
4885 155 84
4886 155 85
4887 155 86
4888 155 87
4889 155 88
4890 155 92
4891 155 99
4892 155 104
4893 155 113
4894 155 114
4895 155 120
4896 155 121
4897 155 122
4898 155 123
4899 155 124
4900 155 125
4901 155 129
4902 155 130
4903 155 131
4904 155 138
4905 156 2
4906 156 6
4907 156 16
4908 156 18
4909 156 21
4910 156 22
4911 156 30
4912 156 38
4913 156 42
4914 156 43
4915 156 51
4916 156 53
4917 156 59
4918 156 60
4919 156 61
4920 156 67
4921 156 72
4922 156 75
4923 156 78
4924 156 82
4925 156 92
4926 156 99
4927 156 104
4928 156 109
4929 156 110
4930 156 111
4931 156 112
4932 156 126
4933 156 127
4934 156 128
4935 156 138
4936 157 2
4937 157 6
4938 157 16
4939 157 18
4940 157 21
4941 157 22
4942 157 30
4943 157 31
4944 157 32
4945 157 33
4946 157 34
4947 157 35
4948 157 36
4949 157 37
4950 157 38
4951 157 42
4952 157 43
4953 157 51
4954 157 52
4955 157 53
4956 157 59
4957 157 60
4958 157 61
4959 157 67
4960 157 68
4961 157 69
4962 157 70
4963 157 71
4964 157 72
4965 157 75
4966 157 76
4967 157 77
4968 157 78
4969 157 82
4970 157 83
4971 157 84
4972 157 85
4973 157 86
4974 157 87
4975 157 88
4976 157 89
4977 157 90
4978 157 91
4979 157 92
4980 157 96
4981 157 97
4982 157 99
4983 157 100
4984 157 101
4985 157 102
4986 157 103
4987 157 104
4988 157 109
4989 157 110
4990 157 111
4991 157 112
4992 157 138
4993 158 2
4994 158 6
4995 158 16
4996 158 18
4997 158 21
4998 158 22
4999 158 39
5000 158 40
5001 158 41
5002 158 44
5003 158 45
5004 158 46
5005 158 47
5006 158 48
5007 158 49
5008 158 50
5009 158 93
5010 158 94
5011 158 95
5012 158 98
5013 158 105
5014 158 138
5015 158 147
5016 158 148
5017 158 149
5018 158 150
5019 158 151
5020 159 2
5021 159 6
5022 159 16
5023 159 18
5024 159 21
5025 159 22
5026 159 39
5027 159 41
5028 159 49
5029 159 50
5030 159 86
5031 159 87
5032 159 88
5033 159 89
5034 159 90
5035 159 93
5036 159 95
5037 159 98
5038 159 105
5039 159 138
5040 160 2
5041 160 3
5042 160 4
5043 160 5
5044 160 6
5045 160 16
5046 160 17
5047 160 18
5048 160 21
5049 160 22
5050 160 39
5051 160 40
5052 160 41
5053 160 49
5054 160 50
5055 160 86
5056 160 87
5057 160 88
5058 160 89
5059 160 90
5060 160 93
5061 160 94
5062 160 95
5063 160 98
5064 160 105
5065 160 106
5066 160 107
5067 160 108
5068 160 109
5069 160 110
5070 160 111
5071 160 112
