1358
0 0 17
1 0 18
2 0 19
3 0 20
4 0 21
5 0 22
6 0 23
7 0 24
8 0 25
9 0 26
10 0 32
11 0 33
12 0 34
13 0 35
14 0 36
15 0 37
16 0 38
17 0 39
18 0 52
19 1 14
20 1 15
21 1 16
22 1 22
23 1 23
24 1 24
25 1 25
26 1 26
27 1 27
28 1 28
29 1 29
30 1 30
31 1 31
32 1 33
33 1 36
34 1 37
35 1 38
36 1 39
37 1 52
38 1 53
39 1 54
40 1 55
41 1 56
42 1 57
43 1 58
44 1 59
45 1 60
46 2 12
47 2 13
48 2 17
49 2 18
50 2 19
51 2 20
52 2 21
53 2 33
54 2 34
55 2 35
56 2 40
57 2 41
58 2 42
59 2 43
60 2 44
61 2 45
62 2 46
63 2 47
64 2 48
65 2 51
66 2 55
67 2 56
68 2 57
69 2 58
70 2 59
71 2 60
72 3 12
73 3 13
74 3 23
75 3 24
76 3 25
77 3 26
78 3 27
79 3 28
80 3 36
81 3 37
82 3 38
83 3 39
84 3 49
85 3 51
86 3 54
87 4 9
88 4 10
89 4 11
90 4 12
91 4 13
92 4 23
93 4 28
94 4 49
95 4 51
96 4 52
97 4 53
98 4 54
99 5 1
100 5 2
101 5 3
102 5 4
103 5 5
104 5 8
105 5 23
106 5 24
107 5 29
108 5 30
109 5 31
110 5 41
111 5 42
112 5 49
113 5 50
114 5 55
115 5 56
116 5 57
117 6 1
118 6 3
119 6 6
120 6 7
121 6 9
122 6 10
123 6 11
124 6 12
125 6 13
126 6 16
127 6 17
128 6 18
129 6 19
130 6 20
131 6 21
132 6 22
133 6 25
134 6 26
135 6 27
136 6 28
137 6 31
138 6 41
139 6 42
140 6 49
141 6 50
142 6 55
143 6 57
144 7 1
145 7 3
146 7 6
147 7 7
148 7 9
149 7 13
150 7 16
151 7 19
152 7 20
153 7 21
154 7 22
155 7 25
156 7 29
157 7 31
158 7 34
159 7 36
160 7 37
161 7 38
162 7 39
163 7 40
164 7 42
165 7 43
166 7 44
167 7 45
168 7 49
169 7 50
170 7 55
171 7 57
172 8 1
173 8 3
174 8 6
175 8 7
176 8 9
177 8 13
178 8 17
179 8 18
180 8 24
181 8 26
182 8 27
183 8 28
184 8 31
185 8 34
186 8 36
187 8 40
188 8 42
189 8 45
190 8 51
191 8 52
192 8 53
193 8 54
194 8 57
195 9 1
196 9 2
197 9 3
198 9 6
199 9 7
200 9 9
201 9 13
202 9 17
203 9 18
204 9 22
205 9 23
206 9 26
207 9 27
208 9 28
209 9 29
210 9 31
211 9 34
212 9 36
213 9 37
214 9 40
215 9 42
216 9 45
217 9 51
218 9 57
219 10 3
220 10 4
221 10 5
222 10 7
223 10 9
224 10 10
225 10 11
226 10 12
227 10 13
228 10 15
229 10 16
230 10 17
231 10 18
232 10 21
233 10 24
234 10 25
235 10 30
236 10 31
237 10 35
238 10 38
239 10 40
240 10 42
241 10 45
242 10 51
243 10 57
244 11 3
245 11 6
246 11 8
247 11 14
248 11 20
249 11 21
250 11 24
251 11 27
252 11 28
253 11 30
254 11 31
255 11 35
256 11 38
257 11 41
258 11 45
259 11 51
260 11 57
261 12 3
262 12 5
263 12 7
264 12 8
265 12 13
266 12 14
267 12 20
268 12 21
269 12 24
270 12 27
271 12 28
272 12 30
273 12 31
274 12 35
275 12 38
276 12 41
277 12 42
278 12 43
279 12 44
280 12 45
281 12 46
282 12 47
283 12 51
284 12 57
285 13 3
286 13 5
287 13 7
288 13 8
289 13 13
290 13 14
291 13 20
292 13 21
293 13 24
294 13 27
295 13 28
296 13 30
297 13 31
298 13 35
299 13 39
300 13 40
301 13 46
302 13 47
303 13 51
304 13 58
305 13 59
306 13 60
307 14 3
308 14 6
309 14 8
310 14 13
311 14 14
312 14 20
313 14 22
314 14 23
315 14 27
316 14 28
317 14 30
318 14 31
319 14 39
320 14 40
321 14 45
322 14 51
323 14 55
324 14 56
325 14 57
326 14 58
327 14 59
328 14 60
329 15 0
330 15 1
331 15 2
332 15 9
333 15 10
334 15 13
335 15 14
336 15 20
337 15 23
338 15 27
339 15 28
340 15 30
341 15 31
342 15 39
343 15 40
344 15 45
345 15 48
346 15 49
347 15 50
348 15 51
349 15 52
350 15 53
351 15 54
352 16 0
353 16 3
354 16 10
355 16 13
356 16 14
357 16 20
358 16 21
359 16 23
360 16 27
361 16 28
362 16 30
363 16 31
364 16 39
365 16 40
366 16 45
367 16 55
368 16 56
369 16 57
370 16 58
371 17 0
372 17 3
373 17 5
374 17 6
375 17 7
376 17 8
377 17 9
378 17 10
379 17 20
380 17 22
381 17 24
382 17 25
383 17 27
384 17 28
385 17 30
386 17 31
387 17 39
388 17 40
389 17 45
390 17 55
391 17 58
392 18 0
393 18 3
394 18 4
395 18 11
396 18 12
397 18 13
398 18 14
399 18 15
400 18 16
401 18 17
402 18 18
403 18 19
404 18 20
405 18 22
406 18 26
407 18 29
408 18 34
409 18 37
410 18 38
411 18 41
412 18 42
413 18 50
414 18 51
415 18 52
416 18 53
417 18 54
418 18 58
419 19 0
420 19 3
421 19 4
422 19 8
423 19 9
424 19 10
425 19 13
426 19 20
427 19 22
428 19 23
429 19 24
430 19 25
431 19 26
432 19 29
433 19 34
434 19 41
435 19 42
436 19 50
437 19 58
438 20 0
439 20 3
440 20 4
441 20 8
442 20 10
443 20 13
444 20 19
445 20 21
446 20 27
447 20 28
448 20 29
449 20 34
450 20 41
451 20 51
452 20 52
453 20 53
454 20 54
455 20 55
456 20 56
457 20 57
458 20 58
459 21 0
460 21 3
461 21 4
462 21 8
463 21 10
464 21 13
465 21 14
466 21 15
467 21 16
468 21 17
469 21 18
470 21 19
471 21 21
472 21 22
473 21 23
474 21 24
475 21 25
476 21 26
477 21 28
478 21 30
479 21 35
480 21 36
481 21 42
482 21 43
483 21 44
484 21 45
485 21 46
486 21 47
487 21 48
488 21 49
489 21 50
490 21 59
491 21 60
492 22 0
493 22 3
494 22 4
495 22 8
496 22 9
497 22 10
498 22 21
499 22 26
500 22 28
501 22 30
502 22 35
503 22 36
504 22 42
505 22 46
506 22 47
507 22 50
508 22 59
509 22 60
510 23 0
511 23 3
512 23 4
513 23 7
514 23 11
515 23 12
516 23 13
517 23 14
518 23 21
519 23 26
520 23 28
521 23 30
522 23 35
523 23 36
524 23 42
525 23 45
526 23 48
527 23 51
528 23 60
529 24 0
530 24 3
531 24 4
532 24 7
533 24 11
534 24 12
535 24 13
536 24 14
537 24 21
538 24 22
539 24 23
540 24 24
541 24 25
542 24 26
543 24 28
544 24 29
545 24 30
546 24 35
547 24 37
548 24 38
549 24 42
550 24 45
551 24 48
552 24 52
553 24 53
554 24 54
555 24 55
556 24 56
557 24 57
558 24 58
559 24 59
560 25 0
561 25 3
562 25 4
563 25 7
564 25 8
565 25 9
566 25 10
567 25 15
568 25 16
569 25 21
570 25 28
571 25 31
572 25 32
573 25 33
574 25 35
575 25 36
576 25 37
577 25 38
578 25 42
579 25 43
580 25 44
581 25 45
582 25 48
583 25 49
584 25 50
585 25 51
586 25 59
587 26 0
588 26 3
589 26 4
590 26 6
591 26 10
592 26 15
593 26 16
594 26 21
595 26 24
596 26 25
597 26 26
598 26 27
599 26 28
600 26 31
601 26 34
602 26 52
603 26 55
604 26 56
605 26 57
606 26 58
607 26 59
608 27 0
609 27 3
610 27 4
611 27 6
612 27 10
613 27 15
614 27 16
615 27 21
616 27 24
617 27 26
618 27 29
619 27 30
620 27 32
621 27 34
622 27 42
623 27 43
624 27 44
625 27 45
626 27 52
627 27 53
628 27 54
629 27 59
630 28 0
631 28 3
632 28 4
633 28 6
634 28 10
635 28 15
636 28 16
637 28 21
638 28 24
639 28 25
640 28 26
641 28 29
642 28 30
643 28 32
644 28 34
645 28 37
646 28 38
647 28 44
648 28 45
649 28 51
650 28 59
651 28 60
652 29 0
653 29 3
654 29 4
655 29 6
656 29 7
657 29 10
658 29 15
659 29 17
660 29 18
661 29 19
662 29 20
663 29 22
664 29 23
665 29 27
666 29 28
667 29 31
668 29 32
669 29 33
670 29 34
671 29 37
672 29 38
673 29 44
674 29 45
675 29 51
676 29 52
677 29 53
678 29 54
679 29 55
680 29 56
681 29 57
682 29 58
683 30 0
684 30 3
685 30 4
686 30 8
687 30 10
688 30 15
689 30 17
690 30 22
691 30 23
692 30 27
693 30 28
694 30 29
695 30 30
696 30 35
697 30 36
698 30 38
699 30 44
700 30 46
701 30 47
702 30 48
703 30 49
704 30 50
705 30 59
706 30 60
707 31 0
708 31 3
709 31 4
710 31 8
711 31 10
712 31 15
713 31 16
714 31 17
715 31 22
716 31 23
717 31 36
718 31 37
719 31 38
720 31 39
721 31 42
722 31 43
723 31 45
724 31 50
725 31 59
726 31 60
727 32 0
728 32 3
729 32 4
730 32 8
731 32 10
732 32 12
733 32 13
734 32 14
735 32 22
736 32 23
737 32 36
738 32 40
739 32 41
740 32 42
741 32 44
742 32 46
743 32 50
744 32 59
745 32 60
746 33 0
747 33 3
748 33 4
749 33 8
750 33 9
751 33 10
752 33 12
753 33 14
754 33 22
755 33 24
756 33 25
757 33 26
758 33 27
759 33 28
760 33 29
761 33 30
762 33 31
763 33 32
764 33 33
765 33 36
766 33 43
767 33 44
768 33 46
769 33 50
770 33 59
771 34 1
772 34 2
773 34 4
774 34 6
775 34 7
776 34 11
777 34 14
778 34 22
779 34 33
780 34 36
781 34 37
782 34 38
783 34 39
784 34 43
785 34 44
786 34 46
787 34 48
788 34 49
789 34 50
790 34 59
791 35 1
792 35 2
793 35 4
794 35 6
795 35 7
796 35 11
797 35 14
798 35 22
799 35 25
800 35 33
801 35 36
802 35 39
803 35 43
804 35 44
805 35 46
806 35 47
807 35 59
808 36 0
809 36 3
810 36 5
811 36 10
812 36 14
813 36 22
814 36 24
815 36 26
816 36 33
817 36 36
818 36 39
819 36 42
820 36 44
821 36 46
822 36 47
823 36 59
824 37 0
825 37 3
826 37 5
827 37 10
828 37 13
829 37 14
830 37 22
831 37 23
832 37 24
833 37 26
834 37 27
835 37 28
836 37 29
837 37 30
838 37 31
839 37 33
840 37 36
841 37 39
842 37 42
843 37 45
844 37 47
845 37 51
846 37 52
847 37 53
848 37 60
849 38 0
850 38 5
851 38 10
852 38 12
853 38 15
854 38 16
855 38 17
856 38 18
857 38 19
858 38 20
859 38 21
860 38 24
861 38 32
862 38 33
863 38 36
864 38 39
865 38 42
866 38 45
867 38 47
868 38 51
869 38 53
870 38 55
871 38 56
872 38 60
873 39 0
874 39 5
875 39 10
876 39 13
877 39 14
878 39 15
879 39 16
880 39 17
881 39 18
882 39 19
883 39 20
884 39 21
885 39 24
886 39 32
887 39 33
888 39 36
889 39 39
890 39 42
891 39 45
892 39 47
893 39 51
894 39 53
895 39 55
896 39 56
897 39 60
898 40 0
899 40 5
900 40 10
901 40 11
902 40 12
903 40 24
904 40 26
905 40 27
906 40 34
907 40 35
908 40 37
909 40 39
910 40 42
911 40 45
912 40 47
913 40 51
914 40 53
915 40 55
916 40 56
917 40 60
918 41 0
919 41 5
920 41 6
921 41 7
922 41 8
923 41 9
924 41 13
925 41 14
926 41 15
927 41 16
928 41 23
929 41 24
930 41 26
931 41 28
932 41 34
933 41 35
934 41 37
935 41 38
936 41 39
937 41 42
938 41 45
939 41 46
940 41 47
941 41 51
942 41 53
943 41 55
944 41 56
945 41 60
946 42 0
947 42 5
948 42 9
949 42 13
950 42 16
951 42 23
952 42 24
953 42 25
954 42 28
955 42 34
956 42 35
957 42 40
958 42 41
959 42 43
960 42 44
961 42 51
962 42 53
963 42 55
964 42 57
965 42 58
966 42 59
967 42 60
968 43 0
969 43 5
970 43 9
971 43 13
972 43 14
973 43 15
974 43 17
975 43 18
976 43 19
977 43 20
978 43 21
979 43 22
980 43 26
981 43 28
982 43 34
983 43 35
984 43 40
985 43 41
986 43 43
987 43 44
988 43 51
989 43 52
990 43 54
991 43 55
992 43 57
993 43 60
994 44 1
995 44 2
996 44 5
997 44 9
998 44 11
999 44 12
1000 44 17
1001 44 22
1002 44 26
1003 44 28
1004 44 36
1005 44 37
1006 44 38
1007 44 39
1008 44 42
1009 44 44
1010 44 51
1011 44 52
1012 44 54
1013 44 55
1014 44 57
1015 44 60
1016 45 1
1017 45 2
1018 45 3
1019 45 4
1020 45 5
1021 45 6
1022 45 7
1023 45 8
1024 45 9
1025 45 11
1026 45 12
1027 45 17
1028 45 18
1029 45 22
1030 45 26
1031 45 28
1032 45 29
1033 45 30
1034 45 36
1035 45 39
1036 45 43
1037 45 44
1038 45 48
1039 45 49
1040 45 50
1041 45 54
1042 45 55
1043 45 57
1044 45 60
1045 46 10
1046 46 19
1047 46 22
1048 46 26
1049 46 28
1050 46 29
1051 46 30
1052 46 36
1053 46 39
1054 46 43
1055 46 44
1056 46 48
1057 46 50
1058 46 54
1059 46 55
1060 46 57
1061 46 60
1062 47 3
1063 47 4
1064 47 5
1065 47 10
1066 47 19
1067 47 22
1068 47 26
1069 47 27
1070 47 31
1071 47 32
1072 47 33
1073 47 34
1074 47 36
1075 47 39
1076 47 43
1077 47 44
1078 47 48
1079 47 50
1080 47 53
1081 47 55
1082 47 58
1083 47 60
1084 48 3
1085 48 5
1086 48 10
1087 48 19
1088 48 22
1089 48 26
1090 48 27
1091 48 31
1092 48 34
1093 48 36
1094 48 40
1095 48 41
1096 48 42
1097 48 45
1098 48 46
1099 48 47
1100 48 49
1101 48 50
1102 48 53
1103 48 55
1104 48 58
1105 48 60
1106 49 2
1107 49 3
1108 49 4
1109 49 5
1110 49 10
1111 49 19
1112 49 22
1113 49 26
1114 49 27
1115 49 31
1116 49 34
1117 49 36
1118 49 42
1119 49 45
1120 49 47
1121 49 53
1122 49 56
1123 49 57
1124 49 59
1125 50 1
1126 50 2
1127 50 8
1128 50 9
1129 50 12
1130 50 13
1131 50 14
1132 50 15
1133 50 16
1134 50 19
1135 50 20
1136 50 21
1137 50 22
1138 50 26
1139 50 27
1140 50 31
1141 50 34
1142 50 36
1143 50 42
1144 50 45
1145 50 47
1146 50 53
1147 50 56
1148 50 58
1149 50 59
1150 51 1
1151 51 3
1152 51 4
1153 51 8
1154 51 9
1155 51 11
1156 51 26
1157 51 28
1158 51 29
1159 51 30
1160 51 34
1161 51 36
1162 51 42
1163 51 45
1164 51 46
1165 51 47
1166 51 53
1167 51 56
1168 51 58
1169 51 59
1170 52 0
1171 52 1
1172 52 3
1173 52 4
1174 52 8
1175 52 9
1176 52 11
1177 52 26
1178 52 34
1179 52 36
1180 52 37
1181 52 38
1182 52 39
1183 52 40
1184 52 41
1185 52 43
1186 52 44
1187 52 48
1188 52 49
1189 52 50
1190 52 51
1191 52 53
1192 52 56
1193 52 58
1194 52 60
1195 53 2
1196 53 4
1197 53 8
1198 53 9
1199 53 26
1200 53 35
1201 53 42
1202 53 44
1203 53 48
1204 53 51
1205 53 53
1206 53 56
1207 53 58
1208 53 60
1209 54 2
1210 54 4
1211 54 8
1212 54 9
1213 54 15
1214 54 16
1215 54 26
1216 54 35
1217 54 42
1218 54 43
1219 54 44
1220 54 48
1221 54 51
1222 54 53
1223 54 56
1224 54 57
1225 54 58
1226 54 59
1227 54 60
1228 55 2
1229 55 3
1230 55 4
1231 55 8
1232 55 9
1233 55 15
1234 55 16
1235 55 26
1236 55 31
1237 55 32
1238 55 33
1239 55 34
1240 55 35
1241 55 38
1242 55 48
1243 55 51
1244 55 53
1245 55 56
1246 55 57
1247 56 2
1248 56 5
1249 56 12
1250 56 13
1251 56 14
1252 56 15
1253 56 16
1254 56 26
1255 56 30
1256 56 36
1257 56 37
1258 56 38
1259 56 48
1260 56 50
1261 56 52
1262 56 56
1263 56 57
1264 57 0
1265 57 1
1266 57 2
1267 57 6
1268 57 7
1269 57 8
1270 57 9
1271 57 10
1272 57 11
1273 57 17
1274 57 18
1275 57 19
1276 57 20
1277 57 21
1278 57 22
1279 57 26
1280 57 30
1281 57 36
1282 57 38
1283 57 48
1284 57 50
1285 57 52
1286 57 56
1287 57 57
1288 58 0
1289 58 1
1290 58 2
1291 58 18
1292 58 19
1293 58 20
1294 58 21
1295 58 22
1296 58 26
1297 58 27
1298 58 28
1299 58 29
1300 58 30
1301 58 36
1302 58 38
1303 58 48
1304 58 50
1305 58 52
1306 58 56
1307 58 57
1308 59 3
1309 59 24
1310 59 25
1311 59 31
1312 59 32
1313 59 33
1314 59 34
1315 59 35
1316 59 38
1317 59 48
1318 59 50
1319 59 52
1320 59 54
1321 59 56
1322 59 58
1323 59 59
1324 59 60
1325 60 3
1326 60 9
1327 60 10
1328 60 11
1329 60 12
1330 60 13
1331 60 14
1332 60 15
1333 60 16
1334 60 17
1335 60 18
1336 60 26
1337 60 27
1338 60 28
1339 60 29
1340 60 30
1341 60 31
1342 60 32
1343 60 33
1344 60 34
1345 60 35
1346 60 36
1347 60 37
1348 60 38
1349 60 48
1350 60 49
1351 60 50
1352 60 52
1353 60 54
1354 60 56
1355 60 58
1356 60 59
1357 60 60
