8348
0 0 0
1 0 1
2 0 2
3 0 3
4 0 4
5 0 5
6 0 6
7 0 7
8 0 8
9 0 9
10 0 10
11 0 11
12 0 12
13 0 13
14 0 14
15 0 15
16 0 16
17 0 17
18 0 18
19 0 19
20 0 20
21 0 21
22 0 22
23 0 23
24 0 24
25 0 25
26 0 26
27 0 27
28 0 28
29 0 29
30 0 30
31 0 31
32 0 32
33 0 33
34 0 34
35 0 35
36 0 36
37 0 37
38 0 38
39 0 39
40 0 40
41 0 41
42 0 42
43 0 43
44 0 44
45 0 45
46 0 46
47 0 47
48 0 48
49 0 49
50 0 50
51 0 51
52 0 52
53 0 53
54 0 54
55 0 55
56 0 56
57 0 57
58 0 58
59 0 59
60 0 60
61 0 61
62 0 62
63 0 63
64 0 64
65 0 65
66 0 66
67 0 67
68 0 68
69 0 69
70 0 70
71 0 71
72 0 72
73 0 73
74 0 74
75 0 75
76 0 76
77 0 77
78 0 78
79 0 79
80 0 80
81 0 81
82 0 82
83 0 83
84 0 84
85 0 85
86 0 86
87 0 87
88 0 88
89 0 89
90 0 90
91 0 91
92 0 92
93 0 93
94 0 94
95 0 95
96 0 96
97 0 97
98 0 98
99 0 99
100 0 100
101 0 101
102 0 102
103 0 103
104 0 104
105 0 105
106 0 106
107 0 107
108 0 108
109 0 133
110 0 134
111 0 135
112 0 136
113 0 140
114 0 141
115 0 142
116 0 143
117 0 144
118 0 145
119 1 0
120 1 62
121 1 88
122 1 108
123 1 133
124 1 134
125 1 135
126 1 136
127 1 140
128 1 141
129 1 142
130 1 143
131 1 144
132 1 145
133 2 0
134 2 62
135 2 88
136 2 100
137 2 101
138 2 102
139 2 103
140 2 104
141 2 105
142 2 106
143 2 107
144 2 108
145 2 120
146 2 121
147 2 122
148 2 123
149 2 124
150 2 137
151 2 138
152 2 139
153 2 146
154 2 147
155 2 148
156 2 149
157 2 150
158 2 151
159 2 152
160 2 153
161 3 0
162 3 48
163 3 49
164 3 50
165 3 51
166 3 52
167 3 53
168 3 54
169 3 55
170 3 56
171 3 57
172 3 58
173 3 59
174 3 60
175 3 61
176 3 62
177 3 88
178 3 99
179 3 109
180 3 110
181 3 111
182 3 112
183 3 113
184 3 114
185 3 115
186 3 116
187 3 117
188 3 118
189 3 119
190 3 123
191 3 124
192 3 137
193 3 139
194 3 146
195 3 147
196 3 148
197 3 149
198 3 150
199 3 151
200 3 152
201 3 153
202 4 0
203 4 47
204 4 86
205 4 87
206 4 99
207 4 109
208 4 119
209 4 125
210 4 126
211 4 127
212 4 128
213 4 129
214 4 130
215 4 131
216 4 132
217 4 133
218 4 134
219 4 135
220 4 136
221 4 139
222 4 142
223 4 143
224 4 144
225 4 145
226 4 154
227 4 155
228 4 156
229 4 157
230 4 158
231 4 159
232 4 160
233 5 0
234 5 47
235 5 86
236 5 99
237 5 109
238 5 119
239 5 134
240 5 135
241 5 136
242 5 137
243 5 138
244 5 139
245 5 142
246 5 143
247 5 144
248 5 145
249 5 154
250 5 155
251 5 156
252 5 157
253 5 158
254 5 159
255 5 160
256 6 0
257 6 47
258 6 58
259 6 59
260 6 60
261 6 61
262 6 62
263 6 63
264 6 64
265 6 65
266 6 66
267 6 67
268 6 68
269 6 69
270 6 70
271 6 71
272 6 72
273 6 73
274 6 86
275 6 99
276 6 109
277 6 119
278 6 140
279 6 141
280 6 146
281 6 147
282 6 148
283 6 149
284 6 150
285 6 151
286 6 152
287 6 153
288 7 0
289 7 47
290 7 58
291 7 73
292 7 83
293 7 84
294 7 85
295 7 86
296 7 87
297 7 88
298 7 89
299 7 90
300 7 91
301 7 92
302 7 93
303 7 94
304 7 95
305 7 96
306 7 97
307 7 98
308 7 99
309 7 109
310 7 116
311 7 117
312 7 118
313 7 119
314 7 132
315 7 133
316 7 134
317 7 135
318 7 136
319 7 137
320 7 138
321 7 139
322 7 142
323 7 146
324 7 153
325 7 158
326 7 159
327 7 160
328 8 0
329 8 47
330 8 58
331 8 73
332 8 78
333 8 79
334 8 80
335 8 81
336 8 82
337 8 109
338 8 115
339 8 120
340 8 121
341 8 122
342 8 123
343 8 124
344 8 125
345 8 140
346 8 141
347 8 147
348 8 154
349 8 155
350 8 156
351 8 157
352 9 0
353 9 48
354 9 49
355 9 50
356 9 51
357 9 52
358 9 53
359 9 54
360 9 55
361 9 58
362 9 73
363 9 78
364 9 79
365 9 80
366 9 81
367 9 82
368 9 109
369 9 110
370 9 111
371 9 112
372 9 113
373 9 114
374 9 115
375 9 120
376 9 121
377 9 122
378 9 123
379 9 124
380 9 125
381 9 140
382 9 141
383 9 147
384 9 149
385 9 150
386 9 157
387 10 0
388 10 50
389 10 55
390 10 58
391 10 62
392 10 63
393 10 64
394 10 65
395 10 66
396 10 67
397 10 68
398 10 69
399 10 70
400 10 73
401 10 83
402 10 84
403 10 85
404 10 86
405 10 87
406 10 88
407 10 89
408 10 90
409 10 91
410 10 92
411 10 93
412 10 94
413 10 95
414 10 96
415 10 97
416 10 98
417 10 99
418 10 100
419 10 101
420 10 102
421 10 103
422 10 104
423 10 105
424 10 106
425 10 107
426 10 108
427 10 116
428 10 117
429 10 118
430 10 119
431 10 126
432 10 127
433 10 128
434 10 129
435 10 140
436 10 141
437 10 148
438 10 151
439 10 158
440 10 159
441 10 160
442 11 0
443 11 50
444 11 55
445 11 58
446 11 59
447 11 60
448 11 61
449 11 71
450 11 73
451 11 83
452 11 108
453 11 116
454 11 119
455 11 126
456 11 129
457 11 142
458 11 143
459 11 144
460 11 145
461 11 146
462 11 147
463 11 148
464 11 151
465 11 160
466 12 0
467 12 50
468 12 55
469 12 71
470 12 74
471 12 83
472 12 108
473 12 114
474 12 115
475 12 119
476 12 123
477 12 124
478 12 125
479 12 129
480 12 142
481 12 146
482 12 147
483 12 148
484 12 151
485 12 152
486 12 153
487 12 154
488 12 155
489 12 156
490 12 157
491 12 158
492 12 159
493 12 160
494 13 0
495 13 4
496 13 5
497 13 50
498 13 55
499 13 71
500 13 72
501 13 73
502 13 74
503 13 83
504 13 84
505 13 85
506 13 86
507 13 87
508 13 88
509 13 89
510 13 90
511 13 91
512 13 92
513 13 93
514 13 94
515 13 95
516 13 96
517 13 97
518 13 98
519 13 99
520 13 100
521 13 101
522 13 102
523 13 103
524 13 104
525 13 105
526 13 106
527 13 107
528 13 108
529 13 114
530 13 115
531 13 119
532 13 123
533 13 129
534 13 142
535 13 145
536 13 149
537 13 150
538 14 0
539 14 3
540 14 6
541 14 50
542 14 55
543 14 75
544 14 76
545 14 77
546 14 78
547 14 79
548 14 80
549 14 81
550 14 82
551 14 109
552 14 110
553 14 111
554 14 112
555 14 113
556 14 116
557 14 119
558 14 123
559 14 129
560 14 142
561 14 145
562 14 151
563 15 0
564 15 3
565 15 6
566 15 50
567 15 55
568 15 75
569 15 82
570 15 108
571 15 113
572 15 116
573 15 119
574 15 123
575 15 124
576 15 125
577 15 126
578 15 127
579 15 128
580 15 129
581 15 133
582 15 134
583 15 135
584 15 136
585 15 137
586 15 138
587 15 139
588 15 142
589 15 145
590 15 151
591 16 0
592 16 3
593 16 6
594 16 29
595 16 30
596 16 31
597 16 32
598 16 33
599 16 34
600 16 35
601 16 36
602 16 50
603 16 55
604 16 58
605 16 59
606 16 60
607 16 61
608 16 62
609 16 63
610 16 64
611 16 65
612 16 66
613 16 67
614 16 68
615 16 69
616 16 70
617 16 71
618 16 72
619 16 75
620 16 82
621 16 108
622 16 113
623 16 116
624 16 119
625 16 132
626 16 142
627 16 144
628 16 146
629 16 147
630 16 148
631 16 149
632 16 151
633 17 0
634 17 3
635 17 6
636 17 28
637 17 37
638 17 50
639 17 56
640 17 57
641 17 72
642 17 75
643 17 82
644 17 93
645 17 94
646 17 95
647 17 96
648 17 97
649 17 108
650 17 113
651 17 116
652 17 118
653 17 119
654 17 131
655 17 133
656 17 134
657 17 135
658 17 136
659 17 137
660 17 138
661 17 139
662 17 140
663 17 141
664 17 144
665 17 146
666 17 149
667 17 151
668 18 0
669 18 3
670 18 6
671 18 28
672 18 37
673 18 50
674 18 56
675 18 72
676 18 75
677 18 82
678 18 93
679 18 97
680 18 108
681 18 113
682 18 116
683 18 117
684 18 131
685 18 133
686 18 134
687 18 135
688 18 136
689 18 137
690 18 138
691 18 139
692 18 140
693 18 141
694 18 142
695 18 143
696 18 144
697 18 146
698 18 147
699 18 148
700 18 149
701 19 0
702 19 3
703 19 6
704 19 28
705 19 37
706 19 50
707 19 56
708 19 72
709 19 75
710 19 82
711 19 93
712 19 97
713 19 108
714 19 113
715 19 116
716 19 117
717 19 120
718 19 121
719 19 122
720 19 123
721 19 124
722 19 126
723 19 127
724 19 128
725 19 129
726 19 130
727 19 132
728 19 145
729 19 160
730 20 0
731 20 3
732 20 6
733 20 28
734 20 37
735 20 50
736 20 56
737 20 72
738 20 75
739 20 82
740 20 93
741 20 97
742 20 108
743 20 113
744 20 116
745 20 117
746 20 120
747 20 124
748 20 126
749 20 130
750 20 133
751 20 134
752 20 135
753 20 136
754 20 137
755 20 138
756 20 139
757 20 140
758 20 141
759 20 142
760 20 143
761 20 145
762 20 160
763 21 0
764 21 3
765 21 6
766 21 22
767 21 23
768 21 24
769 21 25
770 21 26
771 21 27
772 21 28
773 21 37
774 21 38
775 21 39
776 21 40
777 21 41
778 21 42
779 21 43
780 21 44
781 21 45
782 21 46
783 21 47
784 21 48
785 21 49
786 21 50
787 21 56
788 21 70
789 21 71
790 21 72
791 21 75
792 21 76
793 21 77
794 21 78
795 21 79
796 21 80
797 21 81
798 21 82
799 21 93
800 21 94
801 21 95
802 21 96
803 21 97
804 21 108
805 21 109
806 21 110
807 21 111
808 21 112
809 21 113
810 21 118
811 21 119
812 21 120
813 21 121
814 21 122
815 21 123
816 21 124
817 21 126
818 21 127
819 21 128
820 21 129
821 21 130
822 21 132
823 21 143
824 21 145
825 22 0
826 22 3
827 22 6
828 22 21
829 22 29
830 22 30
831 22 31
832 22 32
833 22 33
834 22 34
835 22 35
836 22 36
837 22 51
838 22 52
839 22 53
840 22 56
841 22 69
842 22 73
843 22 74
844 22 83
845 22 84
846 22 85
847 22 86
848 22 87
849 22 88
850 22 89
851 22 90
852 22 91
853 22 92
854 22 98
855 22 99
856 22 100
857 22 101
858 22 102
859 22 103
860 22 104
861 22 105
862 22 106
863 22 107
864 22 114
865 22 115
866 22 116
867 22 117
868 22 125
869 22 132
870 22 143
871 22 145
872 23 0
873 23 3
874 23 6
875 23 21
876 23 26
877 23 27
878 23 28
879 23 36
880 23 51
881 23 52
882 23 53
883 23 56
884 23 57
885 23 58
886 23 59
887 23 69
888 23 73
889 23 74
890 23 83
891 23 92
892 23 98
893 23 107
894 23 114
895 23 117
896 23 125
897 23 132
898 23 143
899 23 145
900 24 0
901 24 3
902 24 6
903 24 21
904 24 26
905 24 36
906 24 54
907 24 55
908 24 60
909 24 61
910 24 62
911 24 63
912 24 64
913 24 65
914 24 66
915 24 67
916 24 68
917 24 69
918 24 73
919 24 74
920 24 83
921 24 92
922 24 98
923 24 107
924 24 114
925 24 117
926 24 126
927 24 127
928 24 128
929 24 132
930 24 143
931 24 145
932 24 158
933 24 159
934 24 160
935 25 0
936 25 3
937 25 6
938 25 21
939 25 26
940 25 27
941 25 28
942 25 29
943 25 30
944 25 31
945 25 32
946 25 33
947 25 34
948 25 35
949 25 36
950 25 54
951 25 55
952 25 73
953 25 74
954 25 83
955 25 92
956 25 98
957 25 107
958 25 114
959 25 116
960 25 118
961 25 119
962 25 120
963 25 121
964 25 122
965 25 126
966 25 128
967 25 132
968 25 143
969 25 145
970 25 158
971 25 160
972 26 0
973 26 3
974 26 6
975 26 22
976 26 23
977 26 24
978 26 25
979 26 37
980 26 54
981 26 55
982 26 73
983 26 74
984 26 83
985 26 92
986 26 98
987 26 107
988 26 114
989 26 116
990 26 118
991 26 122
992 26 126
993 26 128
994 26 132
995 26 143
996 26 145
997 26 158
998 26 160
999 27 0
1000 27 3
1001 27 6
1002 27 25
1003 27 37
1004 27 54
1005 27 55
1006 27 71
1007 27 72
1008 27 74
1009 27 83
1010 27 92
1011 27 98
1012 27 107
1013 27 114
1014 27 116
1015 27 118
1016 27 123
1017 27 124
1018 27 125
1019 27 126
1020 27 127
1021 27 128
1022 27 132
1023 27 133
1024 27 134
1025 27 135
1026 27 136
1027 27 137
1028 27 138
1029 27 139
1030 27 143
1031 27 145
1032 27 158
1033 27 159
1034 27 160
1035 28 0
1036 28 3
1037 28 6
1038 28 25
1039 28 37
1040 28 54
1041 28 55
1042 28 62
1043 28 63
1044 28 64
1045 28 65
1046 28 66
1047 28 67
1048 28 68
1049 28 69
1050 28 70
1051 28 74
1052 28 83
1053 28 92
1054 28 98
1055 28 107
1056 28 114
1057 28 116
1058 28 118
1059 28 125
1060 28 128
1061 28 129
1062 28 130
1063 28 131
1064 28 140
1065 28 143
1066 28 145
1067 28 157
1068 29 0
1069 29 3
1070 29 6
1071 29 25
1072 29 37
1073 29 38
1074 29 39
1075 29 40
1076 29 41
1077 29 42
1078 29 54
1079 29 55
1080 29 62
1081 29 74
1082 29 83
1083 29 92
1084 29 98
1085 29 99
1086 29 100
1087 29 101
1088 29 107
1089 29 114
1090 29 116
1091 29 118
1092 29 125
1093 29 128
1094 29 132
1095 29 133
1096 29 140
1097 29 143
1098 29 145
1099 29 157
1100 29 158
1101 29 159
1102 29 160
1103 30 0
1104 30 3
1105 30 6
1106 30 25
1107 30 37
1108 30 42
1109 30 52
1110 30 53
1111 30 56
1112 30 57
1113 30 62
1114 30 74
1115 30 83
1116 30 92
1117 30 102
1118 30 103
1119 30 104
1120 30 105
1121 30 106
1122 30 107
1123 30 114
1124 30 116
1125 30 118
1126 30 125
1127 30 128
1128 30 133
1129 30 140
1130 30 141
1131 30 142
1132 30 143
1133 30 145
1134 30 157
1135 30 160
1136 31 0
1137 31 3
1138 31 6
1139 31 25
1140 31 37
1141 31 42
1142 31 52
1143 31 53
1144 31 56
1145 31 57
1146 31 62
1147 31 74
1148 31 83
1149 31 92
1150 31 99
1151 31 100
1152 31 101
1153 31 107
1154 31 114
1155 31 117
1156 31 125
1157 31 128
1158 31 129
1159 31 130
1160 31 131
1161 31 132
1162 31 133
1163 31 134
1164 31 135
1165 31 136
1166 31 137
1167 31 138
1168 31 139
1169 31 144
1170 31 157
1171 31 160
1172 32 0
1173 32 3
1174 32 6
1175 32 25
1176 32 37
1177 32 42
1178 32 52
1179 32 53
1180 32 56
1181 32 57
1182 32 62
1183 32 63
1184 32 64
1185 32 65
1186 32 66
1187 32 67
1188 32 68
1189 32 69
1190 32 70
1191 32 71
1192 32 72
1193 32 73
1194 32 74
1195 32 83
1196 32 92
1197 32 99
1198 32 101
1199 32 107
1200 32 114
1201 32 125
1202 32 128
1203 32 145
1204 32 146
1205 32 147
1206 32 148
1207 32 150
1208 32 151
1209 32 152
1210 32 153
1211 32 154
1212 32 155
1213 32 156
1214 32 158
1215 32 160
1216 33 0
1217 33 3
1218 33 6
1219 33 25
1220 33 37
1221 33 42
1222 33 47
1223 33 48
1224 33 49
1225 33 50
1226 33 51
1227 33 54
1228 33 55
1229 33 58
1230 33 59
1231 33 60
1232 33 61
1233 33 75
1234 33 76
1235 33 77
1236 33 78
1237 33 79
1238 33 80
1239 33 81
1240 33 83
1241 33 92
1242 33 99
1243 33 101
1244 33 107
1245 33 109
1246 33 110
1247 33 111
1248 33 112
1249 33 113
1250 33 115
1251 33 124
1252 33 125
1253 33 128
1254 33 145
1255 33 148
1256 33 150
1257 33 156
1258 33 158
1259 33 160
1260 34 0
1261 34 3
1262 34 6
1263 34 25
1264 34 37
1265 34 42
1266 34 47
1267 34 51
1268 34 54
1269 34 55
1270 34 58
1271 34 61
1272 34 75
1273 34 81
1274 34 83
1275 34 92
1276 34 99
1277 34 101
1278 34 107
1279 34 109
1280 34 110
1281 34 111
1282 34 112
1283 34 113
1284 34 115
1285 34 116
1286 34 117
1287 34 123
1288 34 126
1289 34 127
1290 34 129
1291 34 130
1292 34 131
1293 34 132
1294 34 133
1295 34 145
1296 34 148
1297 34 150
1298 34 157
1299 34 160
1300 35 0
1301 35 3
1302 35 6
1303 35 25
1304 35 37
1305 35 42
1306 35 47
1307 35 51
1308 35 54
1309 35 55
1310 35 58
1311 35 61
1312 35 75
1313 35 81
1314 35 83
1315 35 92
1316 35 99
1317 35 102
1318 35 103
1319 35 104
1320 35 105
1321 35 106
1322 35 108
1323 35 115
1324 35 118
1325 35 123
1326 35 126
1327 35 127
1328 35 128
1329 35 134
1330 35 135
1331 35 136
1332 35 137
1333 35 138
1334 35 139
1335 35 140
1336 35 145
1337 35 148
1338 35 150
1339 35 160
1340 36 0
1341 36 3
1342 36 6
1343 36 25
1344 36 37
1345 36 42
1346 36 47
1347 36 51
1348 36 54
1349 36 55
1350 36 58
1351 36 61
1352 36 75
1353 36 82
1354 36 84
1355 36 85
1356 36 86
1357 36 87
1358 36 88
1359 36 89
1360 36 90
1361 36 91
1362 36 92
1363 36 98
1364 36 99
1365 36 100
1366 36 101
1367 36 102
1368 36 103
1369 36 104
1370 36 105
1371 36 106
1372 36 108
1373 36 115
1374 36 118
1375 36 123
1376 36 134
1377 36 140
1378 36 145
1379 36 148
1380 36 150
1381 36 157
1382 36 158
1383 36 159
1384 36 160
1385 37 0
1386 37 3
1387 37 6
1388 37 25
1389 37 37
1390 37 42
1391 37 47
1392 37 49
1393 37 50
1394 37 51
1395 37 54
1396 37 55
1397 37 58
1398 37 59
1399 37 60
1400 37 61
1401 37 75
1402 37 76
1403 37 77
1404 37 78
1405 37 79
1406 37 80
1407 37 81
1408 37 83
1409 37 93
1410 37 108
1411 37 115
1412 37 118
1413 37 120
1414 37 121
1415 37 122
1416 37 123
1417 37 134
1418 37 140
1419 37 145
1420 37 148
1421 37 150
1422 37 153
1423 37 154
1424 37 155
1425 37 156
1426 38 0
1427 38 3
1428 38 6
1429 38 25
1430 38 37
1431 38 42
1432 38 47
1433 38 48
1434 38 52
1435 38 53
1436 38 56
1437 38 57
1438 38 62
1439 38 63
1440 38 64
1441 38 65
1442 38 66
1443 38 67
1444 38 68
1445 38 69
1446 38 70
1447 38 71
1448 38 72
1449 38 73
1450 38 74
1451 38 82
1452 38 84
1453 38 85
1454 38 86
1455 38 87
1456 38 88
1457 38 89
1458 38 90
1459 38 93
1460 38 109
1461 38 110
1462 38 111
1463 38 112
1464 38 113
1465 38 114
1466 38 116
1467 38 117
1468 38 119
1469 38 124
1470 38 125
1471 38 126
1472 38 127
1473 38 128
1474 38 129
1475 38 130
1476 38 134
1477 38 140
1478 38 145
1479 38 149
1480 38 151
1481 38 152
1482 39 0
1483 39 3
1484 39 6
1485 39 25
1486 39 37
1487 39 42
1488 39 47
1489 39 48
1490 39 52
1491 39 53
1492 39 55
1493 39 62
1494 39 63
1495 39 64
1496 39 65
1497 39 66
1498 39 67
1499 39 68
1500 39 69
1501 39 70
1502 39 71
1503 39 72
1504 39 73
1505 39 74
1506 39 82
1507 39 90
1508 39 93
1509 39 109
1510 39 114
1511 39 116
1512 39 117
1513 39 118
1514 39 119
1515 39 124
1516 39 125
1517 39 126
1518 39 127
1519 39 128
1520 39 129
1521 39 130
1522 39 134
1523 39 135
1524 39 136
1525 39 137
1526 39 140
1527 39 145
1528 39 149
1529 39 151
1530 39 152
1531 40 0
1532 40 3
1533 40 6
1534 40 25
1535 40 37
1536 40 38
1537 40 39
1538 40 40
1539 40 41
1540 40 42
1541 40 47
1542 40 48
1543 40 50
1544 40 51
1545 40 54
1546 40 56
1547 40 57
1548 40 58
1549 40 59
1550 40 60
1551 40 61
1552 40 75
1553 40 76
1554 40 82
1555 40 90
1556 40 93
1557 40 100
1558 40 101
1559 40 109
1560 40 110
1561 40 111
1562 40 112
1563 40 113
1564 40 114
1565 40 120
1566 40 121
1567 40 122
1568 40 123
1569 40 131
1570 40 132
1571 40 133
1572 40 138
1573 40 140
1574 40 145
1575 40 149
1576 40 153
1577 40 154
1578 40 155
1579 40 156
1580 40 157
1581 40 158
1582 40 159
1583 41 0
1584 41 3
1585 41 6
1586 41 25
1587 41 33
1588 41 34
1589 41 35
1590 41 36
1591 41 42
1592 41 47
1593 41 48
1594 41 51
1595 41 54
1596 41 56
1597 41 61
1598 41 75
1599 41 76
1600 41 82
1601 41 90
1602 41 93
1603 41 100
1604 41 101
1605 41 103
1606 41 104
1607 41 105
1608 41 106
1609 41 107
1610 41 108
1611 41 115
1612 41 116
1613 41 117
1614 41 118
1615 41 119
1616 41 124
1617 41 125
1618 41 126
1619 41 127
1620 41 128
1621 41 129
1622 41 130
1623 41 133
1624 41 138
1625 41 140
1626 41 145
1627 41 149
1628 41 160
1629 42 0
1630 42 3
1631 42 6
1632 42 26
1633 42 27
1634 42 28
1635 42 29
1636 42 30
1637 42 31
1638 42 32
1639 42 33
1640 42 36
1641 42 42
1642 42 47
1643 42 48
1644 42 51
1645 42 54
1646 42 56
1647 42 57
1648 42 58
1649 42 59
1650 42 60
1651 42 61
1652 42 63
1653 42 64
1654 42 65
1655 42 66
1656 42 67
1657 42 68
1658 42 69
1659 42 70
1660 42 71
1661 42 72
1662 42 73
1663 42 74
1664 42 75
1665 42 76
1666 42 77
1667 42 78
1668 42 79
1669 42 80
1670 42 81
1671 42 82
1672 42 83
1673 42 84
1674 42 85
1675 42 86
1676 42 87
1677 42 88
1678 42 89
1679 42 90
1680 42 93
1681 42 100
1682 42 102
1683 42 115
1684 42 116
1685 42 117
1686 42 118
1687 42 119
1688 42 124
1689 42 125
1690 42 126
1691 42 127
1692 42 128
1693 42 129
1694 42 130
1695 42 131
1696 42 132
1697 42 133
1698 42 138
1699 42 139
1700 42 140
1701 42 145
1702 42 146
1703 42 147
1704 42 148
1705 42 149
1706 42 159
1707 43 0
1708 43 3
1709 43 6
1710 43 25
1711 43 34
1712 43 36
1713 43 43
1714 43 44
1715 43 45
1716 43 46
1717 43 51
1718 43 52
1719 43 53
1720 43 55
1721 43 62
1722 43 91
1723 43 93
1724 43 100
1725 43 103
1726 43 104
1727 43 105
1728 43 106
1729 43 107
1730 43 108
1731 43 109
1732 43 110
1733 43 111
1734 43 112
1735 43 113
1736 43 114
1737 43 120
1738 43 121
1739 43 122
1740 43 123
1741 43 134
1742 43 135
1743 43 136
1744 43 137
1745 43 150
1746 43 159
1747 44 0
1748 44 3
1749 44 6
1750 44 18
1751 44 19
1752 44 20
1753 44 25
1754 44 34
1755 44 35
1756 44 36
1757 44 43
1758 44 44
1759 44 45
1760 44 46
1761 44 51
1762 44 53
1763 44 55
1764 44 62
1765 44 91
1766 44 92
1767 44 94
1768 44 95
1769 44 96
1770 44 97
1771 44 100
1772 44 103
1773 44 105
1774 44 106
1775 44 107
1776 44 108
1777 44 109
1778 44 110
1779 44 111
1780 44 112
1781 44 113
1782 44 114
1783 44 120
1784 44 121
1785 44 122
1786 44 123
1787 44 134
1788 44 135
1789 44 136
1790 44 137
1791 44 150
1792 44 159
1793 45 0
1794 45 3
1795 45 6
1796 45 17
1797 45 21
1798 45 24
1799 45 26
1800 45 27
1801 45 28
1802 45 29
1803 45 30
1804 45 31
1805 45 32
1806 45 33
1807 45 38
1808 45 39
1809 45 40
1810 45 47
1811 45 48
1812 45 51
1813 45 53
1814 45 55
1815 45 62
1816 45 91
1817 45 92
1818 45 94
1819 45 97
1820 45 100
1821 45 103
1822 45 104
1823 45 115
1824 45 116
1825 45 117
1826 45 118
1827 45 119
1828 45 141
1829 45 142
1830 45 143
1831 45 144
1832 45 145
1833 45 146
1834 45 147
1835 45 148
1836 45 149
1837 45 150
1838 45 159
1839 46 0
1840 46 3
1841 46 6
1842 46 17
1843 46 21
1844 46 24
1845 46 26
1846 46 27
1847 46 38
1848 46 40
1849 46 47
1850 46 48
1851 46 51
1852 46 53
1853 46 55
1854 46 62
1855 46 63
1856 46 64
1857 46 91
1858 46 92
1859 46 94
1860 46 97
1861 46 100
1862 46 102
1863 46 105
1864 46 106
1865 46 107
1866 46 108
1867 46 109
1868 46 110
1869 46 111
1870 46 112
1871 46 113
1872 46 114
1873 46 119
1874 46 141
1875 46 150
1876 46 153
1877 46 154
1878 46 155
1879 46 156
1880 46 157
1881 46 158
1882 46 159
1883 47 0
1884 47 3
1885 47 6
1886 47 17
1887 47 21
1888 47 24
1889 47 26
1890 47 27
1891 47 38
1892 47 39
1893 47 47
1894 47 48
1895 47 51
1896 47 53
1897 47 55
1898 47 62
1899 47 64
1900 47 73
1901 47 74
1902 47 75
1903 47 76
1904 47 77
1905 47 78
1906 47 91
1907 47 93
1908 47 94
1909 47 97
1910 47 100
1911 47 102
1912 47 105
1913 47 111
1914 47 119
1915 47 141
1916 47 142
1917 47 143
1918 47 144
1919 47 145
1920 47 146
1921 47 147
1922 47 148
1923 47 149
1924 47 150
1925 47 153
1926 47 154
1927 47 155
1928 47 156
1929 47 157
1930 47 158
1931 47 159
1932 48 0
1933 48 3
1934 48 6
1935 48 17
1936 48 21
1937 48 24
1938 48 26
1939 48 27
1940 48 38
1941 48 47
1942 48 48
1943 48 51
1944 48 53
1945 48 55
1946 48 62
1947 48 64
1948 48 73
1949 48 78
1950 48 91
1951 48 92
1952 48 95
1953 48 97
1954 48 100
1955 48 102
1956 48 105
1957 48 112
1958 48 113
1959 48 114
1960 48 115
1961 48 116
1962 48 117
1963 48 118
1964 48 120
1965 48 121
1966 48 122
1967 48 123
1968 48 124
1969 48 125
1970 48 126
1971 48 127
1972 48 128
1973 48 129
1974 48 130
1975 48 131
1976 48 132
1977 48 133
1978 48 134
1979 48 135
1980 48 136
1981 48 137
1982 48 138
1983 48 139
1984 48 140
1985 48 151
1986 48 152
1987 49 0
1988 49 3
1989 49 6
1990 49 17
1991 49 21
1992 49 24
1993 49 26
1994 49 27
1995 49 31
1996 49 32
1997 49 33
1998 49 34
1999 49 35
2000 49 36
2001 49 37
2002 49 38
2003 49 47
2004 49 48
2005 49 52
2006 49 53
2007 49 55
2008 49 62
2009 49 65
2010 49 73
2011 49 78
2012 49 91
2013 49 92
2014 49 95
2015 49 97
2016 49 100
2017 49 102
2018 49 105
2019 49 106
2020 49 107
2021 49 108
2022 49 109
2023 49 110
2024 49 116
2025 49 117
2026 49 118
2027 49 120
2028 49 121
2029 49 122
2030 49 123
2031 49 124
2032 49 125
2033 49 126
2034 49 127
2035 49 128
2036 49 129
2037 49 130
2038 49 131
2039 49 132
2040 49 133
2041 49 134
2042 49 135
2043 49 136
2044 49 137
2045 49 138
2046 49 139
2047 49 140
2048 49 153
2049 49 154
2050 49 155
2051 49 156
2052 49 157
2053 49 158
2054 49 159
2055 49 160
2056 50 0
2057 50 3
2058 50 6
2059 50 17
2060 50 21
2061 50 22
2062 50 23
2063 50 24
2064 50 26
2065 50 27
2066 50 29
2067 50 30
2068 50 47
2069 50 48
2070 50 52
2071 50 53
2072 50 55
2073 50 62
2074 50 65
2075 50 73
2076 50 78
2077 50 91
2078 50 92
2079 50 95
2080 50 96
2081 50 97
2082 50 98
2083 50 99
2084 50 101
2085 50 103
2086 50 104
2087 50 111
2088 50 115
2089 50 119
2090 50 141
2091 50 153
2092 50 154
2093 50 160
2094 51 0
2095 51 3
2096 51 6
2097 51 13
2098 51 14
2099 51 15
2100 51 16
2101 51 17
2102 51 21
2103 51 24
2104 51 26
2105 51 28
2106 51 31
2107 51 32
2108 51 33
2109 51 35
2110 51 36
2111 51 37
2112 51 38
2113 51 39
2114 51 47
2115 51 48
2116 51 52
2117 51 53
2118 51 55
2119 51 58
2120 51 59
2121 51 60
2122 51 62
2123 51 65
2124 51 73
2125 51 79
2126 51 80
2127 51 81
2128 51 82
2129 51 83
2130 51 84
2131 51 91
2132 51 92
2133 51 100
2134 51 101
2135 51 103
2136 51 104
2137 51 111
2138 51 115
2139 51 119
2140 51 124
2141 51 125
2142 51 126
2143 51 127
2144 51 128
2145 51 129
2146 51 130
2147 51 131
2148 51 132
2149 51 133
2150 51 134
2151 51 135
2152 51 136
2153 51 137
2154 51 138
2155 51 141
2156 51 142
2157 51 143
2158 51 144
2159 51 145
2160 51 146
2161 51 147
2162 51 148
2163 51 149
2164 51 150
2165 51 151
2166 51 152
2167 51 155
2168 51 156
2169 51 157
2170 51 158
2171 51 159
2172 51 160
2173 52 0
2174 52 3
2175 52 6
2176 52 9
2177 52 10
2178 52 11
2179 52 12
2180 52 18
2181 52 21
2182 52 24
2183 52 26
2184 52 28
2185 52 30
2186 52 34
2187 52 40
2188 52 41
2189 52 42
2190 52 43
2191 52 44
2192 52 45
2193 52 46
2194 52 47
2195 52 48
2196 52 52
2197 52 53
2198 52 55
2199 52 58
2200 52 59
2201 52 60
2202 52 62
2203 52 63
2204 52 64
2205 52 65
2206 52 73
2207 52 74
2208 52 75
2209 52 76
2210 52 77
2211 52 78
2212 52 84
2213 52 91
2214 52 92
2215 52 100
2216 52 101
2217 52 103
2218 52 104
2219 52 111
2220 52 112
2221 52 113
2222 52 114
2223 52 115
2224 52 119
2225 52 124
2226 52 125
2227 52 126
2228 52 127
2229 52 128
2230 52 129
2231 52 130
2232 52 131
2233 52 132
2234 52 133
2235 52 134
2236 52 135
2237 52 136
2238 52 137
2239 52 138
2240 52 141
2241 52 143
2242 52 153
2243 52 154
2244 53 0
2245 53 3
2246 53 6
2247 53 8
2248 53 18
2249 53 21
2250 53 24
2251 53 26
2252 53 28
2253 53 30
2254 53 34
2255 53 35
2256 53 36
2257 53 37
2258 53 38
2259 53 39
2260 53 40
2261 53 49
2262 53 50
2263 53 51
2264 53 55
2265 53 56
2266 53 57
2267 53 61
2268 53 66
2269 53 67
2270 53 68
2271 53 69
2272 53 70
2273 53 71
2274 53 72
2275 53 79
2276 53 82
2277 53 83
2278 53 84
2279 53 91
2280 53 92
2281 53 94
2282 53 95
2283 53 96
2284 53 97
2285 53 98
2286 53 99
2287 53 102
2288 53 107
2289 53 108
2290 53 109
2291 53 110
2292 53 116
2293 53 117
2294 53 118
2295 53 120
2296 53 121
2297 53 122
2298 53 123
2299 53 141
2300 53 144
2301 53 145
2302 53 153
2303 53 154
2304 54 0
2305 54 3
2306 54 6
2307 54 8
2308 54 18
2309 54 21
2310 54 24
2311 54 26
2312 54 28
2313 54 30
2314 54 31
2315 54 32
2316 54 33
2317 54 41
2318 54 42
2319 54 49
2320 54 50
2321 54 51
2322 54 55
2323 54 56
2324 54 57
2325 54 61
2326 54 66
2327 54 67
2328 54 68
2329 54 69
2330 54 70
2331 54 71
2332 54 72
2333 54 79
2334 54 80
2335 54 81
2336 54 85
2337 54 86
2338 54 87
2339 54 88
2340 54 89
2341 54 90
2342 54 92
2343 54 94
2344 54 99
2345 54 102
2346 54 107
2347 54 108
2348 54 109
2349 54 110
2350 54 119
2351 54 121
2352 54 123
2353 54 141
2354 54 142
2355 54 143
2356 54 144
2357 54 145
2358 54 153
2359 54 154
2360 55 0
2361 55 3
2362 55 6
2363 55 8
2364 55 10
2365 55 11
2366 55 12
2367 55 13
2368 55 18
2369 55 21
2370 55 24
2371 55 26
2372 55 28
2373 55 30
2374 55 33
2375 55 39
2376 55 40
2377 55 42
2378 55 52
2379 55 53
2380 55 54
2381 55 58
2382 55 59
2383 55 60
2384 55 62
2385 55 63
2386 55 64
2387 55 65
2388 55 73
2389 55 74
2390 55 75
2391 55 76
2392 55 77
2393 55 78
2394 55 82
2395 55 83
2396 55 84
2397 55 89
2398 55 92
2399 55 94
2400 55 95
2401 55 96
2402 55 97
2403 55 98
2404 55 99
2405 55 101
2406 55 103
2407 55 104
2408 55 105
2409 55 106
2410 55 119
2411 55 121
2412 55 122
2413 55 123
2414 55 138
2415 55 139
2416 55 140
2417 55 146
2418 55 147
2419 55 148
2420 55 149
2421 55 150
2422 55 151
2423 55 152
2424 55 155
2425 55 156
2426 55 157
2427 55 158
2428 55 159
2429 55 160
2430 56 0
2431 56 3
2432 56 6
2433 56 8
2434 56 10
2435 56 13
2436 56 18
2437 56 21
2438 56 25
2439 56 27
2440 56 28
2441 56 30
2442 56 33
2443 56 39
2444 56 40
2445 56 42
2446 56 52
2447 56 54
2448 56 58
2449 56 60
2450 56 62
2451 56 65
2452 56 76
2453 56 78
2454 56 82
2455 56 83
2456 56 84
2457 56 89
2458 56 90
2459 56 91
2460 56 93
2461 56 100
2462 56 102
2463 56 107
2464 56 108
2465 56 118
2466 56 120
2467 56 124
2468 56 125
2469 56 126
2470 56 127
2471 56 128
2472 56 129
2473 56 130
2474 56 131
2475 56 132
2476 56 133
2477 56 134
2478 56 138
2479 56 140
2480 56 146
2481 56 147
2482 56 148
2483 56 149
2484 56 150
2485 56 151
2486 56 152
2487 56 155
2488 56 160
2489 57 0
2490 57 3
2491 57 6
2492 57 8
2493 57 10
2494 57 13
2495 57 18
2496 57 21
2497 57 25
2498 57 27
2499 57 28
2500 57 30
2501 57 33
2502 57 39
2503 57 40
2504 57 42
2505 57 52
2506 57 54
2507 57 58
2508 57 60
2509 57 62
2510 57 65
2511 57 76
2512 57 78
2513 57 85
2514 57 86
2515 57 87
2516 57 88
2517 57 93
2518 57 100
2519 57 102
2520 57 108
2521 57 118
2522 57 120
2523 57 124
2524 57 134
2525 57 138
2526 57 139
2527 57 140
2528 57 141
2529 57 142
2530 57 143
2531 57 144
2532 57 145
2533 57 155
2534 57 160
2535 58 0
2536 58 3
2537 58 6
2538 58 8
2539 58 10
2540 58 14
2541 58 15
2542 58 16
2543 58 17
2544 58 18
2545 58 21
2546 58 25
2547 58 27
2548 58 29
2549 58 33
2550 58 39
2551 58 40
2552 58 42
2553 58 52
2554 58 54
2555 58 58
2556 58 60
2557 58 62
2558 58 65
2559 58 76
2560 58 78
2561 58 85
2562 58 88
2563 58 93
2564 58 100
2565 58 102
2566 58 108
2567 58 118
2568 58 120
2569 58 124
2570 58 134
2571 58 144
2572 58 145
2573 58 155
2574 58 160
2575 59 0
2576 59 3
2577 59 6
2578 59 8
2579 59 10
2580 59 18
2581 59 20
2582 59 22
2583 59 23
2584 59 24
2585 59 26
2586 59 32
2587 59 34
2588 59 40
2589 59 42
2590 59 52
2591 59 53
2592 59 54
2593 59 58
2594 59 59
2595 59 60
2596 59 62
2597 59 65
2598 59 76
2599 59 78
2600 59 85
2601 59 88
2602 59 93
2603 59 100
2604 59 102
2605 59 103
2606 59 104
2607 59 105
2608 59 106
2609 59 107
2610 59 108
2611 59 118
2612 59 120
2613 59 124
2614 59 125
2615 59 126
2616 59 127
2617 59 128
2618 59 129
2619 59 130
2620 59 131
2621 59 132
2622 59 133
2623 59 134
2624 59 144
2625 59 145
2626 59 155
2627 59 156
2628 59 157
2629 59 158
2630 59 159
2631 59 160
2632 60 0
2633 60 3
2634 60 6
2635 60 8
2636 60 10
2637 60 18
2638 60 20
2639 60 22
2640 60 24
2641 60 26
2642 60 32
2643 60 35
2644 60 36
2645 60 37
2646 60 38
2647 60 39
2648 60 41
2649 60 43
2650 60 44
2651 60 45
2652 60 46
2653 60 47
2654 60 48
2655 60 49
2656 60 50
2657 60 51
2658 60 55
2659 60 56
2660 60 57
2661 60 60
2662 60 62
2663 60 65
2664 60 76
2665 60 77
2666 60 78
2667 60 85
2668 60 89
2669 60 90
2670 60 91
2671 60 92
2672 60 101
2673 60 109
2674 60 110
2675 60 111
2676 60 112
2677 60 113
2678 60 116
2679 60 117
2680 60 119
2681 60 121
2682 60 122
2683 60 123
2684 60 135
2685 60 136
2686 60 137
2687 60 138
2688 60 139
2689 60 140
2690 60 141
2691 60 142
2692 60 143
2693 60 146
2694 60 147
2695 60 148
2696 60 149
2697 60 150
2698 61 0
2699 61 3
2700 61 6
2701 61 8
2702 61 10
2703 61 18
2704 61 20
2705 61 22
2706 61 24
2707 61 26
2708 61 32
2709 61 35
2710 61 39
2711 61 41
2712 61 43
2713 61 51
2714 61 58
2715 61 59
2716 61 61
2717 61 65
2718 61 79
2719 61 80
2720 61 81
2721 61 85
2722 61 92
2723 61 101
2724 61 109
2725 61 113
2726 61 116
2727 61 117
2728 61 121
2729 61 123
2730 61 135
2731 61 138
2732 61 139
2733 61 140
2734 61 143
2735 61 146
2736 61 150
2737 62 0
2738 62 3
2739 62 6
2740 62 8
2741 62 10
2742 62 18
2743 62 20
2744 62 22
2745 62 23
2746 62 24
2747 62 26
2748 62 27
2749 62 28
2750 62 29
2751 62 30
2752 62 31
2753 62 32
2754 62 35
2755 62 36
2756 62 37
2757 62 38
2758 62 39
2759 62 41
2760 62 43
2761 62 44
2762 62 45
2763 62 46
2764 62 47
2765 62 48
2766 62 49
2767 62 50
2768 62 51
2769 62 58
2770 62 59
2771 62 61
2772 62 65
2773 62 79
2774 62 80
2775 62 81
2776 62 85
2777 62 86
2778 62 87
2779 62 88
2780 62 89
2781 62 90
2782 62 91
2783 62 92
2784 62 93
2785 62 101
2786 62 109
2787 62 113
2788 62 116
2789 62 117
2790 62 121
2791 62 123
2792 62 135
2793 62 137
2794 62 141
2795 62 143
2796 62 146
2797 62 150
2798 63 0
2799 63 3
2800 63 6
2801 63 8
2802 63 10
2803 63 18
2804 63 20
2805 63 26
2806 63 33
2807 63 34
2808 63 40
2809 63 42
2810 63 52
2811 63 53
2812 63 54
2813 63 55
2814 63 56
2815 63 57
2816 63 61
2817 63 66
2818 63 72
2819 63 73
2820 63 74
2821 63 75
2822 63 76
2823 63 77
2824 63 78
2825 63 82
2826 63 83
2827 63 84
2828 63 101
2829 63 109
2830 63 110
2831 63 111
2832 63 112
2833 63 113
2834 63 116
2835 63 117
2836 63 121
2837 63 122
2838 63 123
2839 63 135
2840 63 136
2841 63 137
2842 63 141
2843 63 143
2844 63 146
2845 63 150
2846 64 0
2847 64 3
2848 64 6
2849 64 8
2850 64 10
2851 64 18
2852 64 20
2853 64 26
2854 64 33
2855 64 34
2856 64 40
2857 64 42
2858 64 52
2859 64 57
2860 64 61
2861 64 66
2862 64 72
2863 64 78
2864 64 82
2865 64 84
2866 64 116
2867 64 117
2868 64 118
2869 64 119
2870 64 120
2871 64 123
2872 64 141
2873 64 142
2874 64 143
2875 64 146
2876 64 147
2877 64 148
2878 64 149
2879 64 150
2880 65 0
2881 65 3
2882 65 6
2883 65 8
2884 65 10
2885 65 19
2886 65 21
2887 65 22
2888 65 23
2889 65 24
2890 65 25
2891 65 27
2892 65 28
2893 65 29
2894 65 33
2895 65 35
2896 65 36
2897 65 37
2898 65 38
2899 65 39
2900 65 41
2901 65 42
2902 65 52
2903 65 57
2904 65 61
2905 65 62
2906 65 66
2907 65 72
2908 65 75
2909 65 76
2910 65 77
2911 65 78
2912 65 82
2913 65 84
2914 65 121
2915 65 122
2916 65 123
2917 65 138
2918 65 139
2919 65 140
2920 65 144
2921 65 145
2922 65 151
2923 65 152
2924 65 153
2925 66 0
2926 66 3
2927 66 6
2928 66 8
2929 66 10
2930 66 19
2931 66 21
2932 66 22
2933 66 23
2934 66 24
2935 66 25
2936 66 27
2937 66 28
2938 66 29
2939 66 33
2940 66 34
2941 66 35
2942 66 39
2943 66 41
2944 66 42
2945 66 52
2946 66 57
2947 66 63
2948 66 66
2949 66 72
2950 66 74
2951 66 82
2952 66 83
2953 66 84
2954 66 101
2955 66 109
2956 66 110
2957 66 111
2958 66 112
2959 66 113
2960 66 114
2961 66 115
2962 66 116
2963 66 117
2964 66 118
2965 66 119
2966 66 120
2967 66 121
2968 66 122
2969 66 123
2970 66 138
2971 66 140
2972 66 144
2973 66 145
2974 66 151
2975 66 153
2976 67 0
2977 67 3
2978 67 6
2979 67 8
2980 67 10
2981 67 11
2982 67 12
2983 67 13
2984 67 14
2985 67 18
2986 67 19
2987 67 21
2988 67 26
2989 67 30
2990 67 31
2991 67 32
2992 67 36
2993 67 39
2994 67 41
2995 67 43
2996 67 44
2997 67 45
2998 67 46
2999 67 47
3000 67 48
3001 67 49
3002 67 50
3003 67 52
3004 67 57
3005 67 63
3006 67 66
3007 67 72
3008 67 74
3009 67 81
3010 67 85
3011 67 86
3012 67 87
3013 67 88
3014 67 89
3015 67 90
3016 67 91
3017 67 92
3018 67 93
3019 67 99
3020 67 102
3021 67 108
3022 67 124
3023 67 125
3024 67 126
3025 67 127
3026 67 128
3027 67 129
3028 67 130
3029 67 131
3030 67 132
3031 67 133
3032 67 134
3033 67 138
3034 67 140
3035 67 144
3036 67 145
3037 67 151
3038 67 153
3039 67 155
3040 67 156
3041 67 157
3042 67 158
3043 67 159
3044 67 160
3045 68 0
3046 68 3
3047 68 6
3048 68 9
3049 68 15
3050 68 17
3051 68 19
3052 68 21
3053 68 26
3054 68 30
3055 68 32
3056 68 36
3057 68 38
3058 68 39
3059 68 41
3060 68 43
3061 68 50
3062 68 52
3063 68 57
3064 68 63
3065 68 66
3066 68 72
3067 68 74
3068 68 81
3069 68 82
3070 68 83
3071 68 84
3072 68 94
3073 68 95
3074 68 98
3075 68 100
3076 68 101
3077 68 103
3078 68 104
3079 68 105
3080 68 106
3081 68 107
3082 68 109
3083 68 110
3084 68 111
3085 68 112
3086 68 113
3087 68 114
3088 68 115
3089 68 116
3090 68 117
3091 68 118
3092 68 119
3093 68 120
3094 68 121
3095 68 122
3096 68 123
3097 68 138
3098 68 140
3099 68 144
3100 68 145
3101 68 151
3102 68 154
3103 69 0
3104 69 3
3105 69 6
3106 69 9
3107 69 15
3108 69 17
3109 69 19
3110 69 21
3111 69 26
3112 69 30
3113 69 31
3114 69 32
3115 69 36
3116 69 37
3117 69 40
3118 69 41
3119 69 43
3120 69 50
3121 69 52
3122 69 57
3123 69 63
3124 69 66
3125 69 72
3126 69 74
3127 69 81
3128 69 82
3129 69 83
3130 69 84
3131 69 94
3132 69 95
3133 69 98
3134 69 100
3135 69 101
3136 69 103
3137 69 107
3138 69 109
3139 69 111
3140 69 112
3141 69 113
3142 69 114
3143 69 115
3144 69 116
3145 69 117
3146 69 118
3147 69 119
3148 69 123
3149 69 138
3150 69 139
3151 69 140
3152 69 144
3153 69 145
3154 69 151
3155 69 152
3156 69 153
3157 69 154
3158 70 0
3159 70 3
3160 70 6
3161 70 9
3162 70 14
3163 70 17
3164 70 19
3165 70 21
3166 70 26
3167 70 27
3168 70 28
3169 70 29
3170 70 33
3171 70 34
3172 70 35
3173 70 38
3174 70 39
3175 70 41
3176 70 43
3177 70 47
3178 70 50
3179 70 52
3180 70 53
3181 70 54
3182 70 57
3183 70 63
3184 70 66
3185 70 72
3186 70 74
3187 70 76
3188 70 77
3189 70 78
3190 70 79
3191 70 80
3192 70 85
3193 70 86
3194 70 87
3195 70 88
3196 70 89
3197 70 90
3198 70 91
3199 70 92
3200 70 93
3201 70 96
3202 70 97
3203 70 100
3204 70 101
3205 70 103
3206 70 104
3207 70 105
3208 70 106
3209 70 107
3210 70 109
3211 70 110
3212 70 120
3213 70 121
3214 70 122
3215 70 123
3216 70 124
3217 70 125
3218 70 126
3219 70 127
3220 70 128
3221 70 129
3222 70 130
3223 70 131
3224 70 132
3225 70 133
3226 70 134
3227 70 135
3228 70 136
3229 70 137
3230 70 141
3231 70 142
3232 70 143
3233 70 146
3234 70 147
3235 70 148
3236 70 149
3237 70 150
3238 70 155
3239 70 156
3240 70 157
3241 70 158
3242 70 159
3243 70 160
3244 71 0
3245 71 3
3246 71 6
3247 71 9
3248 71 14
3249 71 17
3250 71 19
3251 71 21
3252 71 26
3253 71 29
3254 71 33
3255 71 34
3256 71 35
3257 71 38
3258 71 39
3259 71 41
3260 71 43
3261 71 46
3262 71 48
3263 71 49
3264 71 50
3265 71 55
3266 71 57
3267 71 63
3268 71 64
3269 71 65
3270 71 66
3271 71 72
3272 71 73
3273 71 74
3274 71 76
3275 71 77
3276 71 78
3277 71 79
3278 71 80
3279 71 85
3280 71 86
3281 71 87
3282 71 88
3283 71 89
3284 71 90
3285 71 91
3286 71 92
3287 71 93
3288 71 98
3289 71 99
3290 71 102
3291 71 108
3292 71 111
3293 71 112
3294 71 113
3295 71 114
3296 71 115
3297 71 116
3298 71 117
3299 71 118
3300 71 119
3301 71 138
3302 71 139
3303 71 140
3304 71 142
3305 71 143
3306 71 146
3307 71 150
3308 71 155
3309 71 160
3310 72 0
3311 72 3
3312 72 6
3313 72 9
3314 72 14
3315 72 17
3316 72 19
3317 72 21
3318 72 26
3319 72 29
3320 72 31
3321 72 32
3322 72 36
3323 72 37
3324 72 40
3325 72 41
3326 72 43
3327 72 45
3328 72 47
3329 72 51
3330 72 52
3331 72 53
3332 72 54
3333 72 57
3334 72 60
3335 72 61
3336 72 62
3337 72 67
3338 72 68
3339 72 75
3340 72 81
3341 72 82
3342 72 83
3343 72 84
3344 72 93
3345 72 98
3346 72 99
3347 72 102
3348 72 109
3349 72 110
3350 72 113
3351 72 114
3352 72 115
3353 72 116
3354 72 117
3355 72 119
3356 72 138
3357 72 139
3358 72 140
3359 72 142
3360 72 143
3361 72 146
3362 72 150
3363 72 155
3364 72 160
3365 73 0
3366 73 3
3367 73 6
3368 73 9
3369 73 14
3370 73 17
3371 73 19
3372 73 21
3373 73 26
3374 73 29
3375 73 31
3376 73 32
3377 73 36
3378 73 37
3379 73 40
3380 73 41
3381 73 43
3382 73 44
3383 73 45
3384 73 47
3385 73 51
3386 73 57
3387 73 60
3388 73 62
3389 73 67
3390 73 68
3391 73 75
3392 73 81
3393 73 82
3394 73 83
3395 73 84
3396 73 93
3397 73 98
3398 73 99
3399 73 102
3400 73 111
3401 73 112
3402 73 118
3403 73 119
3404 73 123
3405 73 124
3406 73 125
3407 73 126
3408 73 127
3409 73 128
3410 73 129
3411 73 130
3412 73 131
3413 73 132
3414 73 133
3415 73 134
3416 73 135
3417 73 136
3418 73 137
3419 73 141
3420 73 143
3421 73 146
3422 73 150
3423 73 155
3424 73 160
3425 74 0
3426 74 3
3427 74 6
3428 74 9
3429 74 14
3430 74 17
3431 74 19
3432 74 21
3433 74 26
3434 74 30
3435 74 32
3436 74 36
3437 74 38
3438 74 39
3439 74 42
3440 74 46
3441 74 47
3442 74 51
3443 74 52
3444 74 53
3445 74 54
3446 74 55
3447 74 56
3448 74 57
3449 74 60
3450 74 61
3451 74 62
3452 74 67
3453 74 68
3454 74 76
3455 74 77
3456 74 78
3457 74 79
3458 74 80
3459 74 85
3460 74 86
3461 74 87
3462 74 88
3463 74 89
3464 74 90
3465 74 91
3466 74 92
3467 74 94
3468 74 95
3469 74 96
3470 74 97
3471 74 101
3472 74 102
3473 74 111
3474 74 112
3475 74 118
3476 74 119
3477 74 123
3478 74 137
3479 74 141
3480 74 143
3481 74 146
3482 74 150
3483 74 155
3484 74 160
3485 75 0
3486 75 3
3487 75 6
3488 75 9
3489 75 14
3490 75 17
3491 75 19
3492 75 21
3493 75 26
3494 75 30
3495 75 32
3496 75 36
3497 75 40
3498 75 41
3499 75 46
3500 75 48
3501 75 49
3502 75 50
3503 75 58
3504 75 59
3505 75 63
3506 75 64
3507 75 65
3508 75 66
3509 75 76
3510 75 77
3511 75 78
3512 75 79
3513 75 80
3514 75 85
3515 75 86
3516 75 87
3517 75 92
3518 75 94
3519 75 96
3520 75 97
3521 75 101
3522 75 102
3523 75 111
3524 75 112
3525 75 118
3526 75 119
3527 75 123
3528 75 137
3529 75 141
3530 75 143
3531 75 146
3532 75 150
3533 75 155
3534 75 160
3535 76 0
3536 76 3
3537 76 6
3538 76 9
3539 76 14
3540 76 17
3541 76 19
3542 76 21
3543 76 26
3544 76 30
3545 76 32
3546 76 36
3547 76 41
3548 76 46
3549 76 51
3550 76 52
3551 76 58
3552 76 59
3553 76 67
3554 76 68
3555 76 69
3556 76 70
3557 76 71
3558 76 74
3559 76 81
3560 76 82
3561 76 83
3562 76 84
3563 76 88
3564 76 89
3565 76 90
3566 76 91
3567 76 92
3568 76 94
3569 76 95
3570 76 101
3571 76 102
3572 76 111
3573 76 112
3574 76 118
3575 76 119
3576 76 123
3577 76 137
3578 76 141
3579 76 143
3580 76 146
3581 76 150
3582 76 155
3583 76 160
3584 77 0
3585 77 3
3586 77 6
3587 77 9
3588 77 14
3589 77 17
3590 77 19
3591 77 22
3592 77 23
3593 77 24
3594 77 26
3595 77 30
3596 77 33
3597 77 34
3598 77 36
3599 77 41
3600 77 46
3601 77 52
3602 77 58
3603 77 60
3604 77 67
3605 77 68
3606 77 69
3607 77 70
3608 77 71
3609 77 72
3610 77 73
3611 77 81
3612 77 85
3613 77 86
3614 77 87
3615 77 94
3616 77 95
3617 77 101
3618 77 102
3619 77 111
3620 77 112
3621 77 118
3622 77 119
3623 77 123
3624 77 124
3625 77 125
3626 77 126
3627 77 127
3628 77 128
3629 77 129
3630 77 130
3631 77 131
3632 77 132
3633 77 133
3634 77 134
3635 77 135
3636 77 136
3637 77 137
3638 77 141
3639 77 142
3640 77 143
3641 77 146
3642 77 147
3643 77 148
3644 77 149
3645 77 150
3646 77 155
3647 77 160
3648 78 0
3649 78 3
3650 78 6
3651 78 9
3652 78 14
3653 78 17
3654 78 19
3655 78 22
3656 78 24
3657 78 26
3658 78 30
3659 78 33
3660 78 34
3661 78 36
3662 78 37
3663 78 38
3664 78 39
3665 78 40
3666 78 41
3667 78 46
3668 78 52
3669 78 58
3670 78 60
3671 78 66
3672 78 74
3673 78 76
3674 78 77
3675 78 81
3676 78 87
3677 78 90
3678 78 91
3679 78 92
3680 78 93
3681 78 95
3682 78 101
3683 78 102
3684 78 111
3685 78 112
3686 78 118
3687 78 119
3688 78 138
3689 78 139
3690 78 140
3691 78 144
3692 78 145
3693 78 155
3694 78 160
3695 79 0
3696 79 3
3697 79 6
3698 79 9
3699 79 14
3700 79 17
3701 79 19
3702 79 22
3703 79 24
3704 79 26
3705 79 30
3706 79 33
3707 79 34
3708 79 36
3709 79 42
3710 79 43
3711 79 44
3712 79 46
3713 79 47
3714 79 48
3715 79 50
3716 79 51
3717 79 52
3718 79 58
3719 79 59
3720 79 60
3721 79 61
3722 79 62
3723 79 63
3724 79 64
3725 79 65
3726 79 67
3727 79 68
3728 79 69
3729 79 70
3730 79 74
3731 79 76
3732 79 77
3733 79 81
3734 79 84
3735 79 88
3736 79 89
3737 79 91
3738 79 92
3739 79 95
3740 79 101
3741 79 102
3742 79 104
3743 79 105
3744 79 106
3745 79 107
3746 79 108
3747 79 109
3748 79 110
3749 79 138
3750 79 140
3751 79 144
3752 79 145
3753 79 155
3754 79 160
3755 80 0
3756 80 3
3757 80 6
3758 80 9
3759 80 14
3760 80 17
3761 80 19
3762 80 20
3763 80 22
3764 80 24
3765 80 26
3766 80 30
3767 80 33
3768 80 34
3769 80 37
3770 80 38
3771 80 39
3772 80 40
3773 80 41
3774 80 45
3775 80 49
3776 80 53
3777 80 54
3778 80 55
3779 80 56
3780 80 57
3781 80 67
3782 80 70
3783 80 74
3784 80 76
3785 80 77
3786 80 81
3787 80 82
3788 80 83
3789 80 85
3790 80 86
3791 80 88
3792 80 89
3793 80 93
3794 80 94
3795 80 95
3796 80 101
3797 80 102
3798 80 111
3799 80 112
3800 80 113
3801 80 114
3802 80 115
3803 80 116
3804 80 117
3805 80 118
3806 80 119
3807 80 138
3808 80 139
3809 80 140
3810 80 144
3811 80 145
3812 80 155
3813 80 156
3814 80 157
3815 80 160
3816 81 0
3817 81 3
3818 81 6
3819 81 9
3820 81 14
3821 81 17
3822 81 19
3823 81 20
3824 81 22
3825 81 24
3826 81 26
3827 81 30
3828 81 33
3829 81 34
3830 81 37
3831 81 41
3832 81 45
3833 81 49
3834 81 53
3835 81 57
3836 81 67
3837 81 70
3838 81 74
3839 81 76
3840 81 77
3841 81 84
3842 81 87
3843 81 90
3844 81 91
3845 81 92
3846 81 96
3847 81 97
3848 81 98
3849 81 99
3850 81 100
3851 81 101
3852 81 102
3853 81 111
3854 81 119
3855 81 136
3856 81 137
3857 81 141
3858 81 142
3859 81 143
3860 81 146
3861 81 147
3862 81 148
3863 81 149
3864 81 150
3865 81 151
3866 81 152
3867 81 153
3868 81 154
3869 81 158
3870 81 160
3871 82 0
3872 82 3
3873 82 6
3874 82 9
3875 82 14
3876 82 17
3877 82 19
3878 82 20
3879 82 22
3880 82 24
3881 82 26
3882 82 30
3883 82 33
3884 82 34
3885 82 37
3886 82 42
3887 82 43
3888 82 44
3889 82 46
3890 82 49
3891 82 53
3892 82 57
3893 82 67
3894 82 70
3895 82 74
3896 82 76
3897 82 77
3898 82 84
3899 82 87
3900 82 88
3901 82 90
3902 82 93
3903 82 94
3904 82 95
3905 82 98
3906 82 103
3907 82 111
3908 82 112
3909 82 113
3910 82 114
3911 82 115
3912 82 116
3913 82 117
3914 82 118
3915 82 119
3916 82 136
3917 82 137
3918 82 141
3919 82 143
3920 82 146
3921 82 154
3922 82 158
3923 82 160
3924 83 0
3925 83 3
3926 83 6
3927 83 9
3928 83 14
3929 83 17
3930 83 19
3931 83 21
3932 83 24
3933 83 26
3934 83 30
3935 83 33
3936 83 34
3937 83 37
3938 83 44
3939 83 46
3940 83 49
3941 83 53
3942 83 57
3943 83 67
3944 83 68
3945 83 69
3946 83 70
3947 83 74
3948 83 76
3949 83 78
3950 83 79
3951 83 80
3952 83 84
3953 83 87
3954 83 88
3955 83 91
3956 83 95
3957 83 98
3958 83 103
3959 83 104
3960 83 105
3961 83 106
3962 83 107
3963 83 108
3964 83 109
3965 83 110
3966 83 136
3967 83 137
3968 83 141
3969 83 142
3970 83 143
3971 83 146
3972 83 154
3973 83 158
3974 83 160
3975 84 0
3976 84 3
3977 84 6
3978 84 9
3979 84 14
3980 84 15
3981 84 17
3982 84 19
3983 84 21
3984 84 24
3985 84 26
3986 84 30
3987 84 33
3988 84 34
3989 84 37
3990 84 45
3991 84 47
3992 84 48
3993 84 49
3994 84 53
3995 84 57
3996 84 65
3997 84 66
3998 84 71
3999 84 74
4000 84 76
4001 84 77
4002 84 81
4003 84 82
4004 84 83
4005 84 84
4006 84 87
4007 84 88
4008 84 91
4009 84 92
4010 84 93
4011 84 94
4012 84 95
4013 84 98
4014 84 99
4015 84 100
4016 84 101
4017 84 102
4018 84 111
4019 84 112
4020 84 113
4021 84 114
4022 84 115
4023 84 116
4024 84 117
4025 84 118
4026 84 119
4027 84 120
4028 84 121
4029 84 122
4030 84 123
4031 84 124
4032 84 125
4033 84 126
4034 84 127
4035 84 128
4036 84 129
4037 84 130
4038 84 131
4039 84 132
4040 84 133
4041 84 134
4042 84 135
4043 84 138
4044 84 139
4045 84 140
4046 84 144
4047 84 146
4048 84 154
4049 84 158
4050 84 160
4051 85 0
4052 85 3
4053 85 6
4054 85 9
4055 85 12
4056 85 13
4057 85 16
4058 85 17
4059 85 19
4060 85 21
4061 85 24
4062 85 26
4063 85 30
4064 85 33
4065 85 34
4066 85 37
4067 85 45
4068 85 47
4069 85 49
4070 85 53
4071 85 57
4072 85 65
4073 85 66
4074 85 71
4075 85 74
4076 85 76
4077 85 77
4078 85 85
4079 85 86
4080 85 89
4081 85 90
4082 85 96
4083 85 97
4084 85 103
4085 85 104
4086 85 105
4087 85 106
4088 85 107
4089 85 108
4090 85 109
4091 85 110
4092 85 128
4093 85 135
4094 85 141
4095 85 142
4096 85 143
4097 85 145
4098 85 147
4099 85 154
4100 85 158
4101 85 160
4102 86 0
4103 86 3
4104 86 6
4105 86 9
4106 86 12
4107 86 13
4108 86 16
4109 86 17
4110 86 19
4111 86 21
4112 86 24
4113 86 26
4114 86 30
4115 86 33
4116 86 34
4117 86 37
4118 86 45
4119 86 47
4120 86 49
4121 86 53
4122 86 54
4123 86 55
4124 86 56
4125 86 57
4126 86 65
4127 86 66
4128 86 71
4129 86 74
4130 86 75
4131 86 78
4132 86 79
4133 86 80
4134 86 81
4135 86 82
4136 86 83
4137 86 84
4138 86 86
4139 86 89
4140 86 90
4141 86 96
4142 86 97
4143 86 103
4144 86 111
4145 86 112
4146 86 113
4147 86 114
4148 86 115
4149 86 116
4150 86 117
4151 86 118
4152 86 119
4153 86 120
4154 86 121
4155 86 122
4156 86 123
4157 86 124
4158 86 125
4159 86 126
4160 86 127
4161 86 135
4162 86 144
4163 86 146
4164 86 147
4165 86 154
4166 86 158
4167 86 160
4168 87 0
4169 87 3
4170 87 6
4171 87 9
4172 87 12
4173 87 13
4174 87 16
4175 87 17
4176 87 19
4177 87 21
4178 87 24
4179 87 26
4180 87 30
4181 87 33
4182 87 34
4183 87 37
4184 87 45
4185 87 47
4186 87 49
4187 87 51
4188 87 52
4189 87 58
4190 87 65
4191 87 67
4192 87 71
4193 87 74
4194 87 75
4195 87 78
4196 87 86
4197 87 89
4198 87 90
4199 87 96
4200 87 97
4201 87 103
4202 87 111
4203 87 127
4204 87 128
4205 87 129
4206 87 130
4207 87 131
4208 87 132
4209 87 133
4210 87 134
4211 87 135
4212 87 144
4213 87 148
4214 87 153
4215 87 154
4216 87 158
4217 87 159
4218 87 160
4219 88 0
4220 88 3
4221 88 6
4222 88 9
4223 88 12
4224 88 13
4225 88 16
4226 88 17
4227 88 19
4228 88 20
4229 88 21
4230 88 24
4231 88 26
4232 88 30
4233 88 33
4234 88 34
4235 88 37
4236 88 39
4237 88 40
4238 88 41
4239 88 42
4240 88 43
4241 88 44
4242 88 45
4243 88 47
4244 88 48
4245 88 49
4246 88 51
4247 88 52
4248 88 58
4249 88 65
4250 88 67
4251 88 71
4252 88 74
4253 88 75
4254 88 78
4255 88 86
4256 88 91
4257 88 92
4258 88 93
4259 88 94
4260 88 95
4261 88 98
4262 88 99
4263 88 100
4264 88 101
4265 88 102
4266 88 104
4267 88 105
4268 88 106
4269 88 107
4270 88 108
4271 88 111
4272 88 126
4273 88 136
4274 88 137
4275 88 138
4276 88 139
4277 88 140
4278 88 141
4279 88 142
4280 88 143
4281 88 145
4282 88 146
4283 88 148
4284 88 152
4285 88 155
4286 88 156
4287 88 157
4288 89 0
4289 89 3
4290 89 6
4291 89 9
4292 89 12
4293 89 13
4294 89 16
4295 89 17
4296 89 19
4297 89 20
4298 89 22
4299 89 24
4300 89 26
4301 89 30
4302 89 33
4303 89 34
4304 89 37
4305 89 38
4306 89 46
4307 89 49
4308 89 51
4309 89 52
4310 89 58
4311 89 65
4312 89 67
4313 89 71
4314 89 74
4315 89 75
4316 89 78
4317 89 82
4318 89 83
4319 89 84
4320 89 86
4321 89 89
4322 89 90
4323 89 96
4324 89 97
4325 89 103
4326 89 106
4327 89 108
4328 89 111
4329 89 112
4330 89 113
4331 89 114
4332 89 115
4333 89 116
4334 89 117
4335 89 118
4336 89 119
4337 89 120
4338 89 121
4339 89 122
4340 89 123
4341 89 124
4342 89 125
4343 89 126
4344 89 139
4345 89 143
4346 89 145
4347 89 146
4348 89 148
4349 89 149
4350 89 150
4351 89 151
4352 89 152
4353 89 155
4354 89 156
4355 89 157
4356 90 0
4357 90 3
4358 90 6
4359 90 9
4360 90 12
4361 90 13
4362 90 16
4363 90 17
4364 90 19
4365 90 20
4366 90 22
4367 90 23
4368 90 24
4369 90 26
4370 90 27
4371 90 28
4372 90 29
4373 90 30
4374 90 33
4375 90 34
4376 90 37
4377 90 38
4378 90 46
4379 90 49
4380 90 51
4381 90 52
4382 90 58
4383 90 65
4384 90 66
4385 90 67
4386 90 71
4387 90 74
4388 90 75
4389 90 78
4390 90 79
4391 90 80
4392 90 81
4393 90 85
4394 90 86
4395 90 89
4396 90 90
4397 90 96
4398 90 98
4399 90 99
4400 90 100
4401 90 101
4402 90 102
4403 90 106
4404 90 108
4405 90 127
4406 90 128
4407 90 129
4408 90 130
4409 90 131
4410 90 132
4411 90 133
4412 90 134
4413 90 135
4414 90 139
4415 90 140
4416 90 141
4417 90 142
4418 90 143
4419 90 145
4420 90 146
4421 90 147
4422 90 153
4423 90 154
4424 90 158
4425 90 159
4426 90 160
4427 91 0
4428 91 3
4429 91 6
4430 91 9
4431 91 12
4432 91 13
4433 91 16
4434 91 17
4435 91 19
4436 91 20
4437 91 25
4438 91 33
4439 91 34
4440 91 37
4441 91 38
4442 91 45
4443 91 49
4444 91 51
4445 91 52
4446 91 58
4447 91 68
4448 91 69
4449 91 70
4450 91 72
4451 91 73
4452 91 76
4453 91 77
4454 91 82
4455 91 83
4456 91 85
4457 91 86
4458 91 89
4459 91 91
4460 91 92
4461 91 93
4462 91 94
4463 91 95
4464 91 102
4465 91 106
4466 91 108
4467 91 127
4468 91 135
4469 91 144
4470 91 147
4471 91 153
4472 91 154
4473 91 158
4474 91 160
4475 92 0
4476 92 2
4477 92 6
4478 92 9
4479 92 12
4480 92 13
4481 92 16
4482 92 17
4483 92 19
4484 92 20
4485 92 25
4486 92 35
4487 92 36
4488 92 38
4489 92 45
4490 92 49
4491 92 53
4492 92 54
4493 92 55
4494 92 56
4495 92 57
4496 92 58
4497 92 68
4498 92 70
4499 92 72
4500 92 73
4501 92 76
4502 92 77
4503 92 82
4504 92 83
4505 92 85
4506 92 86
4507 92 89
4508 92 102
4509 92 106
4510 92 108
4511 92 127
4512 92 135
4513 92 144
4514 92 147
4515 92 153
4516 92 154
4517 92 158
4518 92 160
4519 93 0
4520 93 1
4521 93 2
4522 93 6
4523 93 9
4524 93 12
4525 93 13
4526 93 16
4527 93 17
4528 93 19
4529 93 20
4530 93 25
4531 93 35
4532 93 38
4533 93 45
4534 93 49
4535 93 53
4536 93 59
4537 93 60
4538 93 61
4539 93 62
4540 93 63
4541 93 64
4542 93 65
4543 93 66
4544 93 67
4545 93 71
4546 93 75
4547 93 78
4548 93 79
4549 93 80
4550 93 83
4551 93 84
4552 93 86
4553 93 89
4554 93 95
4555 93 96
4556 93 102
4557 93 106
4558 93 108
4559 93 127
4560 93 135
4561 93 143
4562 93 147
4563 93 153
4564 93 154
4565 93 158
4566 93 160
4567 94 6
4568 94 9
4569 94 12
4570 94 13
4571 94 16
4572 94 17
4573 94 19
4574 94 21
4575 94 22
4576 94 23
4577 94 24
4578 94 26
4579 94 35
4580 94 38
4581 94 45
4582 94 49
4583 94 53
4584 94 71
4585 94 75
4586 94 78
4587 94 79
4588 94 80
4589 94 83
4590 94 84
4591 94 86
4592 94 89
4593 94 94
4594 94 97
4595 94 103
4596 94 104
4597 94 105
4598 94 106
4599 94 107
4600 94 108
4601 94 127
4602 94 128
4603 94 129
4604 94 130
4605 94 131
4606 94 134
4607 94 135
4608 94 143
4609 94 147
4610 94 153
4611 94 154
4612 94 158
4613 94 160
4614 95 6
4615 95 7
4616 95 8
4617 95 9
4618 95 12
4619 95 13
4620 95 16
4621 95 17
4622 95 19
4623 95 24
4624 95 26
4625 95 35
4626 95 38
4627 95 45
4628 95 49
4629 95 53
4630 95 71
4631 95 75
4632 95 77
4633 95 83
4634 95 84
4635 95 86
4636 95 89
4637 95 94
4638 95 97
4639 95 105
4640 95 109
4641 95 110
4642 95 111
4643 95 112
4644 95 113
4645 95 114
4646 95 115
4647 95 116
4648 95 117
4649 95 132
4650 95 133
4651 95 136
4652 95 137
4653 95 138
4654 95 139
4655 95 140
4656 95 141
4657 95 142
4658 95 143
4659 95 147
4660 95 153
4661 95 154
4662 95 158
4663 95 160
4664 96 12
4665 96 13
4666 96 16
4667 96 17
4668 96 19
4669 96 24
4670 96 26
4671 96 35
4672 96 38
4673 96 45
4674 96 49
4675 96 53
4676 96 68
4677 96 69
4678 96 71
4679 96 74
4680 96 75
4681 96 78
4682 96 79
4683 96 80
4684 96 81
4685 96 82
4686 96 85
4687 96 87
4688 96 89
4689 96 91
4690 96 92
4691 96 93
4692 96 94
4693 96 97
4694 96 105
4695 96 109
4696 96 112
4697 96 132
4698 96 133
4699 96 136
4700 96 143
4701 96 147
4702 96 153
4703 96 154
4704 96 158
4705 96 160
4706 97 12
4707 97 13
4708 97 16
4709 97 17
4710 97 19
4711 97 22
4712 97 23
4713 97 24
4714 97 26
4715 97 35
4716 97 36
4717 97 37
4718 97 38
4719 97 45
4720 97 49
4721 97 53
4722 97 67
4723 97 70
4724 97 71
4725 97 74
4726 97 75
4727 97 78
4728 97 79
4729 97 80
4730 97 82
4731 97 85
4732 97 87
4733 97 89
4734 97 90
4735 97 97
4736 97 105
4737 97 109
4738 97 112
4739 97 132
4740 97 133
4741 97 136
4742 97 137
4743 97 138
4744 97 139
4745 97 140
4746 97 141
4747 97 142
4748 97 143
4749 97 147
4750 97 153
4751 97 154
4752 97 159
4753 97 160
4754 98 3
4755 98 4
4756 98 5
4757 98 12
4758 98 13
4759 98 16
4760 98 17
4761 98 19
4762 98 21
4763 98 25
4764 98 27
4765 98 28
4766 98 29
4767 98 30
4768 98 31
4769 98 32
4770 98 33
4771 98 34
4772 98 39
4773 98 40
4774 98 41
4775 98 42
4776 98 43
4777 98 44
4778 98 45
4779 98 49
4780 98 53
4781 98 58
4782 98 59
4783 98 60
4784 98 61
4785 98 62
4786 98 65
4787 98 66
4788 98 67
4789 98 70
4790 98 71
4791 98 74
4792 98 75
4793 98 81
4794 98 82
4795 98 85
4796 98 87
4797 98 89
4798 98 90
4799 98 97
4800 98 105
4801 98 109
4802 98 112
4803 98 134
4804 98 135
4805 98 144
4806 98 145
4807 98 146
4808 98 147
4809 98 153
4810 98 155
4811 98 159
4812 98 160
4813 99 3
4814 99 5
4815 99 12
4816 99 13
4817 99 16
4818 99 17
4819 99 19
4820 99 21
4821 99 25
4822 99 27
4823 99 34
4824 99 39
4825 99 45
4826 99 49
4827 99 53
4828 99 57
4829 99 63
4830 99 64
4831 99 68
4832 99 69
4833 99 71
4834 99 74
4835 99 75
4836 99 81
4837 99 82
4838 99 85
4839 99 87
4840 99 97
4841 99 105
4842 99 109
4843 99 112
4844 99 126
4845 99 127
4846 99 128
4847 99 129
4848 99 130
4849 99 134
4850 99 135
4851 99 144
4852 99 147
4853 99 153
4854 99 155
4855 99 159
4856 99 160
4857 100 3
4858 100 5
4859 100 12
4860 100 13
4861 100 16
4862 100 17
4863 100 19
4864 100 21
4865 100 25
4866 100 27
4867 100 34
4868 100 39
4869 100 45
4870 100 49
4871 100 53
4872 100 57
4873 100 63
4874 100 64
4875 100 68
4876 100 71
4877 100 74
4878 100 75
4879 100 81
4880 100 82
4881 100 85
4882 100 87
4883 100 97
4884 100 98
4885 100 99
4886 100 100
4887 100 101
4888 100 102
4889 100 103
4890 100 104
4891 100 105
4892 100 109
4893 100 112
4894 100 126
4895 100 130
4896 100 134
4897 100 135
4898 100 144
4899 100 145
4900 100 146
4901 100 147
4902 100 151
4903 100 152
4904 100 153
4905 100 155
4906 100 159
4907 101 3
4908 101 6
4909 101 12
4910 101 13
4911 101 16
4912 101 17
4913 101 19
4914 101 21
4915 101 25
4916 101 27
4917 101 32
4918 101 33
4919 101 34
4920 101 39
4921 101 40
4922 101 41
4923 101 42
4924 101 43
4925 101 44
4926 101 46
4927 101 47
4928 101 48
4929 101 50
4930 101 53
4931 101 57
4932 101 63
4933 101 64
4934 101 68
4935 101 71
4936 101 76
4937 101 77
4938 101 78
4939 101 79
4940 101 80
4941 101 83
4942 101 84
4943 101 86
4944 101 88
4945 101 89
4946 101 90
4947 101 91
4948 101 92
4949 101 93
4950 101 94
4951 101 95
4952 101 96
4953 101 106
4954 101 107
4955 101 109
4956 101 112
4957 101 121
4958 101 122
4959 101 126
4960 101 131
4961 101 132
4962 101 133
4963 101 148
4964 101 149
4965 101 150
4966 101 154
4967 101 155
4968 101 157
4969 101 158
4970 101 160
4971 102 3
4972 102 6
4973 102 12
4974 102 13
4975 102 16
4976 102 17
4977 102 19
4978 102 21
4979 102 25
4980 102 27
4981 102 31
4982 102 35
4983 102 36
4984 102 37
4985 102 38
4986 102 45
4987 102 49
4988 102 53
4989 102 57
4990 102 63
4991 102 64
4992 102 68
4993 102 69
4994 102 70
4995 102 71
4996 102 76
4997 102 80
4998 102 83
4999 102 84
5000 102 86
5001 102 88
5002 102 96
5003 102 106
5004 102 107
5005 102 109
5006 102 112
5007 102 121
5008 102 122
5009 102 126
5010 102 132
5011 102 133
5012 102 148
5013 102 150
5014 102 154
5015 102 155
5016 102 157
5017 102 158
5018 102 160
5019 103 3
5020 103 6
5021 103 12
5022 103 13
5023 103 16
5024 103 17
5025 103 19
5026 103 21
5027 103 25
5028 103 27
5029 103 28
5030 103 30
5031 103 31
5032 103 35
5033 103 36
5034 103 37
5035 103 38
5036 103 45
5037 103 49
5038 103 53
5039 103 54
5040 103 55
5041 103 56
5042 103 57
5043 103 63
5044 103 65
5045 103 66
5046 103 67
5047 103 72
5048 103 73
5049 103 74
5050 103 75
5051 103 77
5052 103 78
5053 103 79
5054 103 80
5055 103 83
5056 103 84
5057 103 86
5058 103 88
5059 103 89
5060 103 90
5061 103 91
5062 103 92
5063 103 93
5064 103 94
5065 103 96
5066 103 106
5067 103 107
5068 103 109
5069 103 112
5070 103 121
5071 103 122
5072 103 126
5073 103 131
5074 103 134
5075 103 135
5076 103 136
5077 103 148
5078 103 149
5079 103 150
5080 103 154
5081 103 155
5082 103 157
5083 103 158
5084 103 160
5085 104 3
5086 104 4
5087 104 5
5088 104 6
5089 104 12
5090 104 13
5091 104 16
5092 104 17
5093 104 19
5094 104 21
5095 104 25
5096 104 26
5097 104 29
5098 104 32
5099 104 33
5100 104 34
5101 104 39
5102 104 40
5103 104 41
5104 104 42
5105 104 43
5106 104 44
5107 104 46
5108 104 47
5109 104 48
5110 104 50
5111 104 51
5112 104 52
5113 104 63
5114 104 67
5115 104 72
5116 104 73
5117 104 81
5118 104 82
5119 104 85
5120 104 87
5121 104 95
5122 104 96
5123 104 106
5124 104 107
5125 104 109
5126 104 110
5127 104 111
5128 104 112
5129 104 121
5130 104 122
5131 104 126
5132 104 127
5133 104 130
5134 104 132
5135 104 133
5136 104 139
5137 104 140
5138 104 141
5139 104 142
5140 104 143
5141 104 144
5142 104 145
5143 104 146
5144 104 147
5145 104 151
5146 104 152
5147 104 153
5148 104 156
5149 104 159
5150 105 1
5151 105 2
5152 105 7
5153 105 8
5154 105 9
5155 105 10
5156 105 11
5157 105 14
5158 105 19
5159 105 20
5160 105 21
5161 105 25
5162 105 26
5163 105 29
5164 105 32
5165 105 34
5166 105 39
5167 105 40
5168 105 44
5169 105 46
5170 105 48
5171 105 50
5172 105 52
5173 105 58
5174 105 63
5175 105 67
5176 105 72
5177 105 73
5178 105 81
5179 105 82
5180 105 85
5181 105 87
5182 105 97
5183 105 98
5184 105 99
5185 105 100
5186 105 101
5187 105 102
5188 105 103
5189 105 104
5190 105 105
5191 105 108
5192 105 113
5193 105 114
5194 105 115
5195 105 116
5196 105 117
5197 105 118
5198 105 119
5199 105 120
5200 105 122
5201 105 123
5202 105 124
5203 105 125
5204 105 128
5205 105 130
5206 105 132
5207 105 133
5208 105 139
5209 105 147
5210 105 151
5211 105 154
5212 105 155
5213 105 156
5214 105 159
5215 106 1
5216 106 2
5217 106 7
5218 106 11
5219 106 14
5220 106 15
5221 106 16
5222 106 17
5223 106 18
5224 106 19
5225 106 21
5226 106 22
5227 106 23
5228 106 24
5229 106 27
5230 106 29
5231 106 32
5232 106 35
5233 106 36
5234 106 37
5235 106 38
5236 106 41
5237 106 44
5238 106 46
5239 106 48
5240 106 50
5241 106 52
5242 106 58
5243 106 63
5244 106 67
5245 106 72
5246 106 73
5247 106 81
5248 106 82
5249 106 85
5250 106 87
5251 106 97
5252 106 98
5253 106 99
5254 106 100
5255 106 106
5256 106 107
5257 106 109
5258 106 110
5259 106 111
5260 106 112
5261 106 121
5262 106 123
5263 106 125
5264 106 128
5265 106 130
5266 106 132
5267 106 133
5268 106 139
5269 106 147
5270 106 151
5271 106 154
5272 106 156
5273 106 159
5274 107 1
5275 107 2
5276 107 7
5277 107 8
5278 107 9
5279 107 10
5280 107 11
5281 107 14
5282 107 19
5283 107 21
5284 107 24
5285 107 27
5286 107 29
5287 107 32
5288 107 38
5289 107 41
5290 107 44
5291 107 46
5292 107 48
5293 107 50
5294 107 52
5295 107 58
5296 107 63
5297 107 67
5298 107 72
5299 107 73
5300 107 81
5301 107 82
5302 107 85
5303 107 87
5304 107 92
5305 107 93
5306 107 94
5307 107 95
5308 107 96
5309 107 106
5310 107 107
5311 107 109
5312 107 112
5313 107 121
5314 107 123
5315 107 125
5316 107 128
5317 107 129
5318 107 130
5319 107 132
5320 107 133
5321 107 139
5322 107 140
5323 107 141
5324 107 142
5325 107 143
5326 107 144
5327 107 145
5328 107 146
5329 107 147
5330 107 151
5331 107 154
5332 107 155
5333 107 157
5334 107 158
5335 107 160
5336 108 0
5337 108 2
5338 108 6
5339 108 14
5340 108 19
5341 108 21
5342 108 24
5343 108 27
5344 108 29
5345 108 32
5346 108 38
5347 108 41
5348 108 44
5349 108 46
5350 108 48
5351 108 50
5352 108 53
5353 108 54
5354 108 55
5355 108 56
5356 108 57
5357 108 63
5358 108 64
5359 108 65
5360 108 66
5361 108 67
5362 108 72
5363 108 73
5364 108 81
5365 108 82
5366 108 85
5367 108 87
5368 108 92
5369 108 97
5370 108 98
5371 108 99
5372 108 106
5373 108 107
5374 108 109
5375 108 110
5376 108 111
5377 108 112
5378 108 121
5379 108 123
5380 108 126
5381 108 127
5382 108 131
5383 108 148
5384 108 149
5385 108 150
5386 108 152
5387 108 153
5388 108 156
5389 108 159
5390 109 0
5391 109 2
5392 109 6
5393 109 14
5394 109 16
5395 109 17
5396 109 18
5397 109 19
5398 109 21
5399 109 22
5400 109 23
5401 109 24
5402 109 27
5403 109 29
5404 109 32
5405 109 33
5406 109 34
5407 109 38
5408 109 41
5409 109 44
5410 109 46
5411 109 48
5412 109 50
5413 109 57
5414 109 59
5415 109 60
5416 109 61
5417 109 62
5418 109 68
5419 109 69
5420 109 70
5421 109 71
5422 109 74
5423 109 75
5424 109 76
5425 109 77
5426 109 78
5427 109 79
5428 109 80
5429 109 83
5430 109 84
5431 109 86
5432 109 88
5433 109 89
5434 109 90
5435 109 92
5436 109 99
5437 109 108
5438 109 113
5439 109 114
5440 109 115
5441 109 116
5442 109 117
5443 109 118
5444 109 119
5445 109 120
5446 109 123
5447 109 124
5448 109 125
5449 109 126
5450 109 127
5451 109 131
5452 109 139
5453 109 140
5454 109 141
5455 109 142
5456 109 143
5457 109 144
5458 109 145
5459 109 146
5460 109 147
5461 109 151
5462 109 153
5463 109 156
5464 109 159
5465 110 0
5466 110 3
5467 110 4
5468 110 5
5469 110 6
5470 110 14
5471 110 15
5472 110 20
5473 110 25
5474 110 26
5475 110 28
5476 110 30
5477 110 31
5478 110 35
5479 110 38
5480 110 41
5481 110 44
5482 110 46
5483 110 48
5484 110 50
5485 110 57
5486 110 59
5487 110 62
5488 110 68
5489 110 71
5490 110 74
5491 110 80
5492 110 83
5493 110 85
5494 110 86
5495 110 88
5496 110 90
5497 110 92
5498 110 99
5499 110 108
5500 110 121
5501 110 122
5502 110 128
5503 110 129
5504 110 130
5505 110 132
5506 110 133
5507 110 134
5508 110 135
5509 110 136
5510 110 137
5511 110 138
5512 110 148
5513 110 149
5514 110 150
5515 110 152
5516 110 153
5517 110 159
5518 111 0
5519 111 6
5520 111 12
5521 111 13
5522 111 20
5523 111 28
5524 111 30
5525 111 31
5526 111 35
5527 111 38
5528 111 41
5529 111 44
5530 111 46
5531 111 48
5532 111 50
5533 111 53
5534 111 54
5535 111 55
5536 111 56
5537 111 57
5538 111 59
5539 111 60
5540 111 61
5541 111 62
5542 111 68
5543 111 69
5544 111 70
5545 111 71
5546 111 74
5547 111 75
5548 111 76
5549 111 77
5550 111 78
5551 111 79
5552 111 80
5553 111 83
5554 111 84
5555 111 85
5556 111 86
5557 111 88
5558 111 89
5559 111 90
5560 111 92
5561 111 93
5562 111 94
5563 111 95
5564 111 96
5565 111 97
5566 111 98
5567 111 99
5568 111 108
5569 111 109
5570 111 110
5571 111 111
5572 111 112
5573 111 113
5574 111 114
5575 111 115
5576 111 116
5577 111 117
5578 111 118
5579 111 119
5580 111 120
5581 111 121
5582 111 122
5583 111 132
5584 111 133
5585 111 134
5586 111 137
5587 111 138
5588 111 148
5589 111 150
5590 111 152
5591 111 153
5592 111 159
5593 112 0
5594 112 6
5595 112 12
5596 112 13
5597 112 20
5598 112 28
5599 112 30
5600 112 31
5601 112 35
5602 112 38
5603 112 41
5604 112 42
5605 112 43
5606 112 44
5607 112 46
5608 112 48
5609 112 50
5610 112 52
5611 112 58
5612 112 63
5613 112 64
5614 112 65
5615 112 66
5616 112 67
5617 112 72
5618 112 73
5619 112 81
5620 112 82
5621 112 87
5622 112 91
5623 112 100
5624 112 101
5625 112 102
5626 112 103
5627 112 104
5628 112 105
5629 112 106
5630 112 107
5631 112 113
5632 112 123
5633 112 124
5634 112 125
5635 112 126
5636 112 127
5637 112 128
5638 112 129
5639 112 130
5640 112 131
5641 112 135
5642 112 136
5643 112 148
5644 112 150
5645 112 152
5646 112 154
5647 112 159
5648 113 0
5649 113 6
5650 113 11
5651 113 18
5652 113 19
5653 113 20
5654 113 28
5655 113 30
5656 113 31
5657 113 35
5658 113 38
5659 113 46
5660 113 48
5661 113 50
5662 113 52
5663 113 58
5664 113 63
5665 113 67
5666 113 72
5667 113 73
5668 113 81
5669 113 82
5670 113 87
5671 113 88
5672 113 89
5673 113 90
5674 113 91
5675 113 100
5676 113 101
5677 113 102
5678 113 103
5679 113 104
5680 113 105
5681 113 106
5682 113 107
5683 113 108
5684 113 109
5685 113 110
5686 113 111
5687 113 112
5688 113 113
5689 113 123
5690 113 124
5691 113 125
5692 113 126
5693 113 127
5694 113 128
5695 113 129
5696 113 130
5697 113 131
5698 113 135
5699 113 136
5700 113 137
5701 113 138
5702 113 139
5703 113 140
5704 113 148
5705 113 150
5706 113 152
5707 113 154
5708 113 159
5709 114 0
5710 114 6
5711 114 11
5712 114 18
5713 114 20
5714 114 28
5715 114 30
5716 114 31
5717 114 35
5718 114 38
5719 114 46
5720 114 48
5721 114 50
5722 114 52
5723 114 58
5724 114 63
5725 114 67
5726 114 72
5727 114 73
5728 114 81
5729 114 82
5730 114 87
5731 114 88
5732 114 89
5733 114 90
5734 114 91
5735 114 98
5736 114 99
5737 114 114
5738 114 115
5739 114 116
5740 114 120
5741 114 121
5742 114 122
5743 114 132
5744 114 133
5745 114 134
5746 114 137
5747 114 140
5748 114 148
5749 114 150
5750 114 152
5751 114 154
5752 114 159
5753 115 0
5754 115 6
5755 115 11
5756 115 18
5757 115 19
5758 115 21
5759 115 22
5760 115 28
5761 115 30
5762 115 31
5763 115 35
5764 115 38
5765 115 46
5766 115 48
5767 115 50
5768 115 52
5769 115 58
5770 115 63
5771 115 67
5772 115 72
5773 115 73
5774 115 81
5775 115 82
5776 115 92
5777 115 93
5778 115 94
5779 115 95
5780 115 96
5781 115 97
5782 115 99
5783 115 114
5784 115 117
5785 115 118
5786 115 119
5787 115 123
5788 115 124
5789 115 125
5790 115 126
5791 115 127
5792 115 128
5793 115 129
5794 115 130
5795 115 131
5796 115 133
5797 115 134
5798 115 137
5799 115 138
5800 115 139
5801 115 140
5802 115 144
5803 115 145
5804 115 146
5805 115 147
5806 115 149
5807 115 150
5808 115 152
5809 115 153
5810 115 154
5811 115 159
5812 116 0
5813 116 1
5814 116 6
5815 116 9
5816 116 10
5817 116 12
5818 116 13
5819 116 14
5820 116 15
5821 116 18
5822 116 19
5823 116 21
5824 116 22
5825 116 28
5826 116 30
5827 116 31
5828 116 35
5829 116 38
5830 116 46
5831 116 48
5832 116 50
5833 116 52
5834 116 58
5835 116 59
5836 116 60
5837 116 63
5838 116 65
5839 116 66
5840 116 67
5841 116 72
5842 116 73
5843 116 81
5844 116 82
5845 116 92
5846 116 93
5847 116 94
5848 116 95
5849 116 96
5850 116 97
5851 116 98
5852 116 99
5853 116 114
5854 116 117
5855 116 118
5856 116 119
5857 116 123
5858 116 124
5859 116 132
5860 116 135
5861 116 136
5862 116 141
5863 116 142
5864 116 143
5865 116 148
5866 116 151
5867 116 155
5868 116 156
5869 116 157
5870 116 158
5871 116 160
5872 117 0
5873 117 2
5874 117 3
5875 117 4
5876 117 5
5877 117 6
5878 117 9
5879 117 10
5880 117 12
5881 117 15
5882 117 18
5883 117 19
5884 117 21
5885 117 22
5886 117 28
5887 117 30
5888 117 31
5889 117 35
5890 117 38
5891 117 46
5892 117 48
5893 117 50
5894 117 51
5895 117 52
5896 117 58
5897 117 59
5898 117 60
5899 117 63
5900 117 64
5901 117 68
5902 117 69
5903 117 70
5904 117 71
5905 117 74
5906 117 75
5907 117 81
5908 117 82
5909 117 89
5910 117 90
5911 117 91
5912 117 100
5913 117 101
5914 117 102
5915 117 103
5916 117 104
5917 117 105
5918 117 106
5919 117 107
5920 117 108
5921 117 109
5922 117 110
5923 117 111
5924 117 114
5925 117 115
5926 117 116
5927 117 120
5928 117 121
5929 117 122
5930 117 125
5931 117 126
5932 117 127
5933 117 128
5934 117 129
5935 117 130
5936 117 131
5937 117 133
5938 117 134
5939 117 136
5940 117 141
5941 117 142
5942 117 143
5943 117 148
5944 117 151
5945 117 155
5946 117 156
5947 117 157
5948 117 158
5949 117 160
5950 118 0
5951 118 1
5952 118 7
5953 118 8
5954 118 9
5955 118 10
5956 118 12
5957 118 15
5958 118 18
5959 118 19
5960 118 21
5961 118 22
5962 118 28
5963 118 30
5964 118 31
5965 118 35
5966 118 38
5967 118 46
5968 118 49
5969 118 53
5970 118 54
5971 118 55
5972 118 56
5973 118 57
5974 118 61
5975 118 62
5976 118 65
5977 118 66
5978 118 67
5979 118 72
5980 118 73
5981 118 76
5982 118 77
5983 118 78
5984 118 79
5985 118 80
5986 118 83
5987 118 84
5988 118 85
5989 118 86
5990 118 87
5991 118 89
5992 118 91
5993 118 100
5994 118 111
5995 118 114
5996 118 116
5997 118 123
5998 118 124
5999 118 131
6000 118 133
6001 118 136
6002 118 146
6003 118 147
6004 118 149
6005 118 150
6006 118 152
6007 118 153
6008 118 154
6009 118 159
6010 119 0
6011 119 1
6012 119 7
6013 119 8
6014 119 12
6015 119 14
6016 119 16
6017 119 17
6018 119 20
6019 119 23
6020 119 24
6021 119 25
6022 119 26
6023 119 27
6024 119 30
6025 119 31
6026 119 35
6027 119 38
6028 119 46
6029 119 49
6030 119 53
6031 119 57
6032 119 61
6033 119 62
6034 119 65
6035 119 67
6036 119 72
6037 119 73
6038 119 76
6039 119 77
6040 119 81
6041 119 82
6042 119 84
6043 119 87
6044 119 89
6045 119 91
6046 119 100
6047 119 101
6048 119 102
6049 119 103
6050 119 104
6051 119 105
6052 119 106
6053 119 107
6054 119 108
6055 119 109
6056 119 110
6057 119 111
6058 119 114
6059 119 115
6060 119 116
6061 119 123
6062 119 124
6063 119 125
6064 119 126
6065 119 127
6066 119 128
6067 119 129
6068 119 130
6069 119 131
6070 119 133
6071 119 134
6072 119 135
6073 119 136
6074 119 146
6075 119 147
6076 119 149
6077 119 150
6078 119 152
6079 119 153
6080 119 154
6081 119 159
6082 120 0
6083 120 1
6084 120 7
6085 120 8
6086 120 12
6087 120 14
6088 120 16
6089 120 18
6090 120 19
6091 120 21
6092 120 22
6093 120 24
6094 120 30
6095 120 31
6096 120 35
6097 120 38
6098 120 46
6099 120 49
6100 120 53
6101 120 57
6102 120 61
6103 120 62
6104 120 65
6105 120 67
6106 120 70
6107 120 71
6108 120 74
6109 120 75
6110 120 81
6111 120 82
6112 120 83
6113 120 84
6114 120 87
6115 120 89
6116 120 90
6117 120 91
6118 120 112
6119 120 113
6120 120 117
6121 120 118
6122 120 119
6123 120 120
6124 120 121
6125 120 122
6126 120 132
6127 120 137
6128 120 138
6129 120 141
6130 120 142
6131 120 143
6132 120 144
6133 120 146
6134 120 147
6135 120 149
6136 120 151
6137 120 155
6138 120 156
6139 120 157
6140 120 158
6141 120 160
6142 121 0
6143 121 1
6144 121 7
6145 121 8
6146 121 12
6147 121 14
6148 121 16
6149 121 17
6150 121 18
6151 121 19
6152 121 21
6153 121 25
6154 121 26
6155 121 27
6156 121 28
6157 121 29
6158 121 35
6159 121 38
6160 121 46
6161 121 49
6162 121 53
6163 121 56
6164 121 57
6165 121 61
6166 121 62
6167 121 65
6168 121 67
6169 121 70
6170 121 71
6171 121 74
6172 121 75
6173 121 80
6174 121 85
6175 121 86
6176 121 88
6177 121 92
6178 121 93
6179 121 94
6180 121 95
6181 121 96
6182 121 97
6183 121 98
6184 121 99
6185 121 100
6186 121 101
6187 121 112
6188 121 113
6189 121 117
6190 121 122
6191 121 132
6192 121 137
6193 121 138
6194 121 141
6195 121 144
6196 121 146
6197 121 147
6198 121 149
6199 121 151
6200 121 155
6201 121 158
6202 121 160
6203 122 0
6204 122 1
6205 122 7
6206 122 8
6207 122 12
6208 122 13
6209 122 14
6210 122 20
6211 122 21
6212 122 22
6213 122 23
6214 122 24
6215 122 25
6216 122 26
6217 122 27
6218 122 28
6219 122 29
6220 122 30
6221 122 31
6222 122 35
6223 122 36
6224 122 37
6225 122 38
6226 122 46
6227 122 49
6228 122 53
6229 122 55
6230 122 58
6231 122 61
6232 122 62
6233 122 65
6234 122 67
6235 122 70
6236 122 72
6237 122 73
6238 122 76
6239 122 77
6240 122 78
6241 122 79
6242 122 80
6243 122 85
6244 122 87
6245 122 92
6246 122 101
6247 122 112
6248 122 113
6249 122 117
6250 122 122
6251 122 132
6252 122 137
6253 122 138
6254 122 141
6255 122 142
6256 122 143
6257 122 144
6258 122 146
6259 122 147
6260 122 149
6261 122 151
6262 122 155
6263 122 158
6264 122 160
6265 123 0
6266 123 1
6267 123 7
6268 123 8
6269 123 11
6270 123 15
6271 123 16
6272 123 17
6273 123 18
6274 123 19
6275 123 32
6276 123 33
6277 123 34
6278 123 46
6279 123 47
6280 123 48
6281 123 49
6282 123 53
6283 123 54
6284 123 55
6285 123 58
6286 123 61
6287 123 62
6288 123 65
6289 123 67
6290 123 70
6291 123 73
6292 123 76
6293 123 80
6294 123 85
6295 123 87
6296 123 92
6297 123 101
6298 123 112
6299 123 113
6300 123 117
6301 123 122
6302 123 132
6303 123 137
6304 123 139
6305 123 140
6306 123 145
6307 123 147
6308 123 149
6309 123 150
6310 123 151
6311 123 155
6312 123 156
6313 123 157
6314 123 158
6315 123 160
6316 124 0
6317 124 1
6318 124 7
6319 124 8
6320 124 11
6321 124 20
6322 124 21
6323 124 22
6324 124 23
6325 124 24
6326 124 25
6327 124 32
6328 124 34
6329 124 39
6330 124 40
6331 124 41
6332 124 42
6333 124 43
6334 124 44
6335 124 45
6336 124 50
6337 124 51
6338 124 52
6339 124 56
6340 124 57
6341 124 59
6342 124 60
6343 124 63
6344 124 64
6345 124 66
6346 124 67
6347 124 70
6348 124 73
6349 124 76
6350 124 80
6351 124 85
6352 124 87
6353 124 92
6354 124 93
6355 124 94
6356 124 95
6357 124 96
6358 124 97
6359 124 98
6360 124 99
6361 124 100
6362 124 101
6363 124 112
6364 124 113
6365 124 117
6366 124 122
6367 124 132
6368 124 137
6369 124 140
6370 124 145
6371 124 146
6372 124 147
6373 124 152
6374 124 153
6375 124 154
6376 124 158
6377 124 160
6378 125 0
6379 125 1
6380 125 7
6381 125 8
6382 125 11
6383 125 20
6384 125 21
6385 125 22
6386 125 23
6387 125 24
6388 125 25
6389 125 32
6390 125 33
6391 125 34
6392 125 39
6393 125 40
6394 125 41
6395 125 42
6396 125 43
6397 125 44
6398 125 45
6399 125 50
6400 125 51
6401 125 52
6402 125 56
6403 125 57
6404 125 59
6405 125 60
6406 125 63
6407 125 64
6408 125 66
6409 125 67
6410 125 70
6411 125 73
6412 125 76
6413 125 80
6414 125 85
6415 125 87
6416 125 88
6417 125 89
6418 125 90
6419 125 91
6420 125 102
6421 125 103
6422 125 104
6423 125 105
6424 125 106
6425 125 107
6426 125 108
6427 125 109
6428 125 110
6429 125 112
6430 125 113
6431 125 117
6432 125 122
6433 125 132
6434 125 137
6435 125 140
6436 125 145
6437 125 148
6438 125 152
6439 125 154
6440 125 158
6441 125 160
6442 126 0
6443 126 1
6444 126 4
6445 126 5
6446 126 6
6447 126 8
6448 126 11
6449 126 16
6450 126 20
6451 126 25
6452 126 26
6453 126 27
6454 126 29
6455 126 30
6456 126 31
6457 126 35
6458 126 36
6459 126 37
6460 126 38
6461 126 46
6462 126 47
6463 126 48
6464 126 49
6465 126 53
6466 126 54
6467 126 55
6468 126 57
6469 126 59
6470 126 60
6471 126 63
6472 126 64
6473 126 66
6474 126 67
6475 126 70
6476 126 73
6477 126 76
6478 126 80
6479 126 85
6480 126 87
6481 126 90
6482 126 102
6483 126 110
6484 126 112
6485 126 113
6486 126 117
6487 126 122
6488 126 132
6489 126 137
6490 126 138
6491 126 139
6492 126 140
6493 126 145
6494 126 148
6495 126 149
6496 126 150
6497 126 151
6498 126 154
6499 126 158
6500 126 160
6501 127 2
6502 127 3
6503 127 7
6504 127 9
6505 127 10
6506 127 12
6507 127 13
6508 127 14
6509 127 15
6510 127 17
6511 127 18
6512 127 19
6513 127 21
6514 127 22
6515 127 23
6516 127 24
6517 127 28
6518 127 31
6519 127 33
6520 127 34
6521 127 36
6522 127 38
6523 127 46
6524 127 49
6525 127 53
6526 127 55
6527 127 57
6528 127 59
6529 127 60
6530 127 63
6531 127 64
6532 127 66
6533 127 67
6534 127 70
6535 127 73
6536 127 76
6537 127 80
6538 127 85
6539 127 87
6540 127 90
6541 127 102
6542 127 110
6543 127 112
6544 127 113
6545 127 117
6546 127 122
6547 127 130
6548 127 131
6549 127 133
6550 127 134
6551 127 135
6552 127 136
6553 127 141
6554 127 142
6555 127 143
6556 127 144
6557 127 145
6558 127 148
6559 127 154
6560 127 158
6561 127 160
6562 128 2
6563 128 3
6564 128 5
6565 128 6
6566 128 9
6567 128 10
6568 128 12
6569 128 15
6570 128 17
6571 128 19
6572 128 21
6573 128 24
6574 128 28
6575 128 32
6576 128 34
6577 128 36
6578 128 37
6579 128 44
6580 128 45
6581 128 46
6582 128 47
6583 128 48
6584 128 49
6585 128 53
6586 128 55
6587 128 57
6588 128 59
6589 128 60
6590 128 63
6591 128 64
6592 128 66
6593 128 67
6594 128 70
6595 128 73
6596 128 76
6597 128 80
6598 128 85
6599 128 87
6600 128 90
6601 128 102
6602 128 110
6603 128 112
6604 128 113
6605 128 117
6606 128 118
6607 128 119
6608 128 120
6609 128 121
6610 128 122
6611 128 130
6612 128 131
6613 128 133
6614 128 136
6615 128 141
6616 128 145
6617 128 148
6618 128 154
6619 128 158
6620 128 160
6621 129 2
6622 129 3
6623 129 5
6624 129 7
6625 129 8
6626 129 11
6627 129 15
6628 129 17
6629 129 19
6630 129 21
6631 129 24
6632 129 28
6633 129 34
6634 129 38
6635 129 39
6636 129 40
6637 129 41
6638 129 42
6639 129 43
6640 129 50
6641 129 51
6642 129 52
6643 129 55
6644 129 57
6645 129 59
6646 129 60
6647 129 63
6648 129 64
6649 129 66
6650 129 67
6651 129 70
6652 129 73
6653 129 76
6654 129 80
6655 129 85
6656 129 87
6657 129 90
6658 129 102
6659 129 103
6660 129 104
6661 129 105
6662 129 106
6663 129 107
6664 129 108
6665 129 109
6666 129 110
6667 129 111
6668 129 114
6669 129 115
6670 129 116
6671 129 122
6672 129 123
6673 129 124
6674 129 125
6675 129 126
6676 129 127
6677 129 128
6678 129 129
6679 129 132
6680 129 134
6681 129 135
6682 129 136
6683 129 141
6684 129 142
6685 129 143
6686 129 144
6687 129 145
6688 129 148
6689 129 149
6690 129 150
6691 129 151
6692 129 152
6693 129 153
6694 129 154
6695 129 158
6696 129 160
6697 130 2
6698 130 3
6699 130 5
6700 130 8
6701 130 11
6702 130 15
6703 130 17
6704 130 19
6705 130 21
6706 130 24
6707 130 28
6708 130 34
6709 130 38
6710 130 43
6711 130 50
6712 130 55
6713 130 57
6714 130 59
6715 130 60
6716 130 63
6717 130 64
6718 130 66
6719 130 68
6720 130 69
6721 130 73
6722 130 76
6723 130 80
6724 130 85
6725 130 87
6726 130 90
6727 130 102
6728 130 112
6729 130 113
6730 130 114
6731 130 117
6732 130 118
6733 130 119
6734 130 120
6735 130 121
6736 130 131
6737 130 133
6738 130 137
6739 130 138
6740 130 139
6741 130 140
6742 130 146
6743 130 147
6744 130 155
6745 130 156
6746 130 157
6747 130 159
6748 131 2
6749 131 3
6750 131 5
6751 131 8
6752 131 11
6753 131 15
6754 131 17
6755 131 19
6756 131 21
6757 131 24
6758 131 28
6759 131 34
6760 131 38
6761 131 43
6762 131 50
6763 131 51
6764 131 52
6765 131 55
6766 131 57
6767 131 59
6768 131 60
6769 131 63
6770 131 64
6771 131 66
6772 131 68
6773 131 69
6774 131 70
6775 131 71
6776 131 72
6777 131 73
6778 131 76
6779 131 80
6780 131 85
6781 131 87
6782 131 88
6783 131 89
6784 131 90
6785 131 102
6786 131 112
6787 131 113
6788 131 114
6789 131 117
6790 131 120
6791 131 121
6792 131 131
6793 131 132
6794 131 133
6795 131 137
6796 131 141
6797 131 142
6798 131 143
6799 131 144
6800 131 145
6801 131 148
6802 131 149
6803 131 150
6804 131 155
6805 131 157
6806 131 159
6807 132 2
6808 132 3
6809 132 5
6810 132 8
6811 132 11
6812 132 15
6813 132 17
6814 132 19
6815 132 21
6816 132 24
6817 132 28
6818 132 34
6819 132 38
6820 132 39
6821 132 40
6822 132 41
6823 132 42
6824 132 43
6825 132 48
6826 132 49
6827 132 53
6828 132 54
6829 132 56
6830 132 58
6831 132 65
6832 132 67
6833 132 76
6834 132 77
6835 132 78
6836 132 79
6837 132 80
6838 132 81
6839 132 82
6840 132 83
6841 132 84
6842 132 86
6843 132 91
6844 132 92
6845 132 93
6846 132 94
6847 132 95
6848 132 96
6849 132 97
6850 132 98
6851 132 99
6852 132 100
6853 132 101
6854 132 104
6855 132 105
6856 132 106
6857 132 107
6858 132 108
6859 132 109
6860 132 110
6861 132 111
6862 132 117
6863 132 119
6864 132 122
6865 132 123
6866 132 124
6867 132 125
6868 132 126
6869 132 127
6870 132 128
6871 132 129
6872 132 130
6873 132 137
6874 132 145
6875 132 148
6876 132 150
6877 132 155
6878 132 157
6879 132 159
6880 133 0
6881 133 2
6882 133 3
6883 133 5
6884 133 8
6885 133 11
6886 133 15
6887 133 17
6888 133 19
6889 133 21
6890 133 24
6891 133 28
6892 133 35
6893 133 36
6894 133 37
6895 133 48
6896 133 49
6897 133 53
6898 133 54
6899 133 56
6900 133 58
6901 133 65
6902 133 67
6903 133 74
6904 133 75
6905 133 85
6906 133 91
6907 133 96
6908 133 102
6909 133 103
6910 133 111
6911 133 117
6912 133 119
6913 133 122
6914 133 130
6915 133 137
6916 133 145
6917 133 148
6918 133 150
6919 133 155
6920 133 157
6921 133 159
6922 134 0
6923 134 2
6924 134 3
6925 134 5
6926 134 7
6927 134 11
6928 134 15
6929 134 16
6930 134 17
6931 134 18
6932 134 19
6933 134 21
6934 134 24
6935 134 28
6936 134 37
6937 134 48
6938 134 49
6939 134 53
6940 134 54
6941 134 56
6942 134 58
6943 134 62
6944 134 65
6945 134 66
6946 134 74
6947 134 75
6948 134 85
6949 134 91
6950 134 96
6951 134 102
6952 134 103
6953 134 111
6954 134 117
6955 134 119
6956 134 122
6957 134 130
6958 134 137
6959 134 145
6960 134 148
6961 134 150
6962 134 155
6963 134 158
6964 134 160
6965 135 0
6966 135 2
6967 135 3
6968 135 5
6969 135 7
6970 135 11
6971 135 12
6972 135 13
6973 135 14
6974 135 20
6975 135 21
6976 135 22
6977 135 23
6978 135 24
6979 135 28
6980 135 29
6981 135 30
6982 135 31
6983 135 32
6984 135 33
6985 135 34
6986 135 35
6987 135 36
6988 135 37
6989 135 44
6990 135 50
6991 135 51
6992 135 52
6993 135 55
6994 135 57
6995 135 59
6996 135 60
6997 135 61
6998 135 63
6999 135 64
7000 135 67
7001 135 68
7002 135 69
7003 135 70
7004 135 71
7005 135 72
7006 135 73
7007 135 76
7008 135 77
7009 135 78
7010 135 79
7011 135 80
7012 135 81
7013 135 82
7014 135 85
7015 135 91
7016 135 96
7017 135 102
7018 135 103
7019 135 111
7020 135 117
7021 135 119
7022 135 122
7023 135 130
7024 135 137
7025 135 145
7026 135 148
7027 135 150
7028 135 155
7029 135 158
7030 135 160
7031 136 0
7032 136 2
7033 136 3
7034 136 5
7035 136 6
7036 136 15
7037 136 16
7038 136 17
7039 136 18
7040 136 19
7041 136 25
7042 136 26
7043 136 27
7044 136 39
7045 136 40
7046 136 41
7047 136 42
7048 136 43
7049 136 45
7050 136 46
7051 136 47
7052 136 48
7053 136 49
7054 136 53
7055 136 54
7056 136 56
7057 136 57
7058 136 59
7059 136 61
7060 136 63
7061 136 64
7062 136 67
7063 136 73
7064 136 76
7065 136 82
7066 136 85
7067 136 91
7068 136 97
7069 136 98
7070 136 99
7071 136 100
7072 136 101
7073 136 111
7074 136 117
7075 136 119
7076 136 122
7077 136 130
7078 136 137
7079 136 145
7080 136 148
7081 136 150
7082 136 155
7083 136 158
7084 136 160
7085 137 0
7086 137 2
7087 137 3
7088 137 5
7089 137 6
7090 137 20
7091 137 21
7092 137 22
7093 137 23
7094 137 24
7095 137 39
7096 137 40
7097 137 41
7098 137 42
7099 137 43
7100 137 45
7101 137 46
7102 137 47
7103 137 49
7104 137 53
7105 137 57
7106 137 59
7107 137 61
7108 137 63
7109 137 64
7110 137 67
7111 137 73
7112 137 76
7113 137 82
7114 137 85
7115 137 87
7116 137 91
7117 137 101
7118 137 111
7119 137 117
7120 137 120
7121 137 121
7122 137 130
7123 137 137
7124 137 145
7125 137 148
7126 137 150
7127 137 155
7128 137 159
7129 137 160
7130 138 0
7131 138 2
7132 138 3
7133 138 5
7134 138 6
7135 138 15
7136 138 16
7137 138 17
7138 138 18
7139 138 19
7140 138 25
7141 138 26
7142 138 27
7143 138 28
7144 138 29
7145 138 30
7146 138 31
7147 138 32
7148 138 33
7149 138 34
7150 138 35
7151 138 36
7152 138 37
7153 138 38
7154 138 44
7155 138 48
7156 138 49
7157 138 53
7158 138 56
7159 138 59
7160 138 60
7161 138 61
7162 138 63
7163 138 64
7164 138 67
7165 138 73
7166 138 76
7167 138 82
7168 138 85
7169 138 87
7170 138 91
7171 138 101
7172 138 111
7173 138 117
7174 138 130
7175 138 137
7176 138 145
7177 138 148
7178 138 150
7179 138 155
7180 138 156
7181 138 157
7182 138 158
7183 138 160
7184 139 0
7185 139 2
7186 139 3
7187 139 5
7188 139 6
7189 139 20
7190 139 21
7191 139 22
7192 139 23
7193 139 24
7194 139 38
7195 139 43
7196 139 44
7197 139 48
7198 139 49
7199 139 53
7200 139 56
7201 139 63
7202 139 64
7203 139 67
7204 139 73
7205 139 76
7206 139 82
7207 139 85
7208 139 87
7209 139 91
7210 139 101
7211 139 111
7212 139 117
7213 139 118
7214 139 119
7215 139 120
7216 139 121
7217 139 122
7218 139 123
7219 139 124
7220 139 125
7221 139 126
7222 139 127
7223 139 128
7224 139 129
7225 139 130
7226 139 137
7227 139 145
7228 139 148
7229 139 150
7230 139 159
7231 139 160
7232 140 0
7233 140 2
7234 140 3
7235 140 5
7236 140 7
7237 140 20
7238 140 24
7239 140 38
7240 140 43
7241 140 44
7242 140 48
7243 140 49
7244 140 53
7245 140 54
7246 140 56
7247 140 63
7248 140 64
7249 140 67
7250 140 73
7251 140 76
7252 140 82
7253 140 85
7254 140 87
7255 140 91
7256 140 101
7257 140 108
7258 140 109
7259 140 110
7260 140 112
7261 140 113
7262 140 114
7263 140 115
7264 140 116
7265 140 137
7266 140 145
7267 140 148
7268 140 150
7269 140 159
7270 140 160
7271 141 0
7272 141 2
7273 141 3
7274 141 5
7275 141 7
7276 141 20
7277 141 24
7278 141 36
7279 141 37
7280 141 38
7281 141 48
7282 141 49
7283 141 52
7284 141 55
7285 141 56
7286 141 63
7287 141 64
7288 141 67
7289 141 68
7290 141 69
7291 141 70
7292 141 71
7293 141 72
7294 141 73
7295 141 76
7296 141 77
7297 141 78
7298 141 79
7299 141 80
7300 141 81
7301 141 82
7302 141 86
7303 141 87
7304 141 91
7305 141 101
7306 141 108
7307 141 115
7308 141 116
7309 141 137
7310 141 138
7311 141 139
7312 141 140
7313 141 141
7314 141 142
7315 141 145
7316 141 148
7317 141 150
7318 141 159
7319 141 160
7320 142 1
7321 142 3
7322 142 5
7323 142 7
7324 142 13
7325 142 14
7326 142 20
7327 142 24
7328 142 36
7329 142 37
7330 142 38
7331 142 39
7332 142 40
7333 142 41
7334 142 45
7335 142 46
7336 142 47
7337 142 50
7338 142 51
7339 142 53
7340 142 54
7341 142 57
7342 142 58
7343 142 59
7344 142 60
7345 142 61
7346 142 62
7347 142 65
7348 142 66
7349 142 73
7350 142 75
7351 142 86
7352 142 87
7353 142 91
7354 142 101
7355 142 108
7356 142 114
7357 142 143
7358 142 144
7359 142 145
7360 142 148
7361 142 149
7362 142 150
7363 142 159
7364 142 160
7365 143 1
7366 143 3
7367 143 5
7368 143 7
7369 143 10
7370 143 11
7371 143 13
7372 143 14
7373 143 20
7374 143 24
7375 143 29
7376 143 30
7377 143 36
7378 143 42
7379 143 43
7380 143 44
7381 143 48
7382 143 49
7383 143 52
7384 143 57
7385 143 62
7386 143 65
7387 143 66
7388 143 73
7389 143 75
7390 143 86
7391 143 87
7392 143 91
7393 143 101
7394 143 108
7395 143 114
7396 143 131
7397 143 132
7398 143 133
7399 143 134
7400 143 135
7401 143 136
7402 143 137
7403 143 138
7404 143 139
7405 143 140
7406 143 141
7407 143 142
7408 143 146
7409 143 147
7410 143 151
7411 143 152
7412 143 153
7413 143 154
7414 143 155
7415 143 156
7416 143 157
7417 143 158
7418 143 160
7419 144 1
7420 144 3
7421 144 5
7422 144 7
7423 144 10
7424 144 11
7425 144 13
7426 144 14
7427 144 20
7428 144 24
7429 144 29
7430 144 30
7431 144 36
7432 144 42
7433 144 44
7434 144 48
7435 144 49
7436 144 52
7437 144 57
7438 144 58
7439 144 59
7440 144 60
7441 144 61
7442 144 62
7443 144 65
7444 144 66
7445 144 73
7446 144 75
7447 144 81
7448 144 82
7449 144 83
7450 144 84
7451 144 86
7452 144 87
7453 144 91
7454 144 101
7455 144 108
7456 144 114
7457 144 131
7458 144 132
7459 144 133
7460 144 134
7461 144 135
7462 144 146
7463 144 147
7464 144 151
7465 144 152
7466 144 153
7467 144 154
7468 144 160
7469 145 1
7470 145 3
7471 145 5
7472 145 7
7473 145 9
7474 145 11
7475 145 13
7476 145 14
7477 145 20
7478 145 25
7479 145 26
7480 145 27
7481 145 28
7482 145 30
7483 145 36
7484 145 42
7485 145 43
7486 145 44
7487 145 48
7488 145 49
7489 145 52
7490 145 54
7491 145 55
7492 145 56
7493 145 65
7494 145 66
7495 145 73
7496 145 76
7497 145 77
7498 145 78
7499 145 79
7500 145 81
7501 145 84
7502 145 86
7503 145 87
7504 145 91
7505 145 101
7506 145 108
7507 145 114
7508 145 136
7509 145 137
7510 145 138
7511 145 139
7512 145 140
7513 145 141
7514 145 142
7515 145 143
7516 145 144
7517 145 145
7518 145 148
7519 145 149
7520 145 150
7521 145 155
7522 145 160
7523 146 1
7524 146 3
7525 146 5
7526 146 7
7527 146 9
7528 146 11
7529 146 13
7530 146 14
7531 146 20
7532 146 30
7533 146 36
7534 146 45
7535 146 48
7536 146 49
7537 146 52
7538 146 54
7539 146 55
7540 146 56
7541 146 65
7542 146 66
7543 146 73
7544 146 76
7545 146 77
7546 146 78
7547 146 79
7548 146 81
7549 146 84
7550 146 86
7551 146 87
7552 146 91
7553 146 101
7554 146 108
7555 146 114
7556 146 136
7557 146 145
7558 146 148
7559 146 150
7560 146 155
7561 146 160
7562 147 1
7563 147 3
7564 147 5
7565 147 6
7566 147 8
7567 147 10
7568 147 12
7569 147 14
7570 147 20
7571 147 30
7572 147 37
7573 147 46
7574 147 47
7575 147 49
7576 147 51
7577 147 52
7578 147 53
7579 147 57
7580 147 58
7581 147 59
7582 147 60
7583 147 61
7584 147 62
7585 147 63
7586 147 64
7587 147 67
7588 147 68
7589 147 69
7590 147 70
7591 147 71
7592 147 72
7593 147 74
7594 147 75
7595 147 80
7596 147 84
7597 147 86
7598 147 87
7599 147 91
7600 147 101
7601 147 108
7602 147 114
7603 147 136
7604 147 145
7605 147 148
7606 147 150
7607 147 155
7608 147 160
7609 148 1
7610 148 3
7611 148 5
7612 148 6
7613 148 8
7614 148 11
7615 148 14
7616 148 20
7617 148 30
7618 148 37
7619 148 46
7620 148 49
7621 148 54
7622 148 55
7623 148 56
7624 148 65
7625 148 66
7626 148 73
7627 148 76
7628 148 77
7629 148 78
7630 148 79
7631 148 84
7632 148 86
7633 148 87
7634 148 91
7635 148 101
7636 148 108
7637 148 114
7638 148 136
7639 148 137
7640 148 138
7641 148 139
7642 148 140
7643 148 141
7644 148 142
7645 148 143
7646 148 144
7647 148 145
7648 148 148
7649 148 149
7650 148 150
7651 148 155
7652 148 156
7653 148 160
7654 149 1
7655 149 3
7656 149 5
7657 149 6
7658 149 8
7659 149 11
7660 149 14
7661 149 20
7662 149 30
7663 149 37
7664 149 46
7665 149 49
7666 149 52
7667 149 53
7668 149 55
7669 149 56
7670 149 65
7671 149 66
7672 149 73
7673 149 76
7674 149 80
7675 149 81
7676 149 82
7677 149 83
7678 149 84
7679 149 86
7680 149 87
7681 149 91
7682 149 92
7683 149 93
7684 149 94
7685 149 95
7686 149 96
7687 149 97
7688 149 98
7689 149 99
7690 149 100
7691 149 101
7692 149 108
7693 149 109
7694 149 110
7695 149 114
7696 149 146
7697 149 147
7698 149 151
7699 149 152
7700 149 157
7701 149 158
7702 149 159
7703 149 160
7704 150 1
7705 150 3
7706 150 5
7707 150 6
7708 150 8
7709 150 11
7710 150 14
7711 150 20
7712 150 30
7713 150 37
7714 150 46
7715 150 49
7716 150 52
7717 150 53
7718 150 55
7719 150 56
7720 150 65
7721 150 66
7722 150 73
7723 150 76
7724 150 79
7725 150 85
7726 150 88
7727 150 89
7728 150 90
7729 150 102
7730 150 103
7731 150 104
7732 150 105
7733 150 106
7734 150 107
7735 150 111
7736 150 112
7737 150 114
7738 150 146
7739 150 147
7740 150 151
7741 150 152
7742 150 155
7743 150 156
7744 150 157
7745 151 1
7746 151 3
7747 151 5
7748 151 6
7749 151 8
7750 151 11
7751 151 12
7752 151 13
7753 151 14
7754 151 20
7755 151 21
7756 151 22
7757 151 23
7758 151 24
7759 151 25
7760 151 26
7761 151 27
7762 151 28
7763 151 29
7764 151 30
7765 151 37
7766 151 46
7767 151 49
7768 151 52
7769 151 53
7770 151 55
7771 151 56
7772 151 60
7773 151 61
7774 151 62
7775 151 63
7776 151 65
7777 151 66
7778 151 73
7779 151 76
7780 151 79
7781 151 85
7782 151 88
7783 151 90
7784 151 102
7785 151 107
7786 151 113
7787 151 114
7788 151 119
7789 151 120
7790 151 121
7791 151 122
7792 151 123
7793 151 124
7794 151 125
7795 151 126
7796 151 127
7797 151 128
7798 151 129
7799 151 130
7800 151 131
7801 151 132
7802 151 133
7803 151 134
7804 151 135
7805 151 136
7806 151 137
7807 151 138
7808 151 139
7809 151 140
7810 151 141
7811 151 142
7812 151 143
7813 151 144
7814 151 145
7815 151 148
7816 151 149
7817 151 150
7818 151 153
7819 151 154
7820 151 157
7821 152 1
7822 152 3
7823 152 8
7824 152 11
7825 152 15
7826 152 16
7827 152 17
7828 152 18
7829 152 19
7830 152 31
7831 152 37
7832 152 46
7833 152 49
7834 152 52
7835 152 53
7836 152 55
7837 152 56
7838 152 60
7839 152 63
7840 152 65
7841 152 66
7842 152 73
7843 152 76
7844 152 77
7845 152 78
7846 152 79
7847 152 85
7848 152 88
7849 152 90
7850 152 102
7851 152 106
7852 152 107
7853 152 113
7854 152 114
7855 152 119
7856 152 120
7857 152 121
7858 152 122
7859 152 123
7860 152 124
7861 152 125
7862 152 126
7863 152 145
7864 152 148
7865 152 157
7866 153 1
7867 153 3
7868 153 8
7869 153 11
7870 153 15
7871 153 19
7872 153 31
7873 153 32
7874 153 33
7875 153 34
7876 153 35
7877 153 36
7878 153 38
7879 153 39
7880 153 46
7881 153 49
7882 153 52
7883 153 53
7884 153 55
7885 153 56
7886 153 60
7887 153 64
7888 153 67
7889 153 68
7890 153 69
7891 153 70
7892 153 71
7893 153 72
7894 153 74
7895 153 75
7896 153 85
7897 153 88
7898 153 90
7899 153 102
7900 153 105
7901 153 108
7902 153 109
7903 153 110
7904 153 111
7905 153 112
7906 153 114
7907 153 127
7908 153 145
7909 153 148
7910 153 157
7911 154 1
7912 154 3
7913 154 8
7914 154 11
7915 154 15
7916 154 17
7917 154 18
7918 154 19
7919 154 35
7920 154 37
7921 154 40
7922 154 41
7923 154 42
7924 154 46
7925 154 47
7926 154 48
7927 154 49
7928 154 52
7929 154 53
7930 154 55
7931 154 56
7932 154 60
7933 154 64
7934 154 66
7935 154 74
7936 154 75
7937 154 85
7938 154 88
7939 154 90
7940 154 102
7941 154 105
7942 154 108
7943 154 114
7944 154 127
7945 154 145
7946 154 148
7947 154 157
7948 155 1
7949 155 3
7950 155 7
7951 155 9
7952 155 10
7953 155 12
7954 155 13
7955 155 14
7956 155 16
7957 155 20
7958 155 21
7959 155 22
7960 155 23
7961 155 24
7962 155 25
7963 155 26
7964 155 27
7965 155 28
7966 155 29
7967 155 30
7968 155 31
7969 155 32
7970 155 33
7971 155 34
7972 155 37
7973 155 40
7974 155 42
7975 155 44
7976 155 45
7977 155 46
7978 155 50
7979 155 51
7980 155 53
7981 155 55
7982 155 56
7983 155 60
7984 155 64
7985 155 66
7986 155 74
7987 155 75
7988 155 85
7989 155 88
7990 155 90
7991 155 102
7992 155 105
7993 155 108
7994 155 114
7995 155 119
7996 155 120
7997 155 121
7998 155 127
7999 155 135
8000 155 136
8001 155 137
8002 155 138
8003 155 139
8004 155 140
8005 155 141
8006 155 142
8007 155 143
8008 155 144
8009 155 145
8010 155 148
8011 155 149
8012 155 150
8013 155 151
8014 155 152
8015 155 153
8016 155 154
8017 155 155
8018 155 156
8019 155 157
8020 156 1
8021 156 3
8022 156 7
8023 156 9
8024 156 10
8025 156 12
8026 156 13
8027 156 14
8028 156 16
8029 156 20
8030 156 21
8031 156 22
8032 156 23
8033 156 24
8034 156 25
8035 156 26
8036 156 27
8037 156 33
8038 156 35
8039 156 37
8040 156 40
8041 156 42
8042 156 44
8043 156 46
8044 156 50
8045 156 53
8046 156 55
8047 156 56
8048 156 60
8049 156 64
8050 156 66
8051 156 74
8052 156 75
8053 156 85
8054 156 88
8055 156 89
8056 156 90
8057 156 102
8058 156 103
8059 156 104
8060 156 105
8061 156 108
8062 156 114
8063 156 119
8064 156 121
8065 156 127
8066 156 134
8067 156 146
8068 156 147
8069 157 1
8070 157 3
8071 157 7
8072 157 9
8073 157 11
8074 157 15
8075 157 17
8076 157 18
8077 157 19
8078 157 28
8079 157 29
8080 157 30
8081 157 31
8082 157 33
8083 157 35
8084 157 36
8085 157 37
8086 157 40
8087 157 41
8088 157 42
8089 157 44
8090 157 45
8091 157 46
8092 157 50
8093 157 53
8094 157 55
8095 157 56
8096 157 60
8097 157 64
8098 157 66
8099 157 70
8100 157 71
8101 157 72
8102 157 73
8103 157 76
8104 157 77
8105 157 78
8106 157 79
8107 157 80
8108 157 81
8109 157 82
8110 157 83
8111 157 84
8112 157 86
8113 157 87
8114 157 91
8115 157 92
8116 157 93
8117 157 94
8118 157 95
8119 157 96
8120 157 97
8121 157 98
8122 157 99
8123 157 100
8124 157 101
8125 157 106
8126 157 107
8127 157 109
8128 157 110
8129 157 111
8130 157 112
8131 157 113
8132 157 114
8133 157 119
8134 157 120
8135 157 121
8136 157 127
8137 157 128
8138 157 129
8139 157 130
8140 157 131
8141 157 134
8142 157 146
8143 157 147
8144 157 149
8145 157 150
8146 157 151
8147 157 152
8148 157 153
8149 157 154
8150 157 155
8151 157 156
8152 157 157
8153 157 158
8154 157 159
8155 157 160
8156 158 1
8157 158 3
8158 158 7
8159 158 9
8160 158 11
8161 158 15
8162 158 17
8163 158 19
8164 158 25
8165 158 26
8166 158 27
8167 158 32
8168 158 34
8169 158 38
8170 158 39
8171 158 43
8172 158 44
8173 158 46
8174 158 50
8175 158 53
8176 158 55
8177 158 56
8178 158 60
8179 158 61
8180 158 64
8181 158 66
8182 158 70
8183 158 73
8184 158 76
8185 158 84
8186 158 86
8187 158 87
8188 158 91
8189 158 102
8190 158 103
8191 158 104
8192 158 105
8193 158 107
8194 158 115
8195 158 116
8196 158 117
8197 158 118
8198 158 125
8199 158 126
8200 158 132
8201 158 134
8202 158 146
8203 158 147
8204 158 149
8205 158 160
8206 159 1
8207 159 3
8208 159 7
8209 159 9
8210 159 11
8211 159 15
8212 159 17
8213 159 19
8214 159 25
8215 159 27
8216 159 32
8217 159 34
8218 159 38
8219 159 39
8220 159 43
8221 159 44
8222 159 46
8223 159 50
8224 159 53
8225 159 57
8226 159 58
8227 159 59
8228 159 62
8229 159 64
8230 159 66
8231 159 70
8232 159 73
8233 159 76
8234 159 84
8235 159 86
8236 159 87
8237 159 91
8238 159 101
8239 159 102
8240 159 103
8241 159 104
8242 159 105
8243 159 106
8244 159 107
8245 159 115
8246 159 116
8247 159 117
8248 159 118
8249 159 125
8250 159 126
8251 159 132
8252 159 133
8253 159 134
8254 159 146
8255 159 147
8256 159 149
8257 159 160
8258 160 1
8259 160 2
8260 160 3
8261 160 7
8262 160 9
8263 160 10
8264 160 11
8265 160 15
8266 160 17
8267 160 18
8268 160 19
8269 160 25
8270 160 26
8271 160 27
8272 160 32
8273 160 33
8274 160 34
8275 160 38
8276 160 39
8277 160 43
8278 160 44
8279 160 46
8280 160 50
8281 160 51
8282 160 52
8283 160 53
8284 160 57
8285 160 58
8286 160 59
8287 160 62
8288 160 63
8289 160 64
8290 160 66
8291 160 70
8292 160 71
8293 160 72
8294 160 73
8295 160 76
8296 160 77
8297 160 78
8298 160 79
8299 160 80
8300 160 81
8301 160 82
8302 160 83
8303 160 84
8304 160 86
8305 160 87
8306 160 91
8307 160 92
8308 160 93
8309 160 94
8310 160 95
8311 160 96
8312 160 97
8313 160 98
8314 160 99
8315 160 100
8316 160 108
8317 160 109
8318 160 110
8319 160 111
8320 160 112
8321 160 113
8322 160 114
8323 160 119
8324 160 120
8325 160 121
8326 160 122
8327 160 123
8328 160 124
8329 160 127
8330 160 128
8331 160 129
8332 160 130
8333 160 131
8334 160 146
8335 160 147
8336 160 149
8337 160 150
8338 160 151
8339 160 152
8340 160 153
8341 160 154
8342 160 155
8343 160 156
8344 160 157
8345 160 158
8346 160 159
8347 160 160
