5270
0 0 4
1 0 5
2 0 11
3 0 12
4 0 13
5 0 24
6 0 25
7 0 26
8 0 27
9 0 28
10 0 29
11 0 30
12 0 31
13 0 32
14 0 33
15 0 34
16 0 35
17 0 36
18 0 37
19 0 38
20 0 39
21 0 40
22 0 41
23 0 42
24 0 82
25 0 83
26 0 84
27 0 85
28 0 86
29 0 87
30 0 88
31 0 89
32 0 90
33 0 91
34 0 92
35 0 93
36 0 94
37 0 95
38 0 96
39 0 97
40 0 98
41 0 99
42 0 100
43 0 101
44 0 113
45 0 114
46 0 115
47 0 116
48 0 117
49 0 118
50 1 4
51 1 5
52 1 11
53 1 13
54 1 24
55 1 42
56 1 45
57 1 46
58 1 47
59 1 48
60 1 49
61 1 50
62 1 51
63 1 52
64 1 53
65 1 54
66 1 55
67 1 56
68 1 57
69 1 58
70 1 59
71 1 60
72 1 61
73 1 62
74 1 63
75 1 64
76 1 65
77 1 66
78 1 67
79 1 68
80 1 69
81 1 70
82 1 71
83 1 72
84 1 78
85 1 79
86 1 80
87 1 81
88 1 84
89 1 102
90 1 103
91 1 104
92 1 105
93 1 106
94 1 107
95 1 108
96 1 109
97 1 110
98 1 111
99 1 112
100 1 117
101 1 118
102 2 4
103 2 6
104 2 7
105 2 8
106 2 9
107 2 10
108 2 12
109 2 13
110 2 24
111 2 42
112 2 45
113 2 72
114 2 78
115 2 84
116 2 112
117 2 117
118 2 118
119 2 122
120 2 123
121 2 124
122 2 125
123 2 126
124 2 127
125 2 128
126 3 2
127 3 3
128 3 4
129 3 6
130 3 11
131 3 20
132 3 21
133 3 24
134 3 25
135 3 26
136 3 27
137 3 28
138 3 29
139 3 30
140 3 32
141 3 33
142 3 34
143 3 35
144 3 36
145 3 37
146 3 42
147 3 45
148 3 46
149 3 47
150 3 48
151 3 49
152 3 50
153 3 51
154 3 52
155 3 53
156 3 54
157 3 55
158 3 56
159 3 57
160 3 58
161 3 59
162 3 60
163 3 61
164 3 72
165 3 78
166 3 84
167 3 112
168 3 117
169 3 118
170 3 122
171 3 128
172 4 2
173 4 4
174 4 6
175 4 11
176 4 20
177 4 21
178 4 31
179 4 38
180 4 42
181 4 62
182 4 72
183 4 78
184 4 84
185 4 113
186 4 114
187 4 115
188 4 117
189 4 118
190 4 122
191 4 128
192 5 2
193 5 3
194 5 4
195 5 6
196 5 7
197 5 11
198 5 20
199 5 21
200 5 31
201 5 38
202 5 42
203 5 62
204 5 63
205 5 64
206 5 65
207 5 66
208 5 67
209 5 68
210 5 69
211 5 70
212 5 71
213 5 72
214 5 77
215 5 78
216 5 84
217 5 95
218 5 96
219 5 97
220 5 98
221 5 115
222 5 117
223 5 118
224 5 122
225 5 128
226 6 1
227 6 8
228 6 11
229 6 20
230 6 21
231 6 31
232 6 38
233 6 39
234 6 40
235 6 41
236 6 42
237 6 48
238 6 49
239 6 50
240 6 51
241 6 52
242 6 53
243 6 54
244 6 55
245 6 56
246 6 57
247 6 58
248 6 59
249 6 60
250 6 61
251 6 73
252 6 74
253 6 75
254 6 76
255 6 78
256 6 84
257 6 89
258 6 90
259 6 91
260 6 92
261 6 93
262 6 94
263 6 99
264 6 115
265 6 117
266 6 118
267 6 122
268 6 128
269 7 1
270 7 8
271 7 11
272 7 20
273 7 21
274 7 31
275 7 38
276 7 43
277 7 44
278 7 48
279 7 61
280 7 76
281 7 78
282 7 84
283 7 85
284 7 86
285 7 87
286 7 88
287 7 99
288 7 115
289 7 117
290 7 118
291 7 121
292 7 128
293 8 1
294 8 8
295 8 9
296 8 10
297 8 11
298 8 20
299 8 22
300 8 23
301 8 31
302 8 43
303 8 44
304 8 48
305 8 57
306 8 58
307 8 59
308 8 60
309 8 61
310 8 76
311 8 77
312 8 78
313 8 99
314 8 115
315 8 117
316 8 118
317 8 121
318 8 128
319 9 1
320 9 20
321 9 21
322 9 22
323 9 23
324 9 31
325 9 43
326 9 44
327 9 48
328 9 56
329 9 67
330 9 68
331 9 69
332 9 70
333 9 71
334 9 72
335 9 73
336 9 74
337 9 75
338 9 99
339 9 115
340 9 117
341 9 118
342 9 121
343 9 128
344 10 1
345 10 7
346 10 8
347 10 9
348 10 10
349 10 11
350 10 15
351 10 16
352 10 17
353 10 18
354 10 19
355 10 24
356 10 25
357 10 26
358 10 27
359 10 28
360 10 31
361 10 43
362 10 44
363 10 48
364 10 56
365 10 67
366 10 68
367 10 69
368 10 70
369 10 71
370 10 72
371 10 73
372 10 74
373 10 75
374 10 99
375 10 100
376 10 101
377 10 102
378 10 103
379 10 104
380 10 105
381 10 106
382 10 107
383 10 108
384 10 109
385 10 110
386 10 111
387 10 112
388 10 113
389 10 115
390 10 117
391 10 118
392 10 121
393 10 122
394 10 123
395 10 128
396 11 1
397 11 7
398 11 11
399 11 15
400 11 19
401 11 24
402 11 28
403 11 31
404 11 43
405 11 44
406 11 48
407 11 56
408 11 86
409 11 89
410 11 114
411 11 115
412 11 117
413 11 119
414 11 120
415 11 124
416 11 125
417 11 128
418 12 1
419 12 7
420 12 11
421 12 15
422 12 19
423 12 24
424 12 28
425 12 31
426 12 43
427 12 44
428 12 48
429 12 56
430 12 86
431 12 90
432 12 91
433 12 92
434 12 114
435 12 115
436 12 117
437 12 118
438 12 126
439 12 128
440 13 1
441 13 7
442 13 11
443 13 15
444 13 19
445 13 24
446 13 28
447 13 31
448 13 43
449 13 44
450 13 48
451 13 56
452 13 86
453 13 90
454 13 91
455 13 92
456 13 114
457 13 115
458 13 117
459 13 118
460 13 126
461 13 128
462 13 160
463 14 1
464 14 7
465 14 11
466 14 15
467 14 18
468 14 20
469 14 21
470 14 22
471 14 23
472 14 28
473 14 31
474 14 43
475 14 44
476 14 48
477 14 57
478 14 58
479 14 81
480 14 82
481 14 83
482 14 84
483 14 85
484 14 87
485 14 88
486 14 89
487 14 114
488 14 115
489 14 117
490 14 118
491 14 126
492 14 128
493 14 160
494 15 1
495 15 7
496 15 8
497 15 9
498 15 10
499 15 11
500 15 15
501 15 18
502 15 20
503 15 28
504 15 31
505 15 40
506 15 43
507 15 44
508 15 48
509 15 49
510 15 50
511 15 51
512 15 52
513 15 58
514 15 81
515 15 85
516 15 87
517 15 89
518 15 114
519 15 115
520 15 117
521 15 118
522 15 127
523 15 128
524 15 160
525 16 0
526 16 1
527 16 7
528 16 15
529 16 17
530 16 18
531 16 20
532 16 28
533 16 31
534 16 40
535 16 43
536 16 45
537 16 46
538 16 47
539 16 53
540 16 58
541 16 81
542 16 85
543 16 87
544 16 89
545 16 114
546 16 115
547 16 117
548 16 118
549 16 127
550 16 129
551 16 130
552 16 131
553 16 132
554 16 133
555 16 134
556 16 160
557 17 0
558 17 1
559 17 7
560 17 15
561 17 16
562 17 19
563 17 28
564 17 31
565 17 40
566 17 43
567 17 47
568 17 53
569 17 56
570 17 57
571 17 58
572 17 78
573 17 79
574 17 80
575 17 85
576 17 87
577 17 89
578 17 114
579 17 115
580 17 117
581 17 118
582 17 127
583 17 131
584 17 132
585 17 133
586 17 134
587 17 135
588 17 136
589 17 160
590 18 0
591 18 1
592 18 15
593 18 16
594 18 19
595 18 24
596 18 25
597 18 28
598 18 31
599 18 40
600 18 43
601 18 47
602 18 53
603 18 55
604 18 78
605 18 85
606 18 87
607 18 89
608 18 114
609 18 115
610 18 117
611 18 118
612 18 127
613 18 130
614 18 135
615 18 136
616 18 158
617 18 159
618 19 2
619 19 3
620 19 4
621 19 5
622 19 6
623 19 7
624 19 15
625 19 16
626 19 19
627 19 23
628 19 26
629 19 27
630 19 28
631 19 31
632 19 40
633 19 43
634 19 47
635 19 53
636 19 55
637 19 78
638 19 85
639 19 87
640 19 89
641 19 114
642 19 115
643 19 127
644 19 130
645 19 137
646 19 138
647 19 139
648 19 140
649 19 141
650 19 142
651 19 143
652 19 144
653 19 145
654 19 146
655 19 147
656 19 148
657 19 149
658 19 150
659 19 151
660 19 152
661 20 0
662 20 1
663 20 7
664 20 9
665 20 17
666 20 18
667 20 23
668 20 31
669 20 40
670 20 43
671 20 47
672 20 53
673 20 55
674 20 78
675 20 85
676 20 87
677 20 89
678 20 114
679 20 115
680 20 127
681 20 130
682 20 137
683 20 152
684 20 155
685 20 156
686 20 157
687 21 0
688 21 7
689 21 9
690 21 10
691 21 11
692 21 12
693 21 13
694 21 14
695 21 15
696 21 16
697 21 24
698 21 25
699 21 31
700 21 40
701 21 43
702 21 47
703 21 53
704 21 55
705 21 78
706 21 85
707 21 87
708 21 88
709 21 89
710 21 108
711 21 109
712 21 110
713 21 111
714 21 112
715 21 113
716 21 127
717 21 128
718 21 129
719 21 130
720 21 137
721 21 138
722 21 139
723 21 140
724 21 141
725 21 142
726 21 143
727 21 144
728 21 145
729 21 146
730 21 147
731 21 148
732 21 149
733 21 150
734 21 151
735 21 152
736 21 154
737 22 0
738 22 7
739 22 9
740 22 25
741 22 40
742 22 43
743 22 47
744 22 53
745 22 55
746 22 78
747 22 86
748 22 90
749 22 91
750 22 92
751 22 93
752 22 94
753 22 95
754 22 96
755 22 97
756 22 98
757 23 0
758 23 7
759 23 9
760 23 25
761 23 40
762 23 43
763 23 44
764 23 45
765 23 46
766 23 47
767 23 50
768 23 51
769 23 52
770 23 53
771 23 54
772 23 55
773 23 71
774 23 72
775 23 73
776 23 74
777 23 75
778 23 78
779 23 79
780 23 80
781 23 81
782 23 82
783 23 83
784 23 84
785 23 85
786 23 86
787 23 90
788 23 91
789 23 92
790 23 93
791 23 94
792 23 95
793 23 96
794 23 97
795 23 98
796 24 0
797 24 7
798 24 9
799 24 10
800 24 11
801 24 12
802 24 13
803 24 14
804 24 15
805 24 16
806 24 17
807 24 18
808 24 19
809 24 20
810 24 21
811 24 22
812 24 23
813 24 24
814 24 25
815 24 48
816 24 49
817 24 56
818 24 57
819 24 58
820 24 59
821 24 60
822 24 61
823 24 99
824 24 100
825 24 101
826 24 102
827 24 103
828 24 104
829 24 105
830 25 0
831 25 7
832 25 9
833 25 31
834 25 48
835 25 49
836 25 56
837 25 57
838 25 58
839 25 59
840 25 60
841 25 61
842 25 106
843 25 107
844 26 0
845 26 7
846 26 9
847 26 31
848 26 47
849 26 50
850 26 51
851 26 52
852 26 53
853 26 54
854 26 55
855 26 62
856 26 63
857 26 64
858 26 65
859 26 66
860 26 67
861 26 68
862 26 69
863 26 70
864 26 71
865 26 72
866 26 73
867 26 74
868 26 75
869 26 78
870 26 79
871 26 80
872 26 81
873 26 82
874 26 83
875 26 84
876 26 85
877 26 86
878 26 90
879 26 91
880 26 92
881 26 93
882 26 94
883 26 95
884 26 96
885 26 99
886 26 100
887 26 101
888 26 102
889 26 103
890 26 104
891 27 0
892 27 7
893 27 9
894 27 47
895 27 50
896 27 51
897 27 52
898 27 53
899 27 54
900 27 55
901 27 62
902 27 75
903 27 78
904 27 79
905 27 80
906 27 81
907 27 82
908 27 83
909 27 84
910 27 85
911 27 86
912 27 90
913 27 97
914 27 98
915 27 105
916 27 106
917 27 107
918 28 0
919 28 7
920 28 9
921 28 48
922 28 49
923 28 56
924 28 57
925 28 58
926 28 59
927 28 60
928 28 61
929 28 75
930 28 90
931 28 91
932 28 92
933 28 93
934 28 94
935 28 95
936 28 96
937 28 98
938 28 105
939 28 107
940 28 115
941 29 0
942 29 7
943 29 9
944 29 48
945 29 49
946 29 56
947 29 64
948 29 65
949 29 66
950 29 67
951 29 68
952 29 69
953 29 70
954 29 71
955 29 72
956 29 73
957 29 74
958 29 75
959 29 97
960 29 98
961 29 105
962 29 108
963 29 109
964 29 110
965 29 111
966 29 112
967 29 113
968 29 114
969 29 116
970 29 117
971 29 118
972 29 141
973 30 0
974 30 7
975 30 9
976 30 15
977 30 16
978 30 17
979 30 18
980 30 19
981 30 20
982 30 21
983 30 22
984 30 23
985 30 24
986 30 25
987 30 48
988 30 49
989 30 56
990 30 63
991 30 76
992 30 77
993 30 78
994 30 79
995 30 80
996 30 87
997 30 88
998 30 89
999 30 90
1000 30 91
1001 30 92
1002 30 93
1003 30 94
1004 30 95
1005 30 96
1006 30 105
1007 30 114
1008 30 116
1009 30 117
1010 31 0
1011 31 7
1012 31 9
1013 31 15
1014 31 26
1015 31 27
1016 31 28
1017 31 30
1018 31 31
1019 31 48
1020 31 49
1021 31 56
1022 31 57
1023 31 58
1024 31 59
1025 31 60
1026 31 61
1027 31 62
1028 31 63
1029 31 76
1030 31 81
1031 31 82
1032 31 83
1033 31 84
1034 31 85
1035 31 86
1036 31 97
1037 31 98
1038 31 99
1039 31 100
1040 31 101
1041 31 102
1042 31 103
1043 31 104
1044 31 114
1045 31 116
1046 31 117
1047 32 0
1048 32 7
1049 32 9
1050 32 15
1051 32 28
1052 32 30
1053 32 31
1054 32 47
1055 32 50
1056 32 51
1057 32 52
1058 32 53
1059 32 54
1060 32 55
1061 32 76
1062 32 86
1063 32 97
1064 32 114
1065 32 116
1066 32 117
1067 33 0
1068 33 7
1069 33 9
1070 33 15
1071 33 28
1072 33 30
1073 33 31
1074 33 47
1075 33 50
1076 33 55
1077 33 76
1078 33 77
1079 33 78
1080 33 79
1081 33 80
1082 33 81
1083 33 82
1084 33 83
1085 33 84
1086 33 85
1087 33 86
1088 33 97
1089 33 98
1090 33 99
1091 33 100
1092 33 101
1093 33 102
1094 33 103
1095 33 104
1096 33 105
1097 33 106
1098 33 107
1099 33 108
1100 33 109
1101 33 110
1102 33 114
1103 33 116
1104 33 117
1105 33 118
1106 33 119
1107 33 120
1108 33 121
1109 33 129
1110 33 134
1111 34 0
1112 34 7
1113 34 9
1114 34 15
1115 34 28
1116 34 30
1117 34 31
1118 34 47
1119 34 50
1120 34 55
1121 34 87
1122 34 88
1123 34 89
1124 34 90
1125 34 91
1126 34 92
1127 34 93
1128 34 94
1129 34 95
1130 34 96
1131 34 111
1132 34 114
1133 35 0
1134 35 7
1135 35 9
1136 35 15
1137 35 28
1138 35 30
1139 35 31
1140 35 47
1141 35 50
1142 35 53
1143 35 54
1144 35 55
1145 35 87
1146 35 88
1147 35 89
1148 35 90
1149 35 91
1150 35 92
1151 35 93
1152 35 94
1153 35 96
1154 35 112
1155 35 114
1156 36 0
1157 36 7
1158 36 9
1159 36 15
1160 36 28
1161 36 30
1162 36 31
1163 36 47
1164 36 50
1165 36 52
1166 36 95
1167 36 96
1168 36 106
1169 36 107
1170 36 108
1171 36 109
1172 36 110
1173 36 111
1174 36 114
1175 37 0
1176 37 4
1177 37 5
1178 37 6
1179 37 7
1180 37 9
1181 37 15
1182 37 28
1183 37 30
1184 37 31
1185 37 47
1186 37 50
1187 37 52
1188 37 95
1189 37 96
1190 37 106
1191 37 114
1192 38 0
1193 38 3
1194 38 8
1195 38 9
1196 38 15
1197 38 25
1198 38 26
1199 38 27
1200 38 28
1201 38 30
1202 38 31
1203 38 50
1204 38 52
1205 38 95
1206 38 96
1207 38 106
1208 38 107
1209 38 110
1210 38 111
1211 38 112
1212 38 113
1213 38 114
1214 39 0
1215 39 3
1216 39 8
1217 39 9
1218 39 15
1219 39 24
1220 39 30
1221 39 31
1222 39 50
1223 39 52
1224 39 95
1225 39 97
1226 39 98
1227 39 99
1228 39 100
1229 39 101
1230 39 102
1231 39 103
1232 39 104
1233 39 105
1234 39 108
1235 39 109
1236 40 0
1237 40 3
1238 40 8
1239 40 9
1240 40 15
1241 40 17
1242 40 18
1243 40 19
1244 40 20
1245 40 21
1246 40 22
1247 40 23
1248 40 24
1249 40 30
1250 40 31
1251 40 50
1252 40 52
1253 40 95
1254 40 105
1255 40 108
1256 40 109
1257 41 0
1258 41 3
1259 41 8
1260 41 9
1261 41 11
1262 41 12
1263 41 13
1264 41 14
1265 41 16
1266 41 50
1267 41 52
1268 41 95
1269 41 105
1270 41 108
1271 41 109
1272 42 0
1273 42 3
1274 42 8
1275 42 9
1276 42 11
1277 42 16
1278 42 50
1279 42 53
1280 42 54
1281 42 55
1282 42 56
1283 42 57
1284 42 58
1285 42 59
1286 42 60
1287 42 61
1288 42 62
1289 42 63
1290 42 64
1291 42 65
1292 42 66
1293 42 67
1294 42 68
1295 42 69
1296 42 70
1297 42 71
1298 42 72
1299 42 73
1300 42 74
1301 42 75
1302 42 76
1303 42 77
1304 42 78
1305 42 95
1306 42 96
1307 42 97
1308 42 105
1309 42 108
1310 42 109
1311 42 155
1312 42 156
1313 42 157
1314 42 158
1315 42 159
1316 43 0
1317 43 3
1318 43 8
1319 43 9
1320 43 11
1321 43 16
1322 43 37
1323 43 40
1324 43 50
1325 43 51
1326 43 52
1327 43 53
1328 43 54
1329 43 55
1330 43 56
1331 43 57
1332 43 58
1333 43 59
1334 43 60
1335 43 61
1336 43 62
1337 43 63
1338 43 64
1339 43 65
1340 43 66
1341 43 67
1342 43 78
1343 43 98
1344 43 105
1345 43 108
1346 43 109
1347 43 111
1348 43 112
1349 43 113
1350 43 114
1351 43 160
1352 44 0
1353 44 3
1354 44 8
1355 44 9
1356 44 11
1357 44 13
1358 44 14
1359 44 15
1360 44 16
1361 44 48
1362 44 49
1363 44 68
1364 44 78
1365 44 98
1366 44 105
1367 44 108
1368 44 109
1369 44 111
1370 44 112
1371 44 113
1372 44 114
1373 44 160
1374 45 0
1375 45 3
1376 45 8
1377 45 9
1378 45 11
1379 45 12
1380 45 17
1381 45 18
1382 45 19
1383 45 20
1384 45 21
1385 45 22
1386 45 48
1387 45 49
1388 45 68
1389 45 69
1390 45 70
1391 45 71
1392 45 72
1393 45 73
1394 45 74
1395 45 78
1396 45 98
1397 45 105
1398 45 110
1399 45 115
1400 45 160
1401 46 0
1402 46 3
1403 46 8
1404 46 9
1405 46 11
1406 46 12
1407 46 23
1408 46 24
1409 46 25
1410 46 26
1411 46 27
1412 46 28
1413 46 30
1414 46 31
1415 46 32
1416 46 33
1417 46 34
1418 46 40
1419 46 41
1420 46 42
1421 46 43
1422 46 44
1423 46 45
1424 46 50
1425 46 51
1426 46 52
1427 46 53
1428 46 54
1429 46 55
1430 46 56
1431 46 57
1432 46 58
1433 46 59
1434 46 60
1435 46 75
1436 46 78
1437 46 98
1438 46 99
1439 46 100
1440 46 101
1441 46 102
1442 46 103
1443 46 104
1444 46 105
1445 46 110
1446 46 115
1447 46 116
1448 46 117
1449 46 118
1450 46 119
1451 46 120
1452 46 121
1453 46 153
1454 46 154
1455 47 1
1456 47 3
1457 47 8
1458 47 9
1459 47 11
1460 47 12
1461 47 23
1462 47 28
1463 47 30
1464 47 34
1465 47 40
1466 47 45
1467 47 48
1468 47 49
1469 47 52
1470 47 53
1471 47 54
1472 47 55
1473 47 56
1474 47 57
1475 47 58
1476 47 59
1477 47 60
1478 47 75
1479 47 78
1480 47 106
1481 47 107
1482 47 108
1483 47 109
1484 47 111
1485 47 112
1486 47 113
1487 47 114
1488 47 122
1489 47 123
1490 47 124
1491 47 125
1492 47 126
1493 47 127
1494 47 128
1495 47 129
1496 47 134
1497 47 135
1498 47 136
1499 47 137
1500 47 138
1501 47 153
1502 47 154
1503 47 160
1504 48 1
1505 48 3
1506 48 8
1507 48 9
1508 48 11
1509 48 12
1510 48 23
1511 48 28
1512 48 30
1513 48 31
1514 48 32
1515 48 33
1516 48 34
1517 48 40
1518 48 41
1519 48 42
1520 48 43
1521 48 44
1522 48 45
1523 48 48
1524 48 49
1525 48 76
1526 48 77
1527 48 78
1528 48 103
1529 48 104
1530 48 106
1531 48 107
1532 48 108
1533 48 109
1534 48 111
1535 48 112
1536 48 113
1537 48 114
1538 48 122
1539 48 123
1540 48 124
1541 48 125
1542 48 126
1543 48 127
1544 48 128
1545 48 129
1546 48 134
1547 48 135
1548 48 136
1549 48 137
1550 48 138
1551 48 153
1552 48 154
1553 48 160
1554 49 1
1555 49 3
1556 49 8
1557 49 9
1558 49 11
1559 49 12
1560 49 23
1561 49 28
1562 49 110
1563 49 115
1564 49 116
1565 49 117
1566 49 118
1567 49 119
1568 49 120
1569 49 121
1570 50 1
1571 50 3
1572 50 8
1573 50 9
1574 50 11
1575 50 12
1576 50 23
1577 50 24
1578 50 25
1579 50 26
1580 50 27
1581 50 28
1582 50 110
1583 50 117
1584 50 118
1585 50 119
1586 50 120
1587 50 121
1588 51 1
1589 51 3
1590 51 8
1591 51 9
1592 51 11
1593 51 12
1594 51 29
1595 51 30
1596 51 31
1597 51 32
1598 51 33
1599 51 34
1600 51 40
1601 51 41
1602 51 42
1603 51 43
1604 51 44
1605 51 45
1606 51 48
1607 51 49
1608 51 59
1609 51 60
1610 51 66
1611 51 67
1612 51 68
1613 51 69
1614 51 70
1615 51 71
1616 51 72
1617 51 73
1618 51 74
1619 51 90
1620 51 91
1621 51 92
1622 51 93
1623 51 94
1624 51 95
1625 51 96
1626 52 1
1627 52 3
1628 52 8
1629 52 9
1630 52 11
1631 52 12
1632 52 29
1633 52 34
1634 52 40
1635 52 45
1636 52 48
1637 52 49
1638 52 59
1639 52 61
1640 52 62
1641 52 63
1642 52 64
1643 52 65
1644 52 74
1645 52 79
1646 52 80
1647 52 81
1648 52 82
1649 52 83
1650 52 84
1651 52 85
1652 52 86
1653 52 87
1654 52 88
1655 52 89
1656 52 97
1657 52 98
1658 52 99
1659 52 100
1660 52 101
1661 52 102
1662 52 105
1663 52 106
1664 53 1
1665 53 3
1666 53 8
1667 53 9
1668 53 11
1669 53 12
1670 53 29
1671 53 34
1672 53 40
1673 53 45
1674 53 48
1675 53 49
1676 53 59
1677 53 61
1678 53 62
1679 53 63
1680 53 64
1681 53 65
1682 53 66
1683 53 67
1684 53 68
1685 53 69
1686 53 70
1687 53 71
1688 53 72
1689 53 73
1690 53 74
1691 53 79
1692 53 80
1693 53 90
1694 53 91
1695 53 92
1696 54 1
1697 54 3
1698 54 8
1699 54 9
1700 54 11
1701 54 12
1702 54 29
1703 54 34
1704 54 40
1705 54 45
1706 54 48
1707 54 49
1708 54 75
1709 54 76
1710 54 77
1711 54 78
1712 54 81
1713 54 82
1714 54 83
1715 54 84
1716 54 85
1717 54 86
1718 54 87
1719 54 88
1720 54 89
1721 54 90
1722 54 91
1723 54 92
1724 54 134
1725 54 135
1726 54 136
1727 54 137
1728 54 138
1729 54 141
1730 54 160
1731 55 1
1732 55 4
1733 55 5
1734 55 6
1735 55 7
1736 55 10
1737 55 12
1738 55 29
1739 55 30
1740 55 31
1741 55 32
1742 55 33
1743 55 34
1744 55 40
1745 55 41
1746 55 42
1747 55 43
1748 55 44
1749 55 45
1750 55 48
1751 55 49
1752 55 134
1753 55 138
1754 55 141
1755 55 160
1756 56 1
1757 56 7
1758 56 10
1759 56 12
1760 56 20
1761 56 21
1762 56 22
1763 56 23
1764 56 24
1765 56 25
1766 56 26
1767 56 27
1768 56 28
1769 56 134
1770 56 138
1771 56 141
1772 56 160
1773 57 1
1774 57 7
1775 57 10
1776 57 11
1777 57 12
1778 57 20
1779 57 28
1780 57 134
1781 57 138
1782 57 141
1783 57 160
1784 58 1
1785 58 8
1786 58 9
1787 58 20
1788 58 28
1789 58 109
1790 58 110
1791 58 134
1792 58 137
1793 58 138
1794 58 141
1795 58 160
1796 59 1
1797 59 8
1798 59 9
1799 59 20
1800 59 29
1801 59 30
1802 59 31
1803 59 32
1804 59 33
1805 59 34
1806 59 40
1807 59 41
1808 59 42
1809 59 43
1810 59 44
1811 59 45
1812 59 120
1813 59 124
1814 59 125
1815 59 126
1816 59 127
1817 59 134
1818 59 136
1819 59 160
1820 60 1
1821 60 7
1822 60 10
1823 60 11
1824 60 12
1825 60 13
1826 60 14
1827 60 15
1828 60 20
1829 60 34
1830 60 40
1831 60 45
1832 60 109
1833 60 120
1834 60 124
1835 60 127
1836 60 134
1837 60 136
1838 60 160
1839 61 1
1840 61 2
1841 61 3
1842 61 4
1843 61 5
1844 61 6
1845 61 7
1846 61 10
1847 61 15
1848 61 20
1849 61 34
1850 61 40
1851 61 45
1852 61 48
1853 61 109
1854 61 116
1855 61 117
1856 61 118
1857 61 119
1858 61 120
1859 61 124
1860 61 127
1861 61 134
1862 61 136
1863 61 160
1864 62 8
1865 62 10
1866 62 15
1867 62 20
1868 62 21
1869 62 22
1870 62 23
1871 62 24
1872 62 25
1873 62 26
1874 62 27
1875 62 28
1876 62 29
1877 62 30
1878 62 31
1879 62 32
1880 62 33
1881 62 34
1882 62 40
1883 62 41
1884 62 42
1885 62 43
1886 62 44
1887 62 45
1888 62 48
1889 62 109
1890 62 121
1891 62 122
1892 62 123
1893 62 124
1894 62 125
1895 62 126
1896 62 127
1897 62 134
1898 62 135
1899 62 136
1900 62 160
1901 63 8
1902 63 10
1903 63 15
1904 63 35
1905 63 36
1906 63 37
1907 63 38
1908 63 39
1909 63 46
1910 63 47
1911 63 49
1912 63 50
1913 63 51
1914 63 52
1915 63 53
1916 63 54
1917 63 55
1918 63 56
1919 63 57
1920 63 58
1921 63 59
1922 63 60
1923 63 61
1924 63 62
1925 63 63
1926 63 64
1927 63 65
1928 63 66
1929 63 107
1930 63 108
1931 63 110
1932 63 160
1933 64 8
1934 64 10
1935 64 15
1936 64 17
1937 64 18
1938 64 19
1939 64 20
1940 64 21
1941 64 35
1942 64 39
1943 64 46
1944 64 47
1945 64 67
1946 64 68
1947 64 69
1948 64 70
1949 64 71
1950 64 72
1951 64 73
1952 64 74
1953 64 107
1954 64 108
1955 64 110
1956 64 160
1957 65 8
1958 65 10
1959 65 16
1960 65 21
1961 65 35
1962 65 39
1963 65 46
1964 65 48
1965 65 49
1966 65 50
1967 65 51
1968 65 52
1969 65 53
1970 65 54
1971 65 55
1972 65 56
1973 65 57
1974 65 58
1975 65 59
1976 65 60
1977 65 61
1978 65 62
1979 65 63
1980 65 64
1981 65 65
1982 65 66
1983 65 70
1984 65 74
1985 65 76
1986 65 77
1987 65 78
1988 65 79
1989 65 80
1990 65 81
1991 65 107
1992 65 108
1993 65 110
1994 65 116
1995 65 117
1996 65 118
1997 65 119
1998 65 120
1999 65 121
2000 65 122
2001 65 123
2002 65 124
2003 65 125
2004 65 126
2005 65 127
2006 65 160
2007 66 8
2008 66 10
2009 66 21
2010 66 35
2011 66 36
2012 66 37
2013 66 38
2014 66 39
2015 66 46
2016 66 47
2017 66 48
2018 66 49
2019 66 50
2020 66 51
2021 66 52
2022 66 53
2023 66 54
2024 66 55
2025 66 56
2026 66 57
2027 66 58
2028 66 59
2029 66 60
2030 66 61
2031 66 62
2032 66 63
2033 66 64
2034 66 65
2035 66 66
2036 66 70
2037 66 71
2038 66 72
2039 66 73
2040 66 74
2041 66 76
2042 66 77
2043 66 78
2044 66 79
2045 66 107
2046 66 108
2047 66 110
2048 66 116
2049 66 127
2050 66 160
2051 67 8
2052 67 9
2053 67 21
2054 67 32
2055 67 33
2056 67 34
2057 67 40
2058 67 41
2059 67 42
2060 67 43
2061 67 44
2062 67 45
2063 67 107
2064 67 108
2065 67 116
2066 67 127
2067 67 160
2068 68 8
2069 68 9
2070 68 10
2071 68 11
2072 68 12
2073 68 13
2074 68 14
2075 68 15
2076 68 16
2077 68 17
2078 68 18
2079 68 19
2080 68 20
2081 68 21
2082 68 32
2083 68 33
2084 68 34
2085 68 40
2086 68 41
2087 68 42
2088 68 43
2089 68 44
2090 68 45
2091 68 107
2092 68 109
2093 68 116
2094 68 128
2095 68 129
2096 68 134
2097 68 135
2098 68 136
2099 68 137
2100 68 160
2101 69 1
2102 69 2
2103 69 3
2104 69 4
2105 69 5
2106 69 6
2107 69 7
2108 69 22
2109 69 23
2110 69 24
2111 69 25
2112 69 26
2113 69 27
2114 69 28
2115 69 29
2116 69 30
2117 69 31
2118 69 87
2119 69 88
2120 69 89
2121 69 90
2122 69 91
2123 69 92
2124 69 93
2125 69 94
2126 69 95
2127 69 96
2128 69 107
2129 69 109
2130 69 116
2131 69 117
2132 69 118
2133 69 119
2134 69 120
2135 69 121
2136 69 122
2137 69 123
2138 69 124
2139 69 125
2140 69 126
2141 69 127
2142 69 128
2143 69 129
2144 69 134
2145 69 137
2146 69 160
2147 70 1
2148 70 7
2149 70 22
2150 70 31
2151 70 40
2152 70 41
2153 70 42
2154 70 43
2155 70 44
2156 70 45
2157 70 82
2158 70 83
2159 70 86
2160 70 96
2161 70 107
2162 70 109
2163 70 113
2164 70 114
2165 70 115
2166 70 130
2167 70 131
2168 70 134
2169 70 136
2170 70 137
2171 70 141
2172 70 156
2173 70 157
2174 70 158
2175 70 159
2176 70 160
2177 71 1
2178 71 3
2179 71 4
2180 71 5
2181 71 6
2182 71 7
2183 71 10
2184 71 11
2185 71 12
2186 71 13
2187 71 14
2188 71 15
2189 71 16
2190 71 17
2191 71 22
2192 71 23
2193 71 24
2194 71 25
2195 71 26
2196 71 27
2197 71 28
2198 71 29
2199 71 30
2200 71 31
2201 71 40
2202 71 41
2203 71 42
2204 71 43
2205 71 44
2206 71 45
2207 71 49
2208 71 50
2209 71 51
2210 71 52
2211 71 53
2212 71 54
2213 71 55
2214 71 56
2215 71 57
2216 71 58
2217 71 59
2218 71 60
2219 71 61
2220 71 62
2221 71 63
2222 71 64
2223 71 65
2224 71 66
2225 71 70
2226 71 71
2227 71 72
2228 71 73
2229 71 74
2230 71 82
2231 71 83
2232 71 86
2233 71 96
2234 71 107
2235 71 108
2236 71 109
2237 71 113
2238 71 114
2239 71 115
2240 71 130
2241 71 131
2242 71 134
2243 71 135
2244 71 156
2245 71 160
2246 72 1
2247 72 2
2248 72 8
2249 72 9
2250 72 18
2251 72 19
2252 72 20
2253 72 21
2254 72 32
2255 72 33
2256 72 34
2257 72 38
2258 72 39
2259 72 46
2260 72 47
2261 72 48
2262 72 67
2263 72 68
2264 72 69
2265 72 75
2266 72 76
2267 72 77
2268 72 78
2269 72 79
2270 72 80
2271 72 81
2272 72 82
2273 72 87
2274 72 88
2275 72 89
2276 72 90
2277 72 91
2278 72 92
2279 72 93
2280 72 94
2281 72 95
2282 72 116
2283 72 117
2284 72 118
2285 72 119
2286 72 120
2287 72 121
2288 72 122
2289 72 123
2290 72 124
2291 72 125
2292 72 126
2293 72 127
2294 72 128
2295 72 129
2296 72 156
2297 72 160
2298 73 1
2299 73 2
2300 73 8
2301 73 9
2302 73 18
2303 73 21
2304 73 32
2305 73 34
2306 73 40
2307 73 41
2308 73 42
2309 73 43
2310 73 44
2311 73 45
2312 73 49
2313 73 50
2314 73 51
2315 73 52
2316 73 53
2317 73 54
2318 73 55
2319 73 56
2320 73 57
2321 73 58
2322 73 59
2323 73 60
2324 73 61
2325 73 62
2326 73 63
2327 73 64
2328 73 65
2329 73 70
2330 73 71
2331 73 72
2332 73 73
2333 73 74
2334 73 116
2335 73 117
2336 73 118
2337 73 119
2338 73 122
2339 73 123
2340 73 124
2341 73 125
2342 73 126
2343 73 127
2344 73 128
2345 73 129
2346 73 141
2347 73 142
2348 73 156
2349 73 160
2350 74 1
2351 74 2
2352 74 8
2353 74 9
2354 74 18
2355 74 21
2356 74 32
2357 74 34
2358 74 40
2359 74 44
2360 74 120
2361 74 121
2362 74 129
2363 74 138
2364 74 139
2365 74 140
2366 74 156
2367 74 160
2368 75 1
2369 75 2
2370 75 8
2371 75 9
2372 75 18
2373 75 21
2374 75 32
2375 75 34
2376 75 40
2377 75 44
2378 75 120
2379 75 121
2380 75 129
2381 75 138
2382 75 139
2383 75 140
2384 75 156
2385 75 157
2386 75 158
2387 75 159
2388 75 160
2389 76 1
2390 76 2
2391 76 8
2392 76 9
2393 76 18
2394 76 19
2395 76 20
2396 76 21
2397 76 32
2398 76 33
2399 76 34
2400 76 40
2401 76 44
2402 76 93
2403 76 94
2404 76 95
2405 76 107
2406 76 108
2407 76 109
2408 76 113
2409 76 114
2410 76 115
2411 76 116
2412 76 117
2413 76 118
2414 76 119
2415 76 122
2416 76 123
2417 76 124
2418 76 125
2419 76 126
2420 76 127
2421 76 128
2422 76 160
2423 77 1
2424 77 2
2425 77 8
2426 77 9
2427 77 11
2428 77 12
2429 77 13
2430 77 14
2431 77 15
2432 77 16
2433 77 17
2434 77 22
2435 77 23
2436 77 24
2437 77 25
2438 77 26
2439 77 27
2440 77 28
2441 77 29
2442 77 30
2443 77 31
2444 77 40
2445 77 44
2446 77 93
2447 77 94
2448 77 95
2449 77 113
2450 77 114
2451 77 115
2452 77 116
2453 77 117
2454 77 118
2455 77 119
2456 77 128
2457 77 160
2458 78 1
2459 78 2
2460 78 8
2461 78 9
2462 78 11
2463 78 17
2464 78 40
2465 78 45
2466 78 49
2467 78 50
2468 78 51
2469 78 52
2470 78 53
2471 78 54
2472 78 55
2473 78 56
2474 78 57
2475 78 58
2476 78 77
2477 78 78
2478 78 79
2479 78 80
2480 78 81
2481 78 82
2482 78 83
2483 78 86
2484 78 96
2485 78 97
2486 78 105
2487 78 106
2488 78 107
2489 78 108
2490 78 109
2491 78 110
2492 78 111
2493 78 112
2494 78 120
2495 78 128
2496 78 160
2497 79 1
2498 79 2
2499 79 8
2500 79 9
2501 79 11
2502 79 16
2503 79 40
2504 79 41
2505 79 42
2506 79 43
2507 79 44
2508 79 45
2509 79 49
2510 79 50
2511 79 56
2512 79 77
2513 79 83
2514 79 86
2515 79 96
2516 79 97
2517 79 105
2518 79 112
2519 79 120
2520 79 128
2521 79 138
2522 79 139
2523 79 140
2524 79 141
2525 79 160
2526 80 1
2527 80 2
2528 80 8
2529 80 9
2530 80 11
2531 80 16
2532 80 51
2533 80 56
2534 80 77
2535 80 83
2536 80 86
2537 80 96
2538 80 97
2539 80 105
2540 80 112
2541 80 120
2542 80 128
2543 80 138
2544 80 141
2545 80 156
2546 80 160
2547 81 1
2548 81 2
2549 81 8
2550 81 9
2551 81 11
2552 81 16
2553 81 51
2554 81 57
2555 81 58
2556 81 77
2557 81 83
2558 81 86
2559 81 96
2560 81 97
2561 81 105
2562 81 112
2563 81 120
2564 81 128
2565 81 138
2566 81 141
2567 81 156
2568 81 160
2569 82 1
2570 82 2
2571 82 8
2572 82 9
2573 82 11
2574 82 16
2575 82 40
2576 82 41
2577 82 42
2578 82 43
2579 82 44
2580 82 45
2581 82 49
2582 82 50
2583 82 58
2584 82 77
2585 82 83
2586 82 86
2587 82 96
2588 82 97
2589 82 105
2590 82 112
2591 82 120
2592 82 128
2593 82 138
2594 82 141
2595 82 156
2596 83 1
2597 83 2
2598 83 8
2599 83 9
2600 83 11
2601 83 16
2602 83 19
2603 83 20
2604 83 40
2605 83 41
2606 83 42
2607 83 43
2608 83 44
2609 83 45
2610 83 49
2611 83 50
2612 83 51
2613 83 52
2614 83 58
2615 83 77
2616 83 78
2617 83 79
2618 83 80
2619 83 81
2620 83 82
2621 83 83
2622 83 86
2623 83 96
2624 83 98
2625 83 99
2626 83 100
2627 83 101
2628 83 106
2629 83 112
2630 83 120
2631 83 128
2632 83 138
2633 83 141
2634 83 156
2635 84 1
2636 84 2
2637 84 8
2638 84 9
2639 84 11
2640 84 16
2641 84 19
2642 84 20
2643 84 53
2644 84 54
2645 84 55
2646 84 56
2647 84 57
2648 84 58
2649 84 86
2650 84 96
2651 84 97
2652 84 98
2653 84 99
2654 84 100
2655 84 101
2656 84 106
2657 84 107
2658 84 108
2659 84 109
2660 84 110
2661 84 111
2662 84 112
2663 84 120
2664 84 128
2665 84 138
2666 84 141
2667 84 156
2668 85 1
2669 85 2
2670 85 8
2671 85 9
2672 85 11
2673 85 12
2674 85 13
2675 85 14
2676 85 15
2677 85 16
2678 85 87
2679 85 88
2680 85 89
2681 85 90
2682 85 91
2683 85 92
2684 85 93
2685 85 94
2686 85 95
2687 85 113
2688 85 114
2689 85 115
2690 85 116
2691 85 117
2692 85 118
2693 85 119
2694 85 128
2695 85 138
2696 85 141
2697 86 1
2698 86 2
2699 86 8
2700 86 9
2701 86 17
2702 86 18
2703 86 19
2704 86 20
2705 86 26
2706 86 34
2707 86 35
2708 86 36
2709 86 37
2710 86 38
2711 86 39
2712 86 40
2713 86 87
2714 86 92
2715 86 93
2716 86 94
2717 86 95
2718 86 113
2719 86 114
2720 86 115
2721 86 116
2722 86 117
2723 86 118
2724 86 119
2725 86 120
2726 86 121
2727 86 122
2728 86 123
2729 86 124
2730 86 125
2731 86 126
2732 86 127
2733 86 128
2734 86 138
2735 86 139
2736 86 140
2737 86 141
2738 87 1
2739 87 2
2740 87 8
2741 87 9
2742 87 17
2743 87 20
2744 87 26
2745 87 34
2746 87 40
2747 87 87
2748 87 88
2749 87 89
2750 87 90
2751 87 91
2752 87 96
2753 87 97
2754 87 98
2755 87 99
2756 87 100
2757 87 101
2758 87 106
2759 87 107
2760 87 108
2761 87 109
2762 87 110
2763 87 111
2764 87 112
2765 87 129
2766 87 137
2767 87 156
2768 88 1
2769 88 2
2770 88 8
2771 88 9
2772 88 17
2773 88 20
2774 88 26
2775 88 34
2776 88 35
2777 88 36
2778 88 37
2779 88 38
2780 88 39
2781 88 40
2782 88 43
2783 88 44
2784 88 45
2785 88 57
2786 88 59
2787 88 60
2788 88 61
2789 88 62
2790 88 63
2791 88 64
2792 88 86
2793 88 96
2794 88 101
2795 88 106
2796 88 112
2797 88 128
2798 88 129
2799 88 137
2800 88 156
2801 89 1
2802 89 2
2803 89 8
2804 89 9
2805 89 17
2806 89 20
2807 89 26
2808 89 43
2809 89 45
2810 89 57
2811 89 59
2812 89 60
2813 89 61
2814 89 62
2815 89 63
2816 89 64
2817 89 65
2818 89 66
2819 89 67
2820 89 68
2821 89 75
2822 89 76
2823 89 77
2824 89 78
2825 89 79
2826 89 80
2827 89 81
2828 89 82
2829 89 83
2830 89 84
2831 89 85
2832 89 86
2833 89 96
2834 89 97
2835 89 98
2836 89 99
2837 89 100
2838 89 101
2839 89 106
2840 89 110
2841 89 111
2842 89 112
2843 89 128
2844 89 129
2845 89 137
2846 89 147
2847 89 148
2848 89 149
2849 89 150
2850 89 156
2851 90 1
2852 90 2
2853 90 8
2854 90 9
2855 90 17
2856 90 20
2857 90 26
2858 90 42
2859 90 45
2860 90 87
2861 90 88
2862 90 89
2863 90 90
2864 90 91
2865 90 92
2866 90 93
2867 90 94
2868 90 95
2869 90 106
2870 90 107
2871 90 108
2872 90 109
2873 90 128
2874 90 129
2875 90 137
2876 90 142
2877 90 143
2878 90 144
2879 90 145
2880 90 146
2881 90 151
2882 90 156
2883 91 1
2884 91 2
2885 91 8
2886 91 9
2887 91 17
2888 91 20
2889 91 26
2890 91 42
2891 91 45
2892 91 128
2893 91 129
2894 91 137
2895 91 142
2896 91 146
2897 91 152
2898 91 153
2899 91 154
2900 91 155
2901 91 157
2902 92 1
2903 92 2
2904 92 8
2905 92 9
2906 92 17
2907 92 20
2908 92 42
2909 92 45
2910 92 128
2911 92 129
2912 92 137
2913 92 142
2914 92 146
2915 92 152
2916 92 155
2917 92 157
2918 93 1
2919 93 3
2920 93 4
2921 93 8
2922 93 9
2923 93 17
2924 93 20
2925 93 42
2926 93 45
2927 93 128
2928 93 129
2929 93 137
2930 93 142
2931 93 146
2932 93 152
2933 93 153
2934 93 154
2935 93 155
2936 93 157
2937 94 1
2938 94 4
2939 94 8
2940 94 9
2941 94 17
2942 94 20
2943 94 42
2944 94 45
2945 94 67
2946 94 73
2947 94 74
2948 94 87
2949 94 88
2950 94 89
2951 94 90
2952 94 91
2953 94 92
2954 94 93
2955 94 94
2956 94 95
2957 94 96
2958 94 97
2959 94 98
2960 94 99
2961 94 100
2962 94 101
2963 94 102
2964 94 103
2965 94 104
2966 94 105
2967 94 128
2968 94 129
2969 94 137
2970 94 142
2971 94 146
2972 94 152
2973 94 156
2974 95 1
2975 95 4
2976 95 8
2977 95 9
2978 95 17
2979 95 20
2980 95 42
2981 95 45
2982 95 55
2983 95 66
2984 95 67
2985 95 73
2986 95 74
2987 95 90
2988 95 91
2989 95 92
2990 95 106
2991 95 107
2992 95 108
2993 95 109
2994 95 110
2995 95 111
2996 95 112
2997 95 113
2998 95 114
2999 95 115
3000 95 116
3001 95 117
3002 95 118
3003 95 119
3004 95 128
3005 95 129
3006 95 137
3007 95 142
3008 95 146
3009 95 152
3010 95 156
3011 96 1
3012 96 4
3013 96 8
3014 96 9
3015 96 17
3016 96 20
3017 96 34
3018 96 35
3019 96 36
3020 96 37
3021 96 38
3022 96 39
3023 96 40
3024 96 41
3025 96 42
3026 96 43
3027 96 44
3028 96 45
3029 96 55
3030 96 106
3031 96 119
3032 96 128
3033 96 129
3034 96 137
3035 96 142
3036 96 146
3037 96 152
3038 97 1
3039 97 4
3040 97 8
3041 97 9
3042 97 17
3043 97 20
3044 97 106
3045 97 119
3046 97 128
3047 97 129
3048 97 137
3049 97 142
3050 97 146
3051 97 152
3052 98 1
3053 98 4
3054 98 8
3055 98 9
3056 98 13
3057 98 14
3058 98 15
3059 98 16
3060 98 20
3061 98 66
3062 98 67
3063 98 73
3064 98 74
3065 98 106
3066 98 119
3067 98 128
3068 98 129
3069 98 137
3070 98 142
3071 98 146
3072 98 152
3073 99 1
3074 99 4
3075 99 8
3076 99 9
3077 99 13
3078 99 20
3079 99 57
3080 99 66
3081 99 67
3082 99 73
3083 99 74
3084 99 106
3085 99 119
3086 99 126
3087 99 127
3088 99 128
3089 99 129
3090 99 137
3091 99 142
3092 99 146
3093 99 152
3094 100 1
3095 100 4
3096 100 8
3097 100 9
3098 100 13
3099 100 20
3100 100 57
3101 100 66
3102 100 67
3103 100 73
3104 100 74
3105 100 106
3106 100 120
3107 100 121
3108 100 122
3109 100 123
3110 100 124
3111 100 125
3112 100 137
3113 100 142
3114 100 146
3115 100 152
3116 101 1
3117 101 4
3118 101 8
3119 101 9
3120 101 13
3121 101 14
3122 101 15
3123 101 16
3124 101 17
3125 101 18
3126 101 19
3127 101 20
3128 101 57
3129 101 61
3130 101 68
3131 101 69
3132 101 70
3133 101 72
3134 101 75
3135 101 76
3136 101 77
3137 101 78
3138 101 79
3139 101 80
3140 101 81
3141 101 82
3142 101 83
3143 101 106
3144 101 107
3145 101 108
3146 101 109
3147 101 110
3148 101 111
3149 101 112
3150 101 113
3151 101 114
3152 101 115
3153 101 116
3154 101 125
3155 101 137
3156 101 142
3157 101 146
3158 101 152
3159 102 1
3160 102 4
3161 102 8
3162 102 10
3163 102 11
3164 102 12
3165 102 62
3166 102 63
3167 102 64
3168 102 65
3169 102 66
3170 102 67
3171 102 73
3172 102 74
3173 102 90
3174 102 91
3175 102 98
3176 102 99
3177 102 100
3178 102 101
3179 102 102
3180 102 103
3181 102 104
3182 102 105
3183 102 117
3184 102 122
3185 102 123
3186 102 124
3187 102 125
3188 102 137
3189 102 142
3190 102 146
3191 102 152
3192 102 154
3193 102 155
3194 102 156
3195 102 157
3196 102 158
3197 102 159
3198 102 160
3199 103 1
3200 103 4
3201 103 8
3202 103 9
3203 103 62
3204 103 67
3205 103 73
3206 103 74
3207 103 90
3208 103 91
3209 103 98
3210 103 105
3211 103 117
3212 103 121
3213 103 137
3214 103 142
3215 103 146
3216 103 152
3217 103 154
3218 103 155
3219 103 156
3220 103 157
3221 103 158
3222 103 159
3223 103 160
3224 104 1
3225 104 2
3226 104 3
3227 104 4
3228 104 8
3229 104 9
3230 104 62
3231 104 63
3232 104 64
3233 104 65
3234 104 66
3235 104 67
3236 104 73
3237 104 75
3238 104 76
3239 104 77
3240 104 78
3241 104 79
3242 104 98
3243 104 105
3244 104 117
3245 104 121
3246 104 137
3247 104 142
3248 104 146
3249 104 152
3250 104 154
3251 105 1
3252 105 5
3253 105 6
3254 105 7
3255 105 57
3256 105 61
3257 105 68
3258 105 69
3259 105 73
3260 105 79
3261 105 98
3262 105 105
3263 105 117
3264 105 121
3265 105 137
3266 105 142
3267 105 146
3268 105 152
3269 105 154
3270 106 1
3271 106 5
3272 106 6
3273 106 7
3274 106 57
3275 106 61
3276 106 68
3277 106 69
3278 106 73
3279 106 79
3280 106 98
3281 106 104
3282 106 106
3283 106 107
3284 106 108
3285 106 109
3286 106 110
3287 106 111
3288 106 112
3289 106 113
3290 106 114
3291 106 115
3292 106 116
3293 106 121
3294 106 137
3295 106 142
3296 106 146
3297 106 152
3298 106 154
3299 107 1
3300 107 2
3301 107 3
3302 107 4
3303 107 8
3304 107 9
3305 107 10
3306 107 11
3307 107 12
3308 107 57
3309 107 61
3310 107 68
3311 107 69
3312 107 73
3313 107 74
3314 107 75
3315 107 76
3316 107 77
3317 107 78
3318 107 79
3319 107 98
3320 107 99
3321 107 100
3322 107 101
3323 107 102
3324 107 103
3325 107 104
3326 107 106
3327 107 107
3328 107 108
3329 107 109
3330 107 110
3331 107 111
3332 107 112
3333 107 113
3334 107 114
3335 107 115
3336 107 116
3337 107 117
3338 107 118
3339 107 119
3340 107 120
3341 107 121
3342 107 137
3343 107 142
3344 107 146
3345 107 152
3346 107 154
3347 108 1
3348 108 4
3349 108 8
3350 108 12
3351 108 57
3352 108 62
3353 108 63
3354 108 64
3355 108 65
3356 108 66
3357 108 67
3358 108 80
3359 108 81
3360 108 82
3361 108 83
3362 108 84
3363 108 85
3364 108 86
3365 108 87
3366 108 88
3367 108 89
3368 108 90
3369 108 91
3370 108 92
3371 108 93
3372 108 94
3373 108 95
3374 108 96
3375 108 97
3376 108 137
3377 108 142
3378 108 146
3379 108 152
3380 108 154
3381 109 1
3382 109 4
3383 109 8
3384 109 12
3385 109 57
3386 109 62
3387 109 67
3388 109 80
3389 109 97
3390 109 137
3391 109 142
3392 109 146
3393 109 152
3394 109 154
3395 110 1
3396 110 4
3397 110 8
3398 110 12
3399 110 57
3400 110 62
3401 110 67
3402 110 80
3403 110 97
3404 110 135
3405 110 136
3406 110 142
3407 110 146
3408 110 152
3409 110 154
3410 111 1
3411 111 4
3412 111 8
3413 111 12
3414 111 75
3415 111 76
3416 111 77
3417 111 78
3418 111 79
3419 111 80
3420 111 81
3421 111 82
3422 111 83
3423 111 84
3424 111 85
3425 111 86
3426 111 87
3427 111 88
3428 111 89
3429 111 90
3430 111 91
3431 111 92
3432 111 93
3433 111 94
3434 111 95
3435 111 96
3436 111 97
3437 111 106
3438 111 107
3439 111 108
3440 111 109
3441 111 110
3442 111 111
3443 111 112
3444 111 113
3445 111 114
3446 111 115
3447 111 116
3448 111 117
3449 111 137
3450 111 138
3451 111 139
3452 111 142
3453 111 146
3454 111 152
3455 111 154
3456 112 1
3457 112 4
3458 112 8
3459 112 12
3460 112 57
3461 112 62
3462 112 67
3463 112 70
3464 112 72
3465 112 73
3466 112 74
3467 112 98
3468 112 99
3469 112 100
3470 112 101
3471 112 102
3472 112 103
3473 112 104
3474 112 106
3475 112 117
3476 112 137
3477 112 139
3478 112 142
3479 112 146
3480 112 152
3481 112 154
3482 113 1
3483 113 4
3484 113 8
3485 113 9
3486 113 11
3487 113 36
3488 113 37
3489 113 38
3490 113 58
3491 113 59
3492 113 60
3493 113 62
3494 113 67
3495 113 70
3496 113 72
3497 113 74
3498 113 98
3499 113 104
3500 113 106
3501 113 118
3502 113 131
3503 113 132
3504 113 133
3505 113 134
3506 113 135
3507 113 137
3508 113 139
3509 113 142
3510 113 146
3511 113 152
3512 113 154
3513 114 1
3514 114 4
3515 114 10
3516 114 11
3517 114 26
3518 114 36
3519 114 38
3520 114 58
3521 114 60
3522 114 67
3523 114 68
3524 114 69
3525 114 71
3526 114 74
3527 114 98
3528 114 104
3529 114 106
3530 114 118
3531 114 128
3532 114 129
3533 114 131
3534 114 135
3535 114 137
3536 114 139
3537 114 142
3538 114 146
3539 114 152
3540 114 154
3541 115 1
3542 115 4
3543 115 7
3544 115 10
3545 115 11
3546 115 18
3547 115 26
3548 115 36
3549 115 38
3550 115 48
3551 115 49
3552 115 50
3553 115 58
3554 115 60
3555 115 67
3556 115 68
3557 115 69
3558 115 71
3559 115 74
3560 115 98
3561 115 104
3562 115 106
3563 115 118
3564 115 128
3565 115 129
3566 115 131
3567 115 135
3568 115 137
3569 115 139
3570 115 142
3571 115 146
3572 115 152
3573 115 154
3574 116 1
3575 116 3
3576 116 4
3577 116 7
3578 116 10
3579 116 11
3580 116 18
3581 116 26
3582 116 36
3583 116 38
3584 116 48
3585 116 50
3586 116 58
3587 116 60
3588 116 63
3589 116 64
3590 116 65
3591 116 66
3592 116 71
3593 116 74
3594 116 98
3595 116 104
3596 116 106
3597 116 109
3598 116 110
3599 116 111
3600 116 112
3601 116 113
3602 116 114
3603 116 115
3604 116 116
3605 116 117
3606 116 118
3607 116 128
3608 116 129
3609 116 131
3610 116 135
3611 116 137
3612 116 140
3613 116 141
3614 116 146
3615 116 152
3616 116 154
3617 117 1
3618 117 2
3619 117 5
3620 117 6
3621 117 7
3622 117 10
3623 117 11
3624 117 26
3625 117 36
3626 117 38
3627 117 48
3628 117 49
3629 117 50
3630 117 58
3631 117 60
3632 117 63
3633 117 66
3634 117 71
3635 117 74
3636 117 98
3637 117 104
3638 117 106
3639 117 108
3640 117 119
3641 117 120
3642 117 121
3643 117 122
3644 117 123
3645 117 124
3646 117 125
3647 117 126
3648 117 127
3649 117 130
3650 117 135
3651 117 137
3652 117 139
3653 117 140
3654 117 141
3655 117 146
3656 117 152
3657 117 154
3658 118 1
3659 118 2
3660 118 26
3661 118 36
3662 118 38
3663 118 48
3664 118 51
3665 118 52
3666 118 53
3667 118 58
3668 118 60
3669 118 63
3670 118 66
3671 118 71
3672 118 74
3673 118 98
3674 118 104
3675 118 106
3676 118 108
3677 118 119
3678 118 122
3679 118 123
3680 118 124
3681 118 125
3682 118 126
3683 118 127
3684 118 130
3685 118 135
3686 118 137
3687 118 138
3688 118 142
3689 118 146
3690 118 152
3691 118 154
3692 119 1
3693 119 2
3694 119 36
3695 119 38
3696 119 48
3697 119 51
3698 119 53
3699 119 58
3700 119 60
3701 119 63
3702 119 66
3703 119 71
3704 119 74
3705 119 98
3706 119 99
3707 119 100
3708 119 101
3709 119 104
3710 119 106
3711 119 108
3712 119 119
3713 119 120
3714 119 121
3715 119 128
3716 119 130
3717 119 131
3718 119 132
3719 119 133
3720 119 134
3721 119 135
3722 119 137
3723 119 138
3724 119 142
3725 119 146
3726 119 152
3727 119 154
3728 120 1
3729 120 2
3730 120 26
3731 120 27
3732 120 28
3733 120 29
3734 120 30
3735 120 31
3736 120 32
3737 120 33
3738 120 34
3739 120 35
3740 120 36
3741 120 37
3742 120 38
3743 120 43
3744 120 44
3745 120 45
3746 120 46
3747 120 47
3748 120 48
3749 120 51
3750 120 53
3751 120 58
3752 120 60
3753 120 63
3754 120 66
3755 120 71
3756 120 74
3757 120 102
3758 120 104
3759 120 106
3760 120 108
3761 120 115
3762 120 116
3763 120 117
3764 120 118
3765 120 129
3766 120 137
3767 120 138
3768 120 142
3769 120 147
3770 120 148
3771 120 149
3772 120 150
3773 120 151
3774 120 152
3775 120 154
3776 121 1
3777 121 2
3778 121 38
3779 121 49
3780 121 50
3781 121 53
3782 121 58
3783 121 60
3784 121 63
3785 121 66
3786 121 71
3787 121 74
3788 121 102
3789 121 104
3790 121 106
3791 121 108
3792 121 115
3793 121 118
3794 121 129
3795 121 137
3796 121 138
3797 121 142
3798 121 151
3799 121 155
3800 121 156
3801 121 157
3802 121 158
3803 121 159
3804 121 160
3805 122 1
3806 122 2
3807 122 26
3808 122 38
3809 122 49
3810 122 53
3811 122 58
3812 122 60
3813 122 63
3814 122 66
3815 122 71
3816 122 74
3817 122 102
3818 122 104
3819 122 106
3820 122 108
3821 122 115
3822 122 118
3823 122 129
3824 122 137
3825 122 138
3826 122 142
3827 122 151
3828 122 155
3829 122 160
3830 123 1
3831 123 2
3832 123 26
3833 123 38
3834 123 49
3835 123 53
3836 123 58
3837 123 60
3838 123 63
3839 123 66
3840 123 71
3841 123 75
3842 123 76
3843 123 77
3844 123 78
3845 123 79
3846 123 80
3847 123 102
3848 123 103
3849 123 104
3850 123 106
3851 123 108
3852 123 115
3853 123 118
3854 123 129
3855 123 137
3856 123 138
3857 123 142
3858 123 151
3859 123 155
3860 123 160
3861 124 1
3862 124 2
3863 124 26
3864 124 38
3865 124 47
3866 124 49
3867 124 53
3868 124 58
3869 124 60
3870 124 63
3871 124 66
3872 124 71
3873 124 80
3874 124 100
3875 124 101
3876 124 106
3877 124 108
3878 124 115
3879 124 118
3880 124 129
3881 124 137
3882 124 138
3883 124 142
3884 124 151
3885 124 155
3886 124 157
3887 124 158
3888 124 159
3889 124 160
3890 125 1
3891 125 2
3892 125 19
3893 125 23
3894 125 26
3895 125 49
3896 125 53
3897 125 58
3898 125 60
3899 125 63
3900 125 66
3901 125 71
3902 125 72
3903 125 73
3904 125 74
3905 125 75
3906 125 76
3907 125 77
3908 125 78
3909 125 79
3910 125 80
3911 125 81
3912 125 82
3913 125 100
3914 125 101
3915 125 106
3916 125 108
3917 125 115
3918 125 118
3919 125 129
3920 125 137
3921 125 138
3922 125 142
3923 125 151
3924 125 155
3925 125 156
3926 126 1
3927 126 2
3928 126 19
3929 126 23
3930 126 26
3931 126 49
3932 126 53
3933 126 58
3934 126 60
3935 126 63
3936 126 64
3937 126 65
3938 126 67
3939 126 68
3940 126 69
3941 126 70
3942 126 83
3943 126 84
3944 126 85
3945 126 86
3946 126 100
3947 126 101
3948 126 106
3949 126 108
3950 126 115
3951 126 118
3952 126 129
3953 126 137
3954 126 138
3955 126 142
3956 126 151
3957 126 155
3958 126 156
3959 127 1
3960 127 2
3961 127 7
3962 127 8
3963 127 9
3964 127 10
3965 127 11
3966 127 13
3967 127 16
3968 127 17
3969 127 18
3970 127 23
3971 127 26
3972 127 49
3973 127 53
3974 127 58
3975 127 60
3976 127 86
3977 127 102
3978 127 103
3979 127 104
3980 127 105
3981 127 107
3982 127 108
3983 127 115
3984 127 118
3985 127 129
3986 127 137
3987 127 138
3988 127 142
3989 127 150
3990 127 152
3991 127 154
3992 128 1
3993 128 2
3994 128 7
3995 128 11
3996 128 13
3997 128 16
3998 128 18
3999 128 23
4000 128 26
4001 128 43
4002 128 45
4003 128 46
4004 128 47
4005 128 48
4006 128 53
4007 128 58
4008 128 60
4009 128 86
4010 128 87
4011 128 88
4012 128 89
4013 128 90
4014 128 91
4015 128 92
4016 128 93
4017 128 94
4018 128 95
4019 128 96
4020 128 97
4021 128 98
4022 128 99
4023 128 100
4024 128 101
4025 128 105
4026 128 115
4027 128 116
4028 128 117
4029 128 118
4030 128 129
4031 128 137
4032 128 138
4033 128 142
4034 128 143
4035 128 144
4036 128 145
4037 128 146
4038 128 150
4039 128 152
4040 128 154
4041 129 1
4042 129 2
4043 129 7
4044 129 11
4045 129 13
4046 129 16
4047 129 18
4048 129 23
4049 129 26
4050 129 43
4051 129 45
4052 129 53
4053 129 58
4054 129 59
4055 129 60
4056 129 86
4057 129 105
4058 129 119
4059 129 120
4060 129 121
4061 129 128
4062 129 130
4063 129 131
4064 129 132
4065 129 133
4066 129 137
4067 129 138
4068 129 140
4069 129 141
4070 129 147
4071 129 148
4072 129 149
4073 129 150
4074 129 152
4075 129 154
4076 129 155
4077 129 156
4078 129 157
4079 129 158
4080 130 1
4081 130 2
4082 130 7
4083 130 8
4084 130 12
4085 130 17
4086 130 18
4087 130 23
4088 130 26
4089 130 43
4090 130 45
4091 130 46
4092 130 47
4093 130 48
4094 130 49
4095 130 50
4096 130 51
4097 130 52
4098 130 57
4099 130 86
4100 130 87
4101 130 88
4102 130 105
4103 130 119
4104 130 121
4105 130 128
4106 130 130
4107 130 133
4108 130 137
4109 130 138
4110 130 142
4111 130 143
4112 130 144
4113 130 145
4114 130 146
4115 130 151
4116 130 158
4117 131 1
4118 131 2
4119 131 5
4120 131 6
4121 131 9
4122 131 12
4123 131 17
4124 131 18
4125 131 23
4126 131 26
4127 131 43
4128 131 57
4129 131 89
4130 131 90
4131 131 105
4132 131 119
4133 131 121
4134 131 128
4135 131 130
4136 131 133
4137 131 137
4138 131 138
4139 131 142
4140 131 146
4141 131 151
4142 131 158
4143 132 1
4144 132 2
4145 132 5
4146 132 6
4147 132 9
4148 132 12
4149 132 16
4150 132 18
4151 132 20
4152 132 21
4153 132 23
4154 132 26
4155 132 27
4156 132 28
4157 132 29
4158 132 30
4159 132 31
4160 132 32
4161 132 33
4162 132 34
4163 132 35
4164 132 43
4165 132 57
4166 132 91
4167 132 105
4168 132 119
4169 132 121
4170 132 128
4171 132 130
4172 132 133
4173 132 137
4174 132 138
4175 132 142
4176 132 146
4177 132 151
4178 132 159
4179 132 160
4180 133 1
4181 133 2
4182 133 5
4183 133 6
4184 133 9
4185 133 12
4186 133 16
4187 133 18
4188 133 20
4189 133 21
4190 133 23
4191 133 26
4192 133 35
4193 133 43
4194 133 56
4195 133 58
4196 133 91
4197 133 105
4198 133 119
4199 133 121
4200 133 128
4201 133 130
4202 133 133
4203 133 137
4204 133 138
4205 133 142
4206 133 143
4207 133 144
4208 133 145
4209 133 146
4210 133 151
4211 133 159
4212 133 160
4213 134 1
4214 134 2
4215 134 5
4216 134 6
4217 134 9
4218 134 12
4219 134 16
4220 134 18
4221 134 22
4222 134 23
4223 134 26
4224 134 35
4225 134 43
4226 134 48
4227 134 49
4228 134 50
4229 134 51
4230 134 54
4231 134 55
4232 134 56
4233 134 58
4234 134 91
4235 134 106
4236 134 107
4237 134 108
4238 134 109
4239 134 110
4240 134 111
4241 134 112
4242 134 113
4243 134 114
4244 134 115
4245 134 116
4246 134 117
4247 134 119
4248 134 121
4249 134 128
4250 134 130
4251 134 134
4252 134 135
4253 134 136
4254 134 139
4255 134 140
4256 134 141
4257 134 147
4258 134 148
4259 134 149
4260 134 150
4261 134 152
4262 134 154
4263 134 155
4264 134 156
4265 134 157
4266 134 158
4267 135 1
4268 135 2
4269 135 5
4270 135 6
4271 135 9
4272 135 12
4273 135 16
4274 135 17
4275 135 18
4276 135 22
4277 135 23
4278 135 26
4279 135 32
4280 135 33
4281 135 34
4282 135 35
4283 135 43
4284 135 48
4285 135 51
4286 135 54
4287 135 56
4288 135 58
4289 135 72
4290 135 73
4291 135 74
4292 135 75
4293 135 76
4294 135 91
4295 135 92
4296 135 93
4297 135 94
4298 135 117
4299 135 119
4300 135 121
4301 135 128
4302 135 130
4303 135 134
4304 135 135
4305 135 136
4306 135 139
4307 135 141
4308 135 147
4309 135 150
4310 135 152
4311 135 155
4312 135 158
4313 136 1
4314 136 2
4315 136 5
4316 136 6
4317 136 9
4318 136 11
4319 136 19
4320 136 20
4321 136 21
4322 136 23
4323 136 26
4324 136 31
4325 136 39
4326 136 40
4327 136 41
4328 136 42
4329 136 44
4330 136 45
4331 136 48
4332 136 49
4333 136 50
4334 136 51
4335 136 54
4336 136 55
4337 136 56
4338 136 58
4339 136 72
4340 136 75
4341 136 76
4342 136 83
4343 136 84
4344 136 85
4345 136 86
4346 136 87
4347 136 88
4348 136 89
4349 136 90
4350 136 95
4351 136 117
4352 136 119
4353 136 121
4354 136 128
4355 136 130
4356 136 133
4357 136 139
4358 136 141
4359 136 147
4360 136 150
4361 136 152
4362 136 155
4363 136 158
4364 137 1
4365 137 2
4366 137 5
4367 137 6
4368 137 9
4369 137 12
4370 137 16
4371 137 17
4372 137 18
4373 137 23
4374 137 26
4375 137 31
4376 137 39
4377 137 42
4378 137 44
4379 137 45
4380 137 48
4381 137 53
4382 137 57
4383 137 72
4384 137 74
4385 137 77
4386 137 83
4387 137 90
4388 137 95
4389 137 96
4390 137 97
4391 137 98
4392 137 99
4393 137 102
4394 137 103
4395 137 104
4396 137 105
4397 137 106
4398 137 107
4399 137 108
4400 137 117
4401 137 119
4402 137 121
4403 137 128
4404 137 130
4405 137 133
4406 137 139
4407 137 141
4408 137 147
4409 137 150
4410 137 152
4411 137 155
4412 137 159
4413 137 160
4414 138 0
4415 138 9
4416 138 10
4417 138 11
4418 138 12
4419 138 16
4420 138 17
4421 138 18
4422 138 19
4423 138 20
4424 138 21
4425 138 22
4426 138 23
4427 138 26
4428 138 29
4429 138 30
4430 138 31
4431 138 39
4432 138 40
4433 138 41
4434 138 42
4435 138 44
4436 138 45
4437 138 48
4438 138 53
4439 138 57
4440 138 72
4441 138 74
4442 138 77
4443 138 83
4444 138 84
4445 138 85
4446 138 86
4447 138 87
4448 138 88
4449 138 90
4450 138 100
4451 138 101
4452 138 109
4453 138 117
4454 138 119
4455 138 121
4456 138 128
4457 138 130
4458 138 133
4459 138 139
4460 138 141
4461 138 147
4462 138 150
4463 138 152
4464 138 155
4465 138 160
4466 139 0
4467 139 7
4468 139 8
4469 139 26
4470 139 28
4471 139 32
4472 139 33
4473 139 34
4474 139 35
4475 139 36
4476 139 37
4477 139 38
4478 139 43
4479 139 46
4480 139 47
4481 139 49
4482 139 50
4483 139 51
4484 139 52
4485 139 54
4486 139 55
4487 139 56
4488 139 58
4489 139 72
4490 139 73
4491 139 74
4492 139 77
4493 139 89
4494 139 90
4495 139 100
4496 139 101
4497 139 109
4498 139 110
4499 139 111
4500 139 117
4501 139 119
4502 139 121
4503 139 128
4504 139 130
4505 139 133
4506 139 139
4507 139 141
4508 139 147
4509 139 150
4510 139 152
4511 139 155
4512 139 160
4513 140 0
4514 140 7
4515 140 8
4516 140 26
4517 140 27
4518 140 28
4519 140 32
4520 140 33
4521 140 34
4522 140 35
4523 140 36
4524 140 37
4525 140 38
4526 140 43
4527 140 44
4528 140 45
4529 140 46
4530 140 47
4531 140 49
4532 140 50
4533 140 51
4534 140 52
4535 140 54
4536 140 55
4537 140 56
4538 140 58
4539 140 71
4540 140 77
4541 140 89
4542 140 90
4543 140 100
4544 140 101
4545 140 112
4546 140 117
4547 140 119
4548 140 120
4549 140 121
4550 140 128
4551 140 130
4552 140 133
4553 140 139
4554 140 141
4555 140 147
4556 140 150
4557 140 152
4558 140 155
4559 140 160
4560 141 1
4561 141 2
4562 141 5
4563 141 6
4564 141 9
4565 141 10
4566 141 11
4567 141 12
4568 141 16
4569 141 17
4570 141 18
4571 141 19
4572 141 20
4573 141 21
4574 141 22
4575 141 23
4576 141 24
4577 141 25
4578 141 28
4579 141 29
4580 141 43
4581 141 48
4582 141 53
4583 141 57
4584 141 71
4585 141 77
4586 141 89
4587 141 90
4588 141 100
4589 141 101
4590 141 112
4591 141 118
4592 141 124
4593 141 128
4594 141 130
4595 141 133
4596 141 139
4597 141 141
4598 141 147
4599 141 150
4600 141 152
4601 141 155
4602 141 156
4603 141 157
4604 141 158
4605 141 160
4606 142 0
4607 142 2
4608 142 7
4609 142 8
4610 142 9
4611 142 10
4612 142 11
4613 142 12
4614 142 16
4615 142 17
4616 142 18
4617 142 19
4618 142 20
4619 142 21
4620 142 22
4621 142 23
4622 142 24
4623 142 25
4624 142 28
4625 142 29
4626 142 43
4627 142 48
4628 142 53
4629 142 57
4630 142 71
4631 142 77
4632 142 78
4633 142 79
4634 142 80
4635 142 81
4636 142 82
4637 142 83
4638 142 84
4639 142 85
4640 142 86
4641 142 89
4642 142 90
4643 142 100
4644 142 101
4645 142 112
4646 142 118
4647 142 124
4648 142 128
4649 142 130
4650 142 133
4651 142 139
4652 142 141
4653 142 147
4654 142 151
4655 142 159
4656 142 160
4657 143 0
4658 143 26
4659 143 27
4660 143 28
4661 143 29
4662 143 32
4663 143 33
4664 143 34
4665 143 35
4666 143 36
4667 143 37
4668 143 38
4669 143 39
4670 143 40
4671 143 41
4672 143 42
4673 143 44
4674 143 45
4675 143 46
4676 143 47
4677 143 49
4678 143 50
4679 143 51
4680 143 52
4681 143 54
4682 143 55
4683 143 56
4684 143 58
4685 143 59
4686 143 60
4687 143 77
4688 143 86
4689 143 89
4690 143 90
4691 143 100
4692 143 101
4693 143 110
4694 143 111
4695 143 118
4696 143 124
4697 143 128
4698 143 130
4699 143 133
4700 143 139
4701 143 141
4702 143 147
4703 143 151
4704 143 159
4705 143 160
4706 144 0
4707 144 26
4708 144 27
4709 144 37
4710 144 39
4711 144 47
4712 144 50
4713 144 51
4714 144 52
4715 144 54
4716 144 56
4717 144 58
4718 144 60
4719 144 77
4720 144 86
4721 144 89
4722 144 90
4723 144 100
4724 144 101
4725 144 110
4726 144 118
4727 144 124
4728 144 128
4729 144 130
4730 144 133
4731 144 139
4732 144 141
4733 144 147
4734 144 151
4735 144 159
4736 144 160
4737 145 0
4738 145 26
4739 145 27
4740 145 34
4741 145 35
4742 145 36
4743 145 39
4744 145 48
4745 145 49
4746 145 52
4747 145 54
4748 145 55
4749 145 56
4750 145 58
4751 145 59
4752 145 60
4753 145 77
4754 145 86
4755 145 89
4756 145 90
4757 145 100
4758 145 101
4759 145 110
4760 145 118
4761 145 124
4762 145 128
4763 145 130
4764 145 133
4765 145 139
4766 145 141
4767 145 147
4768 145 151
4769 146 0
4770 146 26
4771 146 27
4772 146 34
4773 146 39
4774 146 48
4775 146 49
4776 146 53
4777 146 57
4778 146 60
4779 146 61
4780 146 62
4781 146 63
4782 146 77
4783 146 86
4784 146 89
4785 146 90
4786 146 100
4787 146 101
4788 146 110
4789 146 118
4790 146 124
4791 146 128
4792 146 130
4793 146 133
4794 146 139
4795 146 141
4796 146 147
4797 146 151
4798 147 0
4799 147 26
4800 147 27
4801 147 34
4802 147 39
4803 147 48
4804 147 49
4805 147 53
4806 147 56
4807 147 57
4808 147 60
4809 147 61
4810 147 62
4811 147 63
4812 147 71
4813 147 72
4814 147 73
4815 147 74
4816 147 75
4817 147 77
4818 147 86
4819 147 89
4820 147 90
4821 147 91
4822 147 92
4823 147 93
4824 147 94
4825 147 95
4826 147 96
4827 147 97
4828 147 98
4829 147 99
4830 147 101
4831 147 107
4832 147 108
4833 147 109
4834 147 118
4835 147 124
4836 147 128
4837 147 130
4838 147 133
4839 147 139
4840 147 141
4841 147 147
4842 147 151
4843 148 0
4844 148 26
4845 148 27
4846 148 34
4847 148 35
4848 148 36
4849 148 37
4850 148 38
4851 148 39
4852 148 48
4853 148 49
4854 148 53
4855 148 71
4856 148 75
4857 148 77
4858 148 86
4859 148 89
4860 148 91
4861 148 102
4862 148 103
4863 148 104
4864 148 107
4865 148 118
4866 148 124
4867 148 128
4868 148 130
4869 148 133
4870 148 139
4871 148 141
4872 148 147
4873 148 151
4874 149 0
4875 149 2
4876 149 3
4877 149 4
4878 149 5
4879 149 6
4880 149 7
4881 149 8
4882 149 9
4883 149 26
4884 149 27
4885 149 48
4886 149 49
4887 149 53
4888 149 71
4889 149 75
4890 149 77
4891 149 87
4892 149 88
4893 149 91
4894 149 104
4895 149 107
4896 149 118
4897 149 124
4898 149 128
4899 149 130
4900 149 133
4901 149 139
4902 149 141
4903 149 147
4904 149 151
4905 150 0
4906 150 2
4907 150 3
4908 150 4
4909 150 5
4910 150 9
4911 150 26
4912 150 27
4913 150 48
4914 150 49
4915 150 53
4916 150 71
4917 150 75
4918 150 77
4919 150 88
4920 150 91
4921 150 104
4922 150 107
4923 150 118
4924 150 124
4925 150 128
4926 150 130
4927 150 133
4928 150 139
4929 150 141
4930 150 147
4931 150 151
4932 151 0
4933 151 2
4934 151 6
4935 151 9
4936 151 26
4937 151 27
4938 151 48
4939 151 49
4940 151 53
4941 151 71
4942 151 75
4943 151 77
4944 151 79
4945 151 80
4946 151 81
4947 151 88
4948 151 91
4949 151 104
4950 151 107
4951 151 118
4952 151 124
4953 151 128
4954 151 130
4955 151 133
4956 151 139
4957 151 141
4958 151 147
4959 151 151
4960 151 157
4961 151 158
4962 152 0
4963 152 6
4964 152 7
4965 152 8
4966 152 9
4967 152 26
4968 152 27
4969 152 71
4970 152 72
4971 152 73
4972 152 74
4973 152 75
4974 152 77
4975 152 78
4976 152 82
4977 152 88
4978 152 91
4979 152 103
4980 152 107
4981 152 118
4982 152 124
4983 152 128
4984 152 130
4985 152 133
4986 152 139
4987 152 141
4988 152 147
4989 152 151
4990 152 157
4991 152 158
4992 153 0
4993 153 83
4994 153 88
4995 153 91
4996 153 103
4997 153 107
4998 153 118
4999 153 124
5000 153 128
5001 153 130
5002 153 133
5003 153 139
5004 153 141
5005 153 147
5006 153 151
5007 153 157
5008 153 158
5009 154 0
5010 154 83
5011 154 88
5012 154 91
5013 154 103
5014 154 107
5015 154 118
5016 154 124
5017 154 128
5018 154 130
5019 154 133
5020 154 135
5021 154 136
5022 154 137
5023 154 139
5024 154 141
5025 154 147
5026 154 151
5027 154 157
5028 154 158
5029 155 0
5030 155 1
5031 155 4
5032 155 5
5033 155 83
5034 155 88
5035 155 91
5036 155 103
5037 155 107
5038 155 112
5039 155 113
5040 155 114
5041 155 115
5042 155 116
5043 155 117
5044 155 118
5045 155 124
5046 155 128
5047 155 130
5048 155 133
5049 155 135
5050 155 137
5051 155 139
5052 155 141
5053 155 147
5054 155 151
5055 155 157
5056 155 158
5057 156 0
5058 156 1
5059 156 4
5060 156 5
5061 156 16
5062 156 17
5063 156 18
5064 156 19
5065 156 20
5066 156 23
5067 156 24
5068 156 25
5069 156 33
5070 156 34
5071 156 35
5072 156 36
5073 156 37
5074 156 71
5075 156 72
5076 156 73
5077 156 74
5078 156 76
5079 156 77
5080 156 78
5081 156 83
5082 156 88
5083 156 91
5084 156 103
5085 156 107
5086 156 111
5087 156 119
5088 156 124
5089 156 128
5090 156 130
5091 156 131
5092 156 132
5093 156 133
5094 156 135
5095 156 137
5096 156 139
5097 156 141
5098 156 147
5099 156 151
5100 156 158
5101 157 0
5102 157 1
5103 157 4
5104 157 5
5105 157 16
5106 157 20
5107 157 23
5108 157 25
5109 157 33
5110 157 37
5111 157 71
5112 157 72
5113 157 73
5114 157 74
5115 157 76
5116 157 78
5117 157 82
5118 157 84
5119 157 88
5120 157 91
5121 157 94
5122 157 95
5123 157 96
5124 157 103
5125 157 107
5126 157 111
5127 157 119
5128 157 124
5129 157 129
5130 157 134
5131 157 137
5132 157 139
5133 157 141
5134 157 147
5135 157 150
5136 157 158
5137 158 0
5138 158 1
5139 158 4
5140 158 5
5141 158 16
5142 158 18
5143 158 19
5144 158 20
5145 158 23
5146 158 24
5147 158 25
5148 158 33
5149 158 34
5150 158 35
5151 158 36
5152 158 37
5153 158 77
5154 158 78
5155 158 82
5156 158 84
5157 158 88
5158 158 91
5159 158 93
5160 158 97
5161 158 103
5162 158 107
5163 158 111
5164 158 119
5165 158 124
5166 158 129
5167 158 134
5168 158 137
5169 158 139
5170 158 141
5171 158 147
5172 158 150
5173 158 158
5174 159 0
5175 159 1
5176 159 4
5177 159 5
5178 159 16
5179 159 17
5180 159 26
5181 159 27
5182 159 28
5183 159 29
5184 159 44
5185 159 45
5186 159 46
5187 159 47
5188 159 48
5189 159 49
5190 159 77
5191 159 78
5192 159 82
5193 159 84
5194 159 88
5195 159 91
5196 159 93
5197 159 97
5198 159 103
5199 159 107
5200 159 111
5201 159 119
5202 159 124
5203 159 129
5204 159 134
5205 159 137
5206 159 139
5207 159 141
5208 159 147
5209 159 150
5210 159 158
5211 160 0
5212 160 1
5213 160 4
5214 160 5
5215 160 16
5216 160 17
5217 160 18
5218 160 19
5219 160 26
5220 160 27
5221 160 28
5222 160 29
5223 160 34
5224 160 35
5225 160 36
5226 160 44
5227 160 45
5228 160 46
5229 160 47
5230 160 48
5231 160 49
5232 160 77
5233 160 78
5234 160 82
5235 160 83
5236 160 85
5237 160 86
5238 160 87
5239 160 88
5240 160 91
5241 160 92
5242 160 93
5243 160 97
5244 160 98
5245 160 99
5246 160 100
5247 160 101
5248 160 102
5249 160 103
5250 160 107
5251 160 108
5252 160 109
5253 160 110
5254 160 111
5255 160 119
5256 160 124
5257 160 129
5258 160 134
5259 160 135
5260 160 136
5261 160 137
5262 160 139
5263 160 140
5264 160 141
5265 160 147
5266 160 148
5267 160 149
5268 160 150
5269 160 158
