5138
0 0 56
1 0 57
2 0 58
3 0 59
4 0 60
5 0 61
6 0 62
7 0 63
8 0 64
9 0 65
10 0 66
11 0 67
12 0 68
13 0 69
14 0 70
15 0 71
16 0 79
17 0 80
18 0 81
19 0 109
20 0 110
21 0 111
22 0 112
23 0 113
24 0 126
25 0 127
26 0 128
27 0 129
28 0 130
29 0 131
30 0 132
31 0 133
32 0 134
33 0 135
34 0 136
35 0 137
36 0 153
37 0 154
38 0 155
39 0 156
40 0 157
41 0 158
42 0 159
43 0 160
44 1 44
45 1 45
46 1 46
47 1 47
48 1 79
49 1 80
50 1 81
51 1 82
52 1 83
53 1 84
54 1 85
55 1 86
56 1 87
57 1 88
58 1 89
59 1 90
60 1 91
61 1 92
62 1 93
63 1 94
64 1 95
65 1 96
66 1 97
67 1 98
68 1 99
69 1 100
70 1 101
71 1 102
72 1 103
73 1 104
74 1 105
75 1 106
76 1 107
77 1 108
78 1 113
79 1 126
80 1 127
81 1 128
82 1 129
83 1 130
84 1 131
85 1 132
86 1 133
87 1 134
88 1 153
89 1 155
90 1 156
91 1 157
92 1 158
93 1 159
94 1 160
95 2 8
96 2 9
97 2 10
98 2 11
99 2 12
100 2 13
101 2 14
102 2 15
103 2 16
104 2 17
105 2 18
106 2 19
107 2 20
108 2 21
109 2 22
110 2 23
111 2 24
112 2 25
113 2 26
114 2 27
115 2 28
116 2 29
117 2 30
118 2 31
119 2 32
120 2 33
121 2 34
122 2 35
123 2 36
124 2 37
125 2 38
126 2 39
127 2 40
128 2 41
129 2 83
130 2 109
131 2 110
132 2 111
133 2 113
134 2 114
135 2 115
136 2 116
137 2 135
138 2 136
139 2 137
140 2 138
141 2 153
142 2 154
143 3 8
144 3 9
145 3 30
146 3 31
147 3 32
148 3 33
149 3 34
150 3 35
151 3 36
152 3 37
153 3 38
154 3 39
155 3 40
156 3 41
157 3 83
158 3 111
159 3 113
160 3 114
161 3 115
162 3 116
163 3 124
164 3 125
165 3 126
166 3 127
167 3 128
168 3 129
169 3 130
170 3 131
171 3 132
172 3 133
173 3 134
174 3 135
175 3 136
176 3 137
177 3 138
178 3 144
179 3 145
180 3 146
181 3 147
182 3 148
183 3 149
184 3 150
185 3 151
186 3 152
187 3 154
188 4 8
189 4 9
190 4 15
191 4 16
192 4 17
193 4 18
194 4 19
195 4 20
196 4 21
197 4 22
198 4 23
199 4 24
200 4 25
201 4 26
202 4 27
203 4 28
204 4 29
205 4 42
206 4 83
207 4 111
208 4 117
209 4 118
210 4 119
211 4 120
212 4 121
213 4 122
214 4 123
215 4 153
216 4 154
217 5 8
218 5 15
219 5 26
220 5 28
221 5 29
222 5 42
223 5 43
224 5 44
225 5 45
226 5 46
227 5 47
228 5 48
229 5 49
230 5 50
231 5 51
232 5 52
233 5 53
234 5 54
235 5 55
236 5 56
237 5 57
238 5 58
239 5 59
240 5 60
241 5 61
242 5 62
243 5 63
244 5 64
245 5 65
246 5 83
247 5 84
248 5 85
249 5 86
250 5 87
251 5 88
252 5 89
253 5 90
254 5 91
255 5 92
256 5 93
257 5 94
258 5 95
259 5 100
260 5 101
261 5 102
262 5 103
263 5 104
264 5 105
265 5 106
266 5 107
267 5 108
268 5 109
269 5 110
270 5 111
271 5 117
272 5 120
273 5 121
274 5 122
275 5 123
276 5 153
277 5 154
278 6 8
279 6 15
280 6 26
281 6 28
282 6 29
283 6 42
284 6 58
285 6 63
286 6 65
287 6 71
288 6 72
289 6 73
290 6 74
291 6 75
292 6 76
293 6 77
294 6 78
295 6 79
296 6 80
297 6 81
298 6 82
299 6 96
300 6 99
301 6 112
302 6 113
303 6 114
304 6 115
305 6 116
306 6 119
307 6 124
308 6 125
309 6 139
310 6 140
311 6 141
312 6 142
313 6 143
314 6 144
315 6 145
316 6 148
317 6 149
318 6 150
319 6 151
320 6 152
321 6 155
322 6 156
323 6 157
324 6 158
325 6 159
326 6 160
327 7 8
328 7 15
329 7 16
330 7 17
331 7 18
332 7 19
333 7 20
334 7 21
335 7 22
336 7 23
337 7 24
338 7 26
339 7 28
340 7 29
341 7 42
342 7 58
343 7 63
344 7 65
345 7 71
346 7 74
347 7 75
348 7 82
349 7 84
350 7 85
351 7 86
352 7 87
353 7 88
354 7 89
355 7 90
356 7 91
357 7 94
358 7 95
359 7 96
360 7 97
361 7 98
362 7 99
363 7 112
364 7 113
365 7 114
366 7 115
367 7 116
368 7 117
369 7 118
370 7 119
371 7 123
372 7 124
373 7 125
374 7 126
375 7 127
376 7 128
377 7 139
378 7 140
379 7 141
380 7 142
381 7 143
382 7 144
383 7 145
384 7 148
385 7 152
386 7 155
387 7 160
388 8 7
389 8 25
390 8 26
391 8 28
392 8 29
393 8 42
394 8 58
395 8 63
396 8 65
397 8 71
398 8 73
399 8 76
400 8 83
401 8 146
402 8 147
403 8 152
404 8 155
405 8 160
406 9 7
407 9 25
408 9 26
409 9 28
410 9 29
411 9 42
412 9 58
413 9 63
414 9 65
415 9 71
416 9 73
417 9 76
418 9 82
419 9 146
420 9 147
421 9 148
422 9 149
423 9 150
424 9 151
425 9 152
426 9 155
427 9 156
428 9 157
429 9 158
430 9 159
431 9 160
432 10 4
433 10 5
434 10 6
435 10 25
436 10 26
437 10 28
438 10 29
439 10 42
440 10 58
441 10 63
442 10 65
443 10 71
444 10 73
445 10 76
446 10 82
447 10 102
448 10 103
449 10 104
450 10 105
451 10 106
452 10 107
453 10 108
454 10 109
455 10 110
456 10 111
457 10 120
458 10 121
459 11 4
460 11 6
461 11 25
462 11 26
463 11 28
464 11 29
465 11 42
466 11 58
467 11 64
468 11 65
469 11 71
470 11 73
471 11 76
472 11 82
473 11 92
474 11 93
475 11 94
476 11 95
477 11 96
478 11 97
479 11 98
480 11 99
481 11 100
482 11 101
483 11 111
484 12 4
485 12 6
486 12 27
487 12 30
488 12 42
489 12 52
490 12 53
491 12 54
492 12 57
493 12 64
494 12 65
495 12 71
496 12 73
497 12 76
498 12 82
499 12 100
500 12 101
501 12 102
502 12 103
503 12 104
504 12 105
505 12 106
506 12 107
507 12 108
508 12 109
509 12 110
510 12 111
511 13 3
512 13 6
513 13 27
514 13 30
515 13 42
516 13 51
517 13 55
518 13 57
519 13 64
520 13 65
521 13 71
522 13 73
523 13 76
524 13 81
525 13 82
526 13 99
527 13 112
528 13 113
529 13 114
530 13 115
531 13 116
532 13 117
533 13 118
534 13 119
535 13 120
536 13 121
537 13 136
538 13 137
539 13 146
540 13 147
541 13 148
542 13 149
543 13 150
544 13 151
545 13 152
546 13 153
547 13 154
548 13 155
549 13 156
550 13 157
551 13 158
552 14 3
553 14 6
554 14 27
555 14 31
556 14 32
557 14 33
558 14 34
559 14 35
560 14 36
561 14 37
562 14 38
563 14 39
564 14 40
565 14 41
566 14 42
567 14 43
568 14 44
569 14 45
570 14 46
571 14 47
572 14 48
573 14 49
574 14 50
575 14 51
576 14 55
577 14 56
578 14 57
579 14 66
580 14 67
581 14 68
582 14 69
583 14 71
584 14 73
585 14 75
586 14 80
587 14 83
588 14 99
589 14 122
590 14 123
591 14 124
592 14 125
593 14 126
594 14 127
595 14 128
596 14 129
597 14 130
598 14 131
599 14 132
600 14 133
601 14 134
602 14 135
603 14 137
604 14 148
605 14 151
606 14 152
607 14 153
608 14 154
609 14 155
610 14 156
611 14 157
612 14 158
613 15 3
614 15 6
615 15 64
616 15 65
617 15 71
618 15 73
619 15 75
620 15 80
621 15 84
622 15 85
623 15 86
624 15 99
625 15 122
626 15 132
627 15 133
628 15 134
629 15 135
630 15 136
631 15 137
632 15 148
633 15 149
634 15 150
635 15 159
636 16 2
637 16 6
638 16 19
639 16 20
640 16 21
641 16 22
642 16 23
643 16 64
644 16 65
645 16 71
646 16 72
647 16 73
648 16 75
649 16 80
650 16 84
651 16 86
652 16 99
653 16 122
654 16 123
655 16 124
656 16 125
657 16 126
658 16 127
659 16 128
660 16 129
661 16 130
662 16 131
663 16 151
664 16 152
665 16 153
666 16 154
667 16 155
668 16 156
669 16 157
670 16 158
671 16 159
672 17 2
673 17 6
674 17 16
675 17 17
676 17 18
677 17 23
678 17 64
679 17 65
680 17 74
681 17 80
682 17 84
683 17 86
684 17 99
685 17 132
686 17 133
687 17 134
688 17 135
689 17 136
690 18 2
691 18 6
692 18 14
693 18 15
694 18 19
695 18 20
696 18 21
697 18 22
698 18 74
699 18 80
700 18 84
701 18 86
702 18 99
703 18 124
704 18 125
705 18 126
706 18 127
707 18 128
708 18 129
709 18 132
710 18 133
711 18 134
712 18 135
713 18 136
714 19 2
715 19 6
716 19 14
717 19 15
718 19 19
719 19 20
720 19 21
721 19 22
722 19 74
723 19 80
724 19 84
725 19 86
726 19 99
727 19 102
728 19 103
729 19 104
730 19 105
731 19 106
732 19 107
733 19 108
734 19 109
735 19 110
736 19 111
737 19 112
738 19 113
739 19 114
740 19 115
741 19 116
742 19 117
743 19 118
744 19 119
745 19 120
746 19 121
747 19 122
748 19 123
749 19 130
750 20 2
751 20 6
752 20 16
753 20 17
754 20 18
755 20 22
756 20 23
757 20 24
758 20 27
759 20 74
760 20 80
761 20 84
762 20 86
763 20 99
764 20 102
765 20 116
766 20 119
767 20 123
768 20 130
769 21 2
770 21 6
771 21 16
772 21 18
773 21 22
774 21 23
775 21 74
776 21 80
777 21 84
778 21 86
779 21 99
780 21 100
781 21 101
782 21 111
783 21 112
784 21 113
785 21 114
786 21 115
787 21 116
788 21 119
789 21 120
790 21 121
791 21 122
792 21 123
793 21 135
794 21 136
795 21 137
796 21 151
797 21 152
798 21 153
799 21 154
800 21 155
801 21 156
802 21 157
803 21 158
804 21 159
805 22 2
806 22 6
807 22 16
808 22 18
809 22 22
810 22 23
811 22 74
812 22 80
813 22 84
814 22 86
815 22 99
816 22 110
817 22 135
818 22 137
819 22 151
820 22 159
821 23 2
822 23 6
823 23 16
824 23 17
825 23 18
826 23 22
827 23 23
828 23 74
829 23 80
830 23 84
831 23 86
832 23 99
833 23 110
834 23 121
835 23 122
836 23 123
837 23 135
838 23 137
839 23 151
840 23 159
841 24 2
842 24 6
843 24 13
844 24 14
845 24 15
846 24 19
847 24 20
848 24 21
849 24 23
850 24 74
851 24 79
852 24 80
853 24 84
854 24 86
855 24 99
856 24 110
857 24 120
858 24 123
859 24 135
860 24 137
861 24 151
862 24 159
863 25 2
864 25 3
865 25 4
866 25 5
867 25 6
868 25 13
869 25 15
870 25 19
871 25 24
872 25 59
873 25 74
874 25 75
875 25 76
876 25 77
877 25 78
878 25 84
879 25 85
880 25 86
881 25 99
882 25 110
883 25 120
884 25 123
885 25 135
886 25 137
887 25 151
888 25 152
889 25 153
890 25 154
891 25 155
892 25 156
893 25 157
894 25 158
895 25 159
896 26 13
897 26 15
898 26 19
899 26 24
900 26 59
901 26 93
902 26 94
903 26 95
904 26 96
905 26 99
906 26 110
907 26 120
908 26 123
909 26 135
910 26 137
911 26 147
912 26 148
913 26 149
914 26 150
915 27 13
916 27 14
917 27 15
918 27 19
919 27 20
920 27 21
921 27 22
922 27 23
923 27 24
924 27 33
925 27 34
926 27 93
927 27 96
928 27 99
929 27 100
930 27 101
931 27 102
932 27 103
933 27 104
934 27 105
935 27 106
936 27 107
937 27 108
938 27 109
939 27 110
940 27 120
941 27 123
942 27 135
943 27 137
944 27 147
945 27 150
946 28 16
947 28 17
948 28 18
949 28 25
950 28 26
951 28 27
952 28 28
953 28 29
954 28 30
955 28 31
956 28 32
957 28 41
958 28 42
959 28 43
960 28 44
961 28 50
962 28 51
963 28 52
964 28 71
965 28 72
966 28 73
967 28 74
968 28 75
969 28 76
970 28 77
971 28 78
972 28 79
973 28 80
974 28 81
975 28 82
976 28 83
977 28 84
978 28 85
979 28 86
980 28 93
981 28 96
982 28 99
983 28 120
984 28 123
985 28 135
986 28 137
987 28 147
988 28 150
989 29 16
990 29 19
991 29 20
992 29 21
993 29 22
994 29 23
995 29 24
996 29 32
997 29 41
998 29 44
999 29 50
1000 29 52
1001 29 62
1002 29 63
1003 29 64
1004 29 65
1005 29 71
1006 29 86
1007 29 93
1008 29 96
1009 29 99
1010 29 116
1011 29 119
1012 29 124
1013 29 125
1014 29 135
1015 29 136
1016 29 137
1017 29 147
1018 29 150
1019 30 16
1020 30 32
1021 30 35
1022 30 36
1023 30 41
1024 30 44
1025 30 50
1026 30 52
1027 30 62
1028 30 65
1029 30 71
1030 30 80
1031 30 81
1032 30 82
1033 30 83
1034 30 84
1035 30 85
1036 30 86
1037 30 87
1038 30 88
1039 30 93
1040 30 94
1041 30 95
1042 30 96
1043 30 99
1044 30 114
1045 30 115
1046 30 117
1047 30 118
1048 30 120
1049 30 125
1050 30 137
1051 30 147
1052 30 151
1053 30 152
1054 30 153
1055 30 154
1056 30 155
1057 31 7
1058 31 16
1059 31 32
1060 31 35
1061 31 36
1062 31 41
1063 31 42
1064 31 43
1065 31 44
1066 31 50
1067 31 52
1068 31 62
1069 31 65
1070 31 71
1071 31 79
1072 31 99
1073 31 114
1074 31 117
1075 31 118
1076 31 120
1077 31 125
1078 31 137
1079 31 147
1080 31 156
1081 31 157
1082 31 158
1083 31 159
1084 32 7
1085 32 16
1086 32 32
1087 32 35
1088 32 36
1089 32 39
1090 32 40
1091 32 50
1092 32 52
1093 32 62
1094 32 65
1095 32 71
1096 32 79
1097 32 99
1098 32 114
1099 32 117
1100 32 118
1101 32 120
1102 32 125
1103 32 137
1104 32 147
1105 32 148
1106 32 149
1107 32 157
1108 32 158
1109 32 159
1110 33 7
1111 33 16
1112 33 33
1113 33 34
1114 33 38
1115 33 39
1116 33 50
1117 33 52
1118 33 55
1119 33 56
1120 33 57
1121 33 62
1122 33 65
1123 33 71
1124 33 79
1125 33 99
1126 33 114
1127 33 117
1128 33 118
1129 33 120
1130 33 125
1131 33 137
1132 33 150
1133 33 156
1134 34 1
1135 34 2
1136 34 3
1137 34 4
1138 34 5
1139 34 6
1140 34 16
1141 34 34
1142 34 38
1143 34 39
1144 34 50
1145 34 52
1146 34 55
1147 34 57
1148 34 62
1149 34 65
1150 34 71
1151 34 79
1152 34 99
1153 34 100
1154 34 101
1155 34 102
1156 34 114
1157 34 117
1158 34 118
1159 34 120
1160 34 121
1161 34 122
1162 34 123
1163 34 124
1164 34 125
1165 34 137
1166 34 150
1167 34 151
1168 34 152
1169 34 153
1170 34 154
1171 34 155
1172 35 1
1173 35 6
1174 35 16
1175 35 34
1176 35 38
1177 35 39
1178 35 47
1179 35 48
1180 35 49
1181 35 52
1182 35 55
1183 35 57
1184 35 62
1185 35 65
1186 35 71
1187 35 79
1188 35 99
1189 35 102
1190 35 114
1191 35 117
1192 35 118
1193 35 126
1194 35 127
1195 35 128
1196 35 129
1197 35 130
1198 35 131
1199 35 132
1200 35 133
1201 35 134
1202 35 135
1203 35 136
1204 35 138
1205 35 139
1206 35 140
1207 35 141
1208 35 142
1209 35 143
1210 35 144
1211 35 145
1212 35 146
1213 35 147
1214 35 148
1215 35 149
1216 35 156
1217 35 157
1218 35 158
1219 35 159
1220 35 160
1221 36 1
1222 36 6
1223 36 16
1224 36 17
1225 36 18
1226 36 19
1227 36 20
1228 36 21
1229 36 22
1230 36 23
1231 36 24
1232 36 25
1233 36 26
1234 36 27
1235 36 28
1236 36 29
1237 36 30
1238 36 31
1239 36 32
1240 36 33
1241 36 34
1242 36 38
1243 36 39
1244 36 47
1245 36 52
1246 36 56
1247 36 57
1248 36 62
1249 36 65
1250 36 71
1251 36 79
1252 36 99
1253 36 102
1254 36 114
1255 36 117
1256 36 118
1257 36 127
1258 36 133
1259 36 134
1260 36 136
1261 36 138
1262 36 149
1263 37 1
1264 37 6
1265 37 13
1266 37 14
1267 37 15
1268 37 38
1269 37 39
1270 37 47
1271 37 52
1272 37 56
1273 37 57
1274 37 62
1275 37 65
1276 37 71
1277 37 72
1278 37 73
1279 37 74
1280 37 75
1281 37 76
1282 37 77
1283 37 78
1284 37 79
1285 37 99
1286 37 100
1287 37 101
1288 37 102
1289 37 114
1290 37 117
1291 37 118
1292 37 128
1293 37 129
1294 37 130
1295 37 132
1296 37 135
1297 37 136
1298 37 138
1299 37 150
1300 37 151
1301 37 152
1302 37 153
1303 37 154
1304 37 155
1305 37 156
1306 37 157
1307 37 158
1308 37 159
1309 37 160
1310 38 1
1311 38 6
1312 38 13
1313 38 14
1314 38 15
1315 38 38
1316 38 39
1317 38 47
1318 38 53
1319 38 54
1320 38 55
1321 38 60
1322 38 61
1323 38 65
1324 38 69
1325 38 70
1326 38 89
1327 38 90
1328 38 91
1329 38 93
1330 38 94
1331 38 95
1332 38 96
1333 38 97
1334 38 98
1335 38 103
1336 38 104
1337 38 105
1338 38 106
1339 38 107
1340 38 108
1341 38 114
1342 38 115
1343 38 116
1344 38 131
1345 38 132
1346 38 135
1347 38 136
1348 38 138
1349 38 160
1350 39 1
1351 39 6
1352 39 38
1353 39 39
1354 39 47
1355 39 55
1356 39 60
1357 39 65
1358 39 69
1359 39 71
1360 39 72
1361 39 73
1362 39 89
1363 39 90
1364 39 91
1365 39 93
1366 39 94
1367 39 95
1368 39 96
1369 39 97
1370 39 99
1371 39 100
1372 39 101
1373 39 102
1374 39 108
1375 39 114
1376 39 116
1377 39 131
1378 39 132
1379 39 135
1380 39 136
1381 39 138
1382 39 139
1383 39 140
1384 39 141
1385 39 142
1386 39 160
1387 40 1
1388 40 6
1389 40 9
1390 40 10
1391 40 18
1392 40 19
1393 40 20
1394 40 21
1395 40 22
1396 40 23
1397 40 24
1398 40 25
1399 40 26
1400 40 27
1401 40 28
1402 40 29
1403 40 30
1404 40 31
1405 40 32
1406 40 33
1407 40 34
1408 40 35
1409 40 36
1410 40 37
1411 40 47
1412 40 48
1413 40 49
1414 40 50
1415 40 51
1416 40 52
1417 40 53
1418 40 54
1419 40 55
1420 40 60
1421 40 61
1422 40 65
1423 40 69
1424 40 73
1425 40 89
1426 40 98
1427 40 108
1428 40 114
1429 40 116
1430 40 131
1431 40 132
1432 40 137
1433 40 143
1434 40 144
1435 40 145
1436 40 146
1437 40 147
1438 40 148
1439 40 149
1440 40 150
1441 40 151
1442 40 152
1443 40 153
1444 40 154
1445 40 155
1446 40 156
1447 40 157
1448 40 158
1449 40 159
1450 40 160
1451 41 1
1452 41 5
1453 41 13
1454 41 14
1455 41 15
1456 41 16
1457 41 17
1458 41 33
1459 41 37
1460 41 56
1461 41 57
1462 41 58
1463 41 59
1464 41 62
1465 41 64
1466 41 65
1467 41 69
1468 41 70
1469 41 71
1470 41 72
1471 41 73
1472 41 89
1473 41 98
1474 41 108
1475 41 114
1476 41 116
1477 41 131
1478 41 132
1479 41 137
1480 42 1
1481 42 5
1482 42 13
1483 42 17
1484 42 33
1485 42 37
1486 42 56
1487 42 59
1488 42 62
1489 42 63
1490 42 74
1491 42 75
1492 42 76
1493 42 77
1494 42 78
1495 42 79
1496 42 80
1497 42 81
1498 42 82
1499 42 83
1500 42 84
1501 42 85
1502 42 86
1503 42 87
1504 42 88
1505 42 98
1506 42 108
1507 42 115
1508 42 116
1509 42 131
1510 42 132
1511 42 137
1512 42 142
1513 42 143
1514 42 144
1515 42 145
1516 42 146
1517 42 147
1518 42 148
1519 42 149
1520 42 159
1521 42 160
1522 43 1
1523 43 5
1524 43 13
1525 43 17
1526 43 33
1527 43 37
1528 43 56
1529 43 57
1530 43 58
1531 43 59
1532 43 74
1533 43 75
1534 43 76
1535 43 77
1536 43 78
1537 43 79
1538 43 80
1539 43 81
1540 43 82
1541 43 83
1542 43 84
1543 43 85
1544 43 86
1545 43 87
1546 43 88
1547 43 98
1548 43 104
1549 43 105
1550 43 106
1551 43 107
1552 43 108
1553 43 117
1554 43 118
1555 43 119
1556 43 120
1557 43 121
1558 43 122
1559 43 123
1560 43 124
1561 43 125
1562 43 126
1563 43 127
1564 43 128
1565 43 129
1566 43 130
1567 43 133
1568 43 134
1569 43 137
1570 43 138
1571 43 139
1572 43 140
1573 43 141
1574 43 147
1575 44 1
1576 44 2
1577 44 3
1578 44 4
1579 44 5
1580 44 13
1581 44 17
1582 44 33
1583 44 37
1584 44 55
1585 44 60
1586 44 61
1587 44 62
1588 44 63
1589 44 67
1590 44 68
1591 44 69
1592 44 70
1593 44 71
1594 44 72
1595 44 73
1596 44 89
1597 44 93
1598 44 94
1599 44 95
1600 44 96
1601 44 97
1602 44 103
1603 44 109
1604 44 110
1605 44 115
1606 44 116
1607 44 132
1608 44 138
1609 44 148
1610 44 149
1611 44 159
1612 44 160
1613 45 13
1614 45 17
1615 45 33
1616 45 37
1617 45 55
1618 45 57
1619 45 58
1620 45 59
1621 45 63
1622 45 67
1623 45 73
1624 45 89
1625 45 93
1626 45 103
1627 45 109
1628 45 110
1629 45 115
1630 45 132
1631 45 138
1632 45 150
1633 45 151
1634 45 152
1635 45 153
1636 45 154
1637 45 159
1638 45 160
1639 46 13
1640 46 17
1641 46 33
1642 46 37
1643 46 55
1644 46 57
1645 46 63
1646 46 67
1647 46 73
1648 46 89
1649 46 93
1650 46 103
1651 46 109
1652 46 110
1653 46 115
1654 46 133
1655 46 134
1656 46 138
1657 46 149
1658 47 5
1659 47 13
1660 47 17
1661 47 33
1662 47 37
1663 47 57
1664 47 58
1665 47 59
1666 47 60
1667 47 61
1668 47 62
1669 47 63
1670 47 67
1671 47 73
1672 47 89
1673 47 93
1674 47 103
1675 47 109
1676 47 110
1677 47 113
1678 47 114
1679 47 132
1680 47 133
1681 47 134
1682 47 138
1683 47 139
1684 47 140
1685 47 141
1686 47 142
1687 47 143
1688 47 144
1689 47 145
1690 47 146
1691 47 147
1692 47 148
1693 47 149
1694 47 159
1695 47 160
1696 48 5
1697 48 13
1698 48 17
1699 48 33
1700 48 37
1701 48 56
1702 48 67
1703 48 73
1704 48 89
1705 48 93
1706 48 103
1707 48 109
1708 48 110
1709 48 113
1710 48 131
1711 49 5
1712 49 9
1713 49 10
1714 49 12
1715 49 13
1716 49 14
1717 49 15
1718 49 16
1719 49 17
1720 49 33
1721 49 37
1722 49 67
1723 49 73
1724 49 89
1725 49 93
1726 49 103
1727 49 109
1728 49 110
1729 49 113
1730 49 131
1731 50 1
1732 50 2
1733 50 3
1734 50 4
1735 50 28
1736 50 29
1737 50 30
1738 50 31
1739 50 33
1740 50 37
1741 50 44
1742 50 45
1743 50 67
1744 50 68
1745 50 69
1746 50 70
1747 50 71
1748 50 72
1749 50 73
1750 50 89
1751 50 93
1752 50 103
1753 50 109
1754 50 110
1755 50 113
1756 50 131
1757 51 1
1758 51 2
1759 51 3
1760 51 4
1761 51 28
1762 51 31
1763 51 33
1764 51 37
1765 51 44
1766 51 45
1767 51 88
1768 51 89
1769 51 93
1770 51 103
1771 51 109
1772 51 110
1773 51 113
1774 51 131
1775 52 9
1776 52 10
1777 52 12
1778 52 13
1779 52 14
1780 52 15
1781 52 16
1782 52 18
1783 52 19
1784 52 20
1785 52 21
1786 52 22
1787 52 23
1788 52 24
1789 52 25
1790 52 26
1791 52 27
1792 52 31
1793 52 33
1794 52 37
1795 52 44
1796 52 45
1797 52 88
1798 52 89
1799 52 93
1800 52 103
1801 52 109
1802 52 110
1803 52 113
1804 52 131
1805 52 159
1806 52 160
1807 53 20
1808 53 21
1809 53 22
1810 53 23
1811 53 24
1812 53 25
1813 53 26
1814 53 27
1815 53 28
1816 53 29
1817 53 31
1818 53 33
1819 53 34
1820 53 35
1821 53 36
1822 53 37
1823 53 44
1824 53 45
1825 53 88
1826 53 89
1827 53 93
1828 53 103
1829 53 109
1830 53 110
1831 53 113
1832 53 131
1833 53 159
1834 53 160
1835 54 30
1836 54 31
1837 54 38
1838 54 39
1839 54 40
1840 54 41
1841 54 42
1842 54 43
1843 54 46
1844 54 88
1845 54 89
1846 54 93
1847 54 103
1848 54 109
1849 54 110
1850 54 113
1851 54 131
1852 54 159
1853 54 160
1854 55 30
1855 55 32
1856 55 88
1857 55 89
1858 55 93
1859 55 103
1860 55 109
1861 55 110
1862 55 113
1863 55 125
1864 55 126
1865 55 131
1866 56 0
1867 56 30
1868 56 32
1869 56 79
1870 56 88
1871 56 89
1872 56 93
1873 56 102
1874 56 103
1875 56 109
1876 56 110
1877 56 113
1878 56 124
1879 56 127
1880 56 131
1881 57 0
1882 57 30
1883 57 32
1884 57 79
1885 57 88
1886 57 89
1887 57 93
1888 57 94
1889 57 95
1890 57 96
1891 57 97
1892 57 101
1893 57 104
1894 57 105
1895 57 106
1896 57 107
1897 57 108
1898 57 110
1899 57 113
1900 57 124
1901 57 127
1902 57 131
1903 58 30
1904 58 32
1905 58 79
1906 58 88
1907 58 90
1908 58 91
1909 58 92
1910 58 98
1911 58 101
1912 58 104
1913 58 110
1914 58 113
1915 58 124
1916 58 127
1917 58 131
1918 59 1
1919 59 30
1920 59 32
1921 59 79
1922 59 88
1923 59 92
1924 59 98
1925 59 101
1926 59 104
1927 59 110
1928 59 113
1929 59 124
1930 59 127
1931 59 131
1932 59 145
1933 59 146
1934 59 147
1935 59 148
1936 60 1
1937 60 30
1938 60 32
1939 60 79
1940 60 88
1941 60 92
1942 60 98
1943 60 99
1944 60 101
1945 60 104
1946 60 105
1947 60 106
1948 60 107
1949 60 108
1950 60 109
1951 60 110
1952 60 113
1953 60 114
1954 60 115
1955 60 116
1956 60 117
1957 60 118
1958 60 119
1959 60 120
1960 60 121
1961 60 122
1962 60 123
1963 60 124
1964 60 127
1965 60 131
1966 61 1
1967 61 23
1968 61 24
1969 61 25
1970 61 26
1971 61 27
1972 61 28
1973 61 29
1974 61 32
1975 61 79
1976 61 80
1977 61 81
1978 61 82
1979 61 83
1980 61 84
1981 61 85
1982 61 86
1983 61 87
1984 61 93
1985 61 94
1986 61 95
1987 61 100
1988 61 101
1989 61 104
1990 61 124
1991 61 127
1992 61 131
1993 62 1
1994 62 23
1995 62 32
1996 62 79
1997 62 96
1998 62 97
1999 62 98
2000 62 99
2001 62 104
2002 62 124
2003 62 127
2004 62 131
2005 63 1
2006 63 2
2007 63 3
2008 63 4
2009 63 23
2010 63 32
2011 63 79
2012 63 98
2013 63 124
2014 63 127
2015 63 128
2016 63 129
2017 63 131
2018 64 1
2019 64 2
2020 64 3
2021 64 23
2022 64 31
2023 64 37
2024 64 44
2025 64 45
2026 64 46
2027 64 79
2028 64 98
2029 64 130
2030 64 131
2031 64 152
2032 64 153
2033 64 154
2034 64 155
2035 64 156
2036 64 157
2037 64 158
2038 64 159
2039 64 160
2040 65 0
2041 65 18
2042 65 19
2043 65 20
2044 65 21
2045 65 22
2046 65 23
2047 65 24
2048 65 25
2049 65 26
2050 65 27
2051 65 28
2052 65 29
2053 65 30
2054 65 31
2055 65 38
2056 65 39
2057 65 40
2058 65 41
2059 65 42
2060 65 43
2061 65 79
2062 65 98
2063 65 115
2064 65 116
2065 65 122
2066 65 124
2067 65 130
2068 65 131
2069 65 153
2070 65 154
2071 65 155
2072 65 156
2073 65 157
2074 66 0
2075 66 32
2076 66 38
2077 66 43
2078 66 79
2079 66 98
2080 66 115
2081 66 116
2082 67 0
2083 67 32
2084 67 38
2085 67 39
2086 67 40
2087 67 41
2088 67 42
2089 67 43
2090 67 79
2091 67 80
2092 67 81
2093 67 82
2094 67 83
2095 67 98
2096 67 104
2097 67 105
2098 67 106
2099 67 107
2100 67 108
2101 67 109
2102 67 110
2103 67 113
2104 67 114
2105 67 117
2106 67 118
2107 67 119
2108 68 0
2109 68 1
2110 68 2
2111 68 3
2112 68 4
2113 68 12
2114 68 28
2115 68 29
2116 68 30
2117 68 31
2118 68 32
2119 68 37
2120 68 44
2121 68 45
2122 68 46
2123 68 59
2124 68 60
2125 68 61
2126 68 62
2127 68 63
2128 68 68
2129 68 69
2130 68 70
2131 68 71
2132 68 72
2133 68 73
2134 68 74
2135 68 75
2136 68 84
2137 68 98
2138 68 115
2139 68 116
2140 68 153
2141 68 154
2142 68 155
2143 68 156
2144 68 157
2145 69 0
2146 69 1
2147 69 2
2148 69 3
2149 69 4
2150 69 7
2151 69 8
2152 69 9
2153 69 10
2154 69 11
2155 69 28
2156 69 32
2157 69 37
2158 69 44
2159 69 46
2160 69 59
2161 69 63
2162 69 68
2163 69 76
2164 69 84
2165 69 96
2166 69 97
2167 69 98
2168 69 115
2169 69 116
2170 70 5
2171 70 6
2172 70 11
2173 70 28
2174 70 32
2175 70 37
2176 70 44
2177 70 45
2178 70 46
2179 70 59
2180 70 60
2181 70 61
2182 70 62
2183 70 63
2184 70 68
2185 70 69
2186 70 70
2187 70 71
2188 70 72
2189 70 73
2190 70 74
2191 70 75
2192 70 76
2193 70 84
2194 70 85
2195 70 86
2196 70 87
2197 70 88
2198 70 89
2199 70 90
2200 70 91
2201 70 92
2202 70 93
2203 70 94
2204 70 95
2205 70 115
2206 70 116
2207 71 5
2208 71 11
2209 71 28
2210 71 32
2211 71 38
2212 71 39
2213 71 40
2214 71 41
2215 71 42
2216 71 43
2217 72 5
2218 72 11
2219 72 28
2220 72 32
2221 72 38
2222 72 39
2223 72 40
2224 72 41
2225 72 42
2226 72 43
2227 73 5
2228 73 6
2229 73 7
2230 73 8
2231 73 9
2232 73 10
2233 73 11
2234 73 12
2235 73 13
2236 73 28
2237 73 31
2238 73 37
2239 73 44
2240 73 45
2241 73 46
2242 73 91
2243 73 92
2244 73 93
2245 73 94
2246 73 95
2247 73 115
2248 73 116
2249 73 117
2250 73 118
2251 73 119
2252 73 120
2253 73 121
2254 73 130
2255 73 131
2256 73 153
2257 73 154
2258 73 155
2259 73 156
2260 73 157
2261 74 5
2262 74 14
2263 74 15
2264 74 16
2265 74 17
2266 74 18
2267 74 19
2268 74 20
2269 74 21
2270 74 22
2271 74 23
2272 74 24
2273 74 25
2274 74 26
2275 74 27
2276 74 31
2277 74 37
2278 74 44
2279 74 46
2280 74 91
2281 74 95
2282 74 115
2283 74 122
2284 74 123
2285 74 124
2286 74 127
2287 74 128
2288 74 129
2289 74 132
2290 74 133
2291 74 134
2292 74 135
2293 74 142
2294 74 143
2295 74 144
2296 74 145
2297 74 146
2298 74 147
2299 74 148
2300 74 149
2301 74 150
2302 74 151
2303 74 152
2304 74 153
2305 74 154
2306 74 155
2307 74 156
2308 74 157
2309 75 5
2310 75 14
2311 75 31
2312 75 38
2313 75 39
2314 75 40
2315 75 41
2316 75 42
2317 75 44
2318 75 46
2319 75 55
2320 75 91
2321 75 95
2322 75 115
2323 75 116
2324 75 124
2325 75 127
2326 75 128
2327 75 129
2328 75 132
2329 75 135
2330 75 142
2331 75 148
2332 76 5
2333 76 14
2334 76 31
2335 76 38
2336 76 42
2337 76 44
2338 76 46
2339 76 50
2340 76 51
2341 76 52
2342 76 53
2343 76 54
2344 76 55
2345 76 91
2346 76 95
2347 76 105
2348 76 106
2349 76 107
2350 76 108
2351 76 109
2352 76 110
2353 76 113
2354 76 114
2355 76 117
2356 76 125
2357 76 126
2358 76 132
2359 76 135
2360 76 142
2361 76 148
2362 77 5
2363 77 14
2364 77 32
2365 77 38
2366 77 42
2367 77 44
2368 77 46
2369 77 50
2370 77 55
2371 77 59
2372 77 60
2373 77 61
2374 77 62
2375 77 63
2376 77 68
2377 77 91
2378 77 95
2379 77 105
2380 77 106
2381 77 107
2382 77 108
2383 77 109
2384 77 110
2385 77 113
2386 77 114
2387 77 117
2388 77 126
2389 77 132
2390 77 135
2391 77 142
2392 77 143
2393 77 144
2394 77 145
2395 77 146
2396 77 147
2397 77 148
2398 78 5
2399 78 14
2400 78 15
2401 78 16
2402 78 17
2403 78 18
2404 78 19
2405 78 32
2406 78 38
2407 78 42
2408 78 44
2409 78 46
2410 78 50
2411 78 55
2412 78 59
2413 78 63
2414 78 83
2415 78 84
2416 78 85
2417 78 86
2418 78 87
2419 78 88
2420 78 89
2421 78 90
2422 78 91
2423 78 92
2424 78 93
2425 78 94
2426 78 95
2427 78 104
2428 78 111
2429 78 112
2430 78 117
2431 78 126
2432 78 132
2433 78 136
2434 78 137
2435 78 138
2436 78 139
2437 78 140
2438 78 141
2439 78 149
2440 78 150
2441 78 151
2442 78 152
2443 78 153
2444 78 154
2445 78 155
2446 78 156
2447 78 157
2448 79 5
2449 79 12
2450 79 13
2451 79 20
2452 79 21
2453 79 32
2454 79 38
2455 79 42
2456 79 44
2457 79 46
2458 79 50
2459 79 55
2460 79 59
2461 79 63
2462 79 104
2463 79 111
2464 79 112
2465 79 117
2466 79 126
2467 79 132
2468 79 141
2469 79 149
2470 79 150
2471 80 5
2472 80 12
2473 80 14
2474 80 15
2475 80 16
2476 80 17
2477 80 18
2478 80 19
2479 80 22
2480 80 32
2481 80 38
2482 80 42
2483 80 44
2484 80 45
2485 80 46
2486 80 50
2487 80 55
2488 80 59
2489 80 60
2490 80 61
2491 80 62
2492 80 63
2493 80 104
2494 80 111
2495 80 112
2496 80 117
2497 80 126
2498 80 132
2499 80 141
2500 80 149
2501 80 150
2502 81 5
2503 81 12
2504 81 13
2505 81 14
2506 81 19
2507 81 22
2508 81 32
2509 81 38
2510 81 43
2511 81 46
2512 81 50
2513 81 55
2514 81 104
2515 81 111
2516 81 112
2517 81 117
2518 81 126
2519 81 132
2520 81 141
2521 81 149
2522 81 150
2523 82 5
2524 82 7
2525 82 8
2526 82 9
2527 82 10
2528 82 11
2529 82 15
2530 82 19
2531 82 22
2532 82 32
2533 82 38
2534 82 39
2535 82 40
2536 82 41
2537 82 42
2538 82 43
2539 82 46
2540 82 47
2541 82 48
2542 82 49
2543 82 50
2544 82 51
2545 82 52
2546 82 53
2547 82 54
2548 82 55
2549 82 104
2550 82 111
2551 82 112
2552 82 117
2553 82 126
2554 82 132
2555 82 142
2556 82 143
2557 82 144
2558 82 145
2559 82 146
2560 82 147
2561 82 148
2562 82 149
2563 82 151
2564 82 152
2565 82 153
2566 82 154
2567 83 5
2568 83 7
2569 83 10
2570 83 11
2571 83 15
2572 83 19
2573 83 22
2574 83 23
2575 83 24
2576 83 25
2577 83 26
2578 83 27
2579 83 28
2580 83 29
2581 83 30
2582 83 31
2583 83 32
2584 83 38
2585 83 46
2586 83 49
2587 83 83
2588 83 84
2589 83 85
2590 83 86
2591 83 87
2592 83 93
2593 83 94
2594 83 95
2595 83 105
2596 83 106
2597 83 107
2598 83 108
2599 83 109
2600 83 110
2601 83 112
2602 83 117
2603 83 127
2604 83 128
2605 83 129
2606 83 130
2607 83 132
2608 83 149
2609 83 151
2610 83 154
2611 84 5
2612 84 7
2613 84 9
2614 84 12
2615 84 13
2616 84 14
2617 84 19
2618 84 37
2619 84 38
2620 84 46
2621 84 47
2622 84 48
2623 84 49
2624 84 83
2625 84 84
2626 84 85
2627 84 86
2628 84 87
2629 84 93
2630 84 94
2631 84 95
2632 84 105
2633 84 113
2634 84 114
2635 84 115
2636 84 116
2637 84 118
2638 84 130
2639 84 132
2640 84 149
2641 84 151
2642 84 154
2643 85 5
2644 85 7
2645 85 9
2646 85 12
2647 85 19
2648 85 37
2649 85 38
2650 85 44
2651 85 45
2652 85 50
2653 85 51
2654 85 52
2655 85 53
2656 85 54
2657 85 55
2658 85 105
2659 85 106
2660 85 107
2661 85 108
2662 85 109
2663 85 110
2664 85 111
2665 85 112
2666 85 113
2667 85 114
2668 85 115
2669 85 116
2670 85 118
2671 85 130
2672 85 132
2673 85 138
2674 85 139
2675 85 147
2676 85 148
2677 85 149
2678 85 151
2679 85 154
2680 86 5
2681 86 7
2682 86 9
2683 86 12
2684 86 19
2685 86 37
2686 86 38
2687 86 44
2688 86 45
2689 86 50
2690 86 53
2691 86 54
2692 86 55
2693 86 94
2694 86 95
2695 86 104
2696 86 117
2697 86 118
2698 86 119
2699 86 120
2700 86 121
2701 86 122
2702 86 123
2703 86 124
2704 86 125
2705 86 126
2706 86 127
2707 86 130
2708 86 132
2709 86 137
2710 86 140
2711 86 146
2712 86 150
2713 86 154
2714 87 5
2715 87 7
2716 87 8
2717 87 9
2718 87 12
2719 87 13
2720 87 14
2721 87 19
2722 87 30
2723 87 31
2724 87 32
2725 87 39
2726 87 40
2727 87 41
2728 87 42
2729 87 43
2730 87 50
2731 87 51
2732 87 52
2733 87 94
2734 87 95
2735 87 104
2736 87 128
2737 87 130
2738 87 132
2739 87 137
2740 87 140
2741 87 146
2742 87 150
2743 87 154
2744 88 15
2745 88 16
2746 88 17
2747 88 18
2748 88 19
2749 88 30
2750 88 32
2751 88 39
2752 88 43
2753 88 53
2754 88 54
2755 88 55
2756 88 94
2757 88 95
2758 88 104
2759 88 128
2760 88 130
2761 88 132
2762 88 137
2763 88 140
2764 88 146
2765 88 150
2766 88 154
2767 89 30
2768 89 32
2769 89 39
2770 89 43
2771 89 94
2772 89 95
2773 89 104
2774 89 128
2775 89 130
2776 89 132
2777 89 137
2778 89 140
2779 89 141
2780 89 146
2781 89 150
2782 89 154
2783 90 30
2784 90 32
2785 90 39
2786 90 43
2787 90 94
2788 90 95
2789 90 104
2790 90 128
2791 90 130
2792 90 132
2793 90 138
2794 90 139
2795 90 142
2796 90 146
2797 90 150
2798 90 154
2799 91 30
2800 91 32
2801 91 39
2802 91 41
2803 91 42
2804 91 43
2805 91 93
2806 91 96
2807 91 97
2808 91 98
2809 91 101
2810 91 102
2811 91 103
2812 91 105
2813 91 106
2814 91 107
2815 91 108
2816 91 109
2817 91 110
2818 91 128
2819 91 130
2820 91 132
2821 91 139
2822 91 142
2823 91 144
2824 91 145
2825 91 146
2826 91 150
2827 91 154
2828 92 30
2829 92 32
2830 92 39
2831 92 40
2832 92 93
2833 92 96
2834 92 98
2835 92 101
2836 92 110
2837 92 128
2838 92 130
2839 92 132
2840 92 139
2841 92 142
2842 92 143
2843 92 146
2844 92 150
2845 92 154
2846 93 30
2847 93 32
2848 93 39
2849 93 40
2850 93 76
2851 93 89
2852 93 90
2853 93 91
2854 93 92
2855 93 93
2856 93 96
2857 93 98
2858 93 101
2859 93 110
2860 93 128
2861 93 130
2862 93 132
2863 93 139
2864 93 142
2865 93 143
2866 93 146
2867 93 150
2868 93 154
2869 94 30
2870 94 31
2871 94 32
2872 94 39
2873 94 40
2874 94 64
2875 94 65
2876 94 66
2877 94 76
2878 94 89
2879 94 93
2880 94 96
2881 94 98
2882 94 101
2883 94 110
2884 94 128
2885 94 130
2886 94 132
2887 94 139
2888 94 142
2889 94 143
2890 94 146
2891 94 150
2892 94 154
2893 95 22
2894 95 23
2895 95 24
2896 95 25
2897 95 26
2898 95 27
2899 95 28
2900 95 29
2901 95 64
2902 95 66
2903 95 76
2904 95 89
2905 95 93
2906 95 96
2907 95 98
2908 95 101
2909 95 110
2910 95 128
2911 95 130
2912 95 132
2913 95 139
2914 95 142
2915 95 143
2916 95 146
2917 95 150
2918 95 154
2919 96 22
2920 96 29
2921 96 39
2922 96 64
2923 96 66
2924 96 76
2925 96 89
2926 96 93
2927 96 96
2928 96 98
2929 96 101
2930 96 110
2931 96 128
2932 96 130
2933 96 132
2934 96 136
2935 96 137
2936 96 139
2937 96 142
2938 96 143
2939 96 146
2940 96 150
2941 96 154
2942 97 1
2943 97 2
2944 97 22
2945 97 29
2946 97 39
2947 97 64
2948 97 66
2949 97 76
2950 97 89
2951 97 93
2952 97 96
2953 97 98
2954 97 101
2955 97 110
2956 97 128
2957 97 130
2958 97 132
2959 97 135
2960 97 138
2961 97 139
2962 97 142
2963 97 143
2964 97 146
2965 97 150
2966 97 154
2967 98 1
2968 98 2
2969 98 22
2970 98 23
2971 98 24
2972 98 25
2973 98 26
2974 98 27
2975 98 28
2976 98 29
2977 98 39
2978 98 64
2979 98 66
2980 98 76
2981 98 89
2982 98 93
2983 98 96
2984 98 98
2985 98 101
2986 98 110
2987 98 128
2988 98 129
2989 98 131
2990 98 135
2991 98 138
2992 98 139
2993 98 142
2994 98 143
2995 98 146
2996 98 150
2997 98 154
2998 99 1
2999 99 2
3000 99 39
3001 99 64
3002 99 66
3003 99 76
3004 99 80
3005 99 81
3006 99 82
3007 99 89
3008 99 93
3009 99 96
3010 99 98
3011 99 101
3012 99 110
3013 99 128
3014 99 129
3015 99 131
3016 99 135
3017 99 138
3018 99 139
3019 99 142
3020 99 143
3021 99 146
3022 99 150
3023 99 151
3024 99 152
3025 99 153
3026 99 154
3027 100 1
3028 100 3
3029 100 4
3030 100 39
3031 100 64
3032 100 66
3033 100 76
3034 100 80
3035 100 83
3036 100 84
3037 100 85
3038 100 86
3039 100 87
3040 100 88
3041 100 93
3042 100 96
3043 100 98
3044 100 101
3045 100 110
3046 100 128
3047 100 129
3048 100 131
3049 100 132
3050 100 133
3051 100 134
3052 100 135
3053 100 138
3054 100 139
3055 100 142
3056 100 143
3057 100 146
3058 100 147
3059 100 148
3060 100 149
3061 100 155
3062 100 156
3063 100 157
3064 101 1
3065 101 2
3066 101 38
3067 101 40
3068 101 53
3069 101 54
3070 101 55
3071 101 58
3072 101 59
3073 101 64
3074 101 65
3075 101 66
3076 101 76
3077 101 80
3078 101 85
3079 101 89
3080 101 93
3081 101 96
3082 101 98
3083 101 101
3084 101 110
3085 101 128
3086 101 129
3087 101 140
3088 101 141
3089 101 144
3090 101 145
3091 101 150
3092 101 151
3093 101 152
3094 101 153
3095 101 154
3096 101 157
3097 102 1
3098 102 2
3099 102 38
3100 102 40
3101 102 53
3102 102 55
3103 102 58
3104 102 59
3105 102 76
3106 102 80
3107 102 85
3108 102 89
3109 102 93
3110 102 96
3111 102 98
3112 102 101
3113 102 110
3114 102 128
3115 102 129
3116 102 140
3117 102 141
3118 102 144
3119 102 145
3120 102 150
3121 102 151
3122 102 152
3123 102 153
3124 102 154
3125 102 155
3126 102 156
3127 102 157
3128 103 1
3129 103 2
3130 103 18
3131 103 19
3132 103 20
3133 103 21
3134 103 22
3135 103 23
3136 103 38
3137 103 40
3138 103 53
3139 103 55
3140 103 58
3141 103 59
3142 103 76
3143 103 80
3144 103 85
3145 103 89
3146 103 93
3147 103 96
3148 103 98
3149 103 101
3150 103 102
3151 103 103
3152 103 104
3153 103 105
3154 103 106
3155 103 107
3156 103 108
3157 103 109
3158 103 110
3159 103 130
3160 103 131
3161 103 132
3162 103 133
3163 103 134
3164 103 135
3165 103 138
3166 103 139
3167 103 142
3168 103 143
3169 103 146
3170 103 147
3171 103 148
3172 103 149
3173 103 158
3174 103 159
3175 103 160
3176 104 1
3177 104 2
3178 104 15
3179 104 16
3180 104 17
3181 104 22
3182 104 23
3183 104 38
3184 104 40
3185 104 53
3186 104 55
3187 104 58
3188 104 59
3189 104 76
3190 104 80
3191 104 85
3192 104 89
3193 104 93
3194 104 96
3195 104 98
3196 104 101
3197 104 111
3198 104 112
3199 104 113
3200 104 114
3201 104 115
3202 104 120
3203 104 121
3204 104 122
3205 104 123
3206 104 124
3207 104 125
3208 104 126
3209 104 127
3210 104 128
3211 104 129
3212 104 140
3213 104 141
3214 104 144
3215 104 145
3216 104 150
3217 104 151
3218 104 152
3219 104 153
3220 104 154
3221 104 155
3222 104 156
3223 104 157
3224 105 1
3225 105 2
3226 105 15
3227 105 17
3228 105 22
3229 105 23
3230 105 38
3231 105 40
3232 105 53
3233 105 55
3234 105 58
3235 105 59
3236 105 76
3237 105 80
3238 105 85
3239 105 89
3240 105 93
3241 105 96
3242 105 98
3243 105 101
3244 105 111
3245 105 113
3246 105 114
3247 105 115
3248 105 120
3249 105 121
3250 105 122
3251 105 123
3252 105 124
3253 105 125
3254 105 126
3255 105 127
3256 105 128
3257 105 129
3258 105 140
3259 105 141
3260 105 144
3261 105 145
3262 105 150
3263 105 157
3264 106 1
3265 106 2
3266 106 15
3267 106 17
3268 106 22
3269 106 23
3270 106 38
3271 106 40
3272 106 53
3273 106 55
3274 106 58
3275 106 59
3276 106 76
3277 106 80
3278 106 83
3279 106 84
3280 106 85
3281 106 89
3282 106 90
3283 106 91
3284 106 92
3285 106 93
3286 106 96
3287 106 97
3288 106 98
3289 106 101
3290 106 111
3291 106 112
3292 106 116
3293 106 117
3294 106 118
3295 106 119
3296 106 140
3297 106 141
3298 106 144
3299 106 145
3300 106 150
3301 106 151
3302 106 152
3303 106 153
3304 106 154
3305 106 155
3306 106 156
3307 106 157
3308 107 1
3309 107 2
3310 107 15
3311 107 17
3312 107 22
3313 107 23
3314 107 38
3315 107 40
3316 107 53
3317 107 54
3318 107 55
3319 107 58
3320 107 59
3321 107 76
3322 107 80
3323 107 82
3324 107 116
3325 107 119
3326 107 139
3327 107 142
3328 107 143
3329 107 146
3330 107 147
3331 107 148
3332 107 149
3333 107 158
3334 107 159
3335 107 160
3336 108 1
3337 108 2
3338 108 15
3339 108 17
3340 108 22
3341 108 23
3342 108 38
3343 108 40
3344 108 41
3345 108 42
3346 108 43
3347 108 44
3348 108 45
3349 108 46
3350 108 47
3351 108 48
3352 108 49
3353 108 50
3354 108 51
3355 108 52
3356 108 58
3357 108 59
3358 108 76
3359 108 80
3360 108 82
3361 108 116
3362 108 119
3363 108 139
3364 108 142
3365 108 143
3366 108 146
3367 108 149
3368 108 158
3369 108 160
3370 109 1
3371 109 2
3372 109 15
3373 109 16
3374 109 17
3375 109 23
3376 109 38
3377 109 40
3378 109 47
3379 109 50
3380 109 52
3381 109 58
3382 109 59
3383 109 76
3384 109 80
3385 109 82
3386 109 86
3387 109 87
3388 109 88
3389 109 116
3390 109 119
3391 109 139
3392 109 142
3393 109 143
3394 109 146
3395 109 149
3396 109 158
3397 109 160
3398 110 1
3399 110 2
3400 110 18
3401 110 19
3402 110 20
3403 110 21
3404 110 22
3405 110 23
3406 110 38
3407 110 40
3408 110 47
3409 110 50
3410 110 51
3411 110 52
3412 110 58
3413 110 59
3414 110 76
3415 110 80
3416 110 82
3417 110 86
3418 110 88
3419 110 117
3420 110 120
3421 110 121
3422 110 122
3423 110 123
3424 110 124
3425 110 125
3426 110 126
3427 110 140
3428 110 141
3429 110 143
3430 110 146
3431 110 147
3432 110 148
3433 110 149
3434 110 158
3435 110 159
3436 110 160
3437 111 1
3438 111 2
3439 111 18
3440 111 20
3441 111 21
3442 111 22
3443 111 23
3444 111 38
3445 111 40
3446 111 48
3447 111 49
3448 111 53
3449 111 58
3450 111 59
3451 111 76
3452 111 80
3453 111 81
3454 111 82
3455 111 86
3456 111 87
3457 111 88
3458 111 117
3459 111 118
3460 111 119
3461 111 120
3462 111 127
3463 111 140
3464 111 141
3465 111 144
3466 111 145
3467 111 150
3468 111 151
3469 111 152
3470 111 153
3471 111 154
3472 111 155
3473 111 156
3474 112 1
3475 112 2
3476 112 18
3477 112 19
3478 112 37
3479 112 38
3480 112 40
3481 112 49
3482 112 53
3483 112 58
3484 112 59
3485 112 64
3486 112 65
3487 112 66
3488 112 73
3489 112 74
3490 112 75
3491 112 77
3492 112 78
3493 112 79
3494 112 83
3495 112 84
3496 112 85
3497 112 89
3498 112 90
3499 112 91
3500 112 92
3501 112 93
3502 112 97
3503 112 98
3504 112 116
3505 112 121
3506 112 127
3507 112 140
3508 112 141
3509 112 144
3510 112 145
3511 112 150
3512 112 151
3513 112 152
3514 112 153
3515 112 154
3516 112 155
3517 112 156
3518 113 1
3519 113 2
3520 113 6
3521 113 7
3522 113 8
3523 113 9
3524 113 10
3525 113 11
3526 113 12
3527 113 15
3528 113 16
3529 113 17
3530 113 19
3531 113 37
3532 113 38
3533 113 40
3534 113 49
3535 113 53
3536 113 58
3537 113 59
3538 113 64
3539 113 66
3540 113 73
3541 113 75
3542 113 77
3543 113 79
3544 113 83
3545 113 85
3546 113 88
3547 113 92
3548 113 93
3549 113 97
3550 113 98
3551 113 111
3552 113 112
3553 113 113
3554 113 114
3555 113 115
3556 113 116
3557 113 121
3558 113 127
3559 114 1
3560 114 2
3561 114 6
3562 114 12
3563 114 15
3564 114 17
3565 114 19
3566 114 37
3567 114 38
3568 114 40
3569 114 49
3570 114 53
3571 114 58
3572 114 59
3573 114 64
3574 114 66
3575 114 73
3576 114 75
3577 114 77
3578 114 79
3579 114 83
3580 114 85
3581 114 88
3582 114 92
3583 114 93
3584 114 97
3585 114 98
3586 114 111
3587 114 116
3588 114 121
3589 114 127
3590 115 1
3591 115 2
3592 115 6
3593 115 12
3594 115 15
3595 115 18
3596 115 37
3597 115 38
3598 115 40
3599 115 41
3600 115 42
3601 115 43
3602 115 44
3603 115 45
3604 115 46
3605 115 47
3606 115 49
3607 115 53
3608 115 58
3609 115 59
3610 115 64
3611 115 66
3612 115 73
3613 115 75
3614 115 77
3615 115 79
3616 115 83
3617 115 85
3618 115 88
3619 115 92
3620 115 93
3621 115 97
3622 115 98
3623 115 111
3624 115 116
3625 115 121
3626 115 124
3627 115 125
3628 115 126
3629 115 127
3630 115 132
3631 115 135
3632 115 138
3633 115 140
3634 115 141
3635 116 1
3636 116 2
3637 116 6
3638 116 12
3639 116 15
3640 116 18
3641 116 39
3642 116 48
3643 116 49
3644 116 53
3645 116 58
3646 116 59
3647 116 64
3648 116 65
3649 116 66
3650 116 73
3651 116 74
3652 116 75
3653 116 77
3654 116 78
3655 116 79
3656 116 83
3657 116 84
3658 116 85
3659 116 88
3660 116 92
3661 116 93
3662 116 97
3663 116 98
3664 116 101
3665 116 107
3666 116 108
3667 116 109
3668 116 110
3669 116 111
3670 116 112
3671 116 113
3672 116 114
3673 116 115
3674 116 116
3675 116 121
3676 116 123
3677 116 128
3678 116 129
3679 116 130
3680 116 131
3681 116 132
3682 116 135
3683 116 138
3684 116 140
3685 116 141
3686 117 1
3687 117 2
3688 117 6
3689 117 12
3690 117 15
3691 117 18
3692 117 76
3693 117 80
3694 117 81
3695 117 82
3696 117 86
3697 117 87
3698 117 117
3699 117 118
3700 117 119
3701 117 120
3702 117 123
3703 117 128
3704 117 129
3705 117 130
3706 117 131
3707 117 132
3708 117 135
3709 117 138
3710 117 140
3711 117 141
3712 118 1
3713 118 2
3714 118 6
3715 118 12
3716 118 16
3717 118 18
3718 118 76
3719 118 80
3720 118 81
3721 118 82
3722 118 86
3723 118 87
3724 118 117
3725 118 118
3726 118 119
3727 118 120
3728 118 121
3729 118 122
3730 118 123
3731 118 126
3732 118 127
3733 118 132
3734 118 135
3735 118 138
3736 118 140
3737 118 141
3738 119 1
3739 119 2
3740 119 6
3741 119 12
3742 119 16
3743 119 18
3744 119 23
3745 119 24
3746 119 25
3747 119 26
3748 119 27
3749 119 44
3750 119 45
3751 119 48
3752 119 49
3753 119 53
3754 119 58
3755 119 59
3756 119 64
3757 119 65
3758 119 66
3759 119 73
3760 119 74
3761 119 75
3762 119 77
3763 119 78
3764 119 79
3765 119 83
3766 119 84
3767 119 85
3768 119 88
3769 119 92
3770 119 93
3771 119 111
3772 119 112
3773 119 113
3774 119 114
3775 119 115
3776 119 116
3777 119 126
3778 119 128
3779 119 129
3780 119 130
3781 119 131
3782 119 133
3783 119 134
3784 119 136
3785 119 137
3786 119 139
3787 119 141
3788 120 1
3789 120 2
3790 120 6
3791 120 12
3792 120 16
3793 120 18
3794 120 23
3795 120 27
3796 120 44
3797 120 45
3798 120 48
3799 120 49
3800 120 53
3801 120 64
3802 120 66
3803 120 73
3804 120 74
3805 120 75
3806 120 77
3807 120 78
3808 120 79
3809 120 83
3810 120 84
3811 120 85
3812 120 88
3813 120 92
3814 120 93
3815 120 111
3816 120 116
3817 120 126
3818 120 131
3819 120 133
3820 120 134
3821 120 136
3822 120 140
3823 120 141
3824 121 1
3825 121 2
3826 121 6
3827 121 12
3828 121 15
3829 121 19
3830 121 23
3831 121 27
3832 121 44
3833 121 45
3834 121 48
3835 121 50
3836 121 53
3837 121 64
3838 121 66
3839 121 76
3840 121 80
3841 121 81
3842 121 82
3843 121 86
3844 121 87
3845 121 111
3846 121 116
3847 121 126
3848 121 131
3849 121 133
3850 121 134
3851 121 136
3852 121 139
3853 122 0
3854 122 6
3855 122 12
3856 122 15
3857 122 16
3858 122 17
3859 122 18
3860 122 19
3861 122 23
3862 122 24
3863 122 25
3864 122 26
3865 122 27
3866 122 44
3867 122 45
3868 122 48
3869 122 49
3870 122 50
3871 122 53
3872 122 64
3873 122 65
3874 122 66
3875 122 76
3876 122 80
3877 122 81
3878 122 82
3879 122 86
3880 122 87
3881 122 92
3882 122 93
3883 122 94
3884 122 111
3885 122 112
3886 122 113
3887 122 114
3888 122 115
3889 122 116
3890 122 126
3891 122 127
3892 122 128
3893 122 129
3894 122 130
3895 122 131
3896 122 133
3897 122 134
3898 122 136
3899 122 137
3900 122 138
3901 122 139
3902 123 0
3903 123 6
3904 123 12
3905 123 15
3906 123 111
3907 123 117
3908 123 118
3909 123 119
3910 123 120
3911 123 121
3912 123 122
3913 123 123
3914 123 124
3915 123 125
3916 123 135
3917 124 6
3918 124 12
3919 124 15
3920 124 92
3921 124 93
3922 124 94
3923 124 95
3924 124 96
3925 124 97
3926 124 98
3927 124 99
3928 124 100
3929 124 101
3930 124 111
3931 124 117
3932 124 125
3933 124 135
3934 125 6
3935 125 12
3936 125 15
3937 125 16
3938 125 17
3939 125 18
3940 125 19
3941 125 23
3942 125 24
3943 125 25
3944 125 26
3945 125 27
3946 125 44
3947 125 45
3948 125 48
3949 125 49
3950 125 50
3951 125 53
3952 125 62
3953 125 63
3954 125 64
3955 125 65
3956 125 66
3957 125 92
3958 125 93
3959 125 94
3960 125 95
3961 125 96
3962 125 97
3963 125 98
3964 125 99
3965 125 100
3966 125 101
3967 125 111
3968 125 117
3969 125 118
3970 125 119
3971 125 120
3972 125 121
3973 125 122
3974 125 123
3975 125 124
3976 125 125
3977 125 135
3978 125 136
3979 125 137
3980 125 138
3981 125 139
3982 125 140
3983 125 141
3984 126 6
3985 126 12
3986 126 15
3987 126 16
3988 126 76
3989 126 80
3990 126 81
3991 126 82
3992 126 86
3993 126 87
3994 126 89
3995 126 90
3996 126 91
3997 126 102
3998 126 103
3999 126 104
4000 126 107
4001 126 108
4002 126 109
4003 126 110
4004 126 112
4005 126 113
4006 126 114
4007 126 115
4008 126 116
4009 126 135
4010 126 142
4011 126 143
4012 126 144
4013 126 145
4014 126 149
4015 127 1
4016 127 2
4017 127 5
4018 127 12
4019 127 15
4020 127 16
4021 127 23
4022 127 24
4023 127 25
4024 127 26
4025 127 27
4026 127 28
4027 127 29
4028 127 44
4029 127 45
4030 127 76
4031 127 80
4032 127 82
4033 127 86
4034 127 87
4035 127 89
4036 127 92
4037 127 93
4038 127 94
4039 127 95
4040 127 96
4041 127 97
4042 127 98
4043 127 99
4044 127 100
4045 127 101
4046 127 102
4047 127 103
4048 127 104
4049 127 107
4050 127 110
4051 127 112
4052 127 116
4053 127 135
4054 127 136
4055 127 137
4056 127 138
4057 127 139
4058 127 140
4059 127 141
4060 127 142
4061 127 143
4062 127 144
4063 127 145
4064 127 149
4065 128 1
4066 128 2
4067 128 5
4068 128 12
4069 128 15
4070 128 16
4071 128 23
4072 128 24
4073 128 29
4074 128 44
4075 128 45
4076 128 76
4077 128 80
4078 128 82
4079 128 86
4080 128 87
4081 128 89
4082 128 93
4083 128 108
4084 128 110
4085 128 112
4086 128 113
4087 128 114
4088 128 115
4089 128 116
4090 128 149
4091 129 1
4092 129 2
4093 129 5
4094 129 12
4095 129 15
4096 129 16
4097 129 17
4098 129 18
4099 129 19
4100 129 20
4101 129 21
4102 129 22
4103 129 25
4104 129 26
4105 129 27
4106 129 28
4107 129 29
4108 129 44
4109 129 45
4110 129 64
4111 129 65
4112 129 66
4113 129 76
4114 129 77
4115 129 78
4116 129 79
4117 129 82
4118 129 86
4119 129 87
4120 129 89
4121 129 90
4122 129 91
4123 129 93
4124 129 108
4125 129 109
4126 129 110
4127 129 111
4128 129 117
4129 129 118
4130 129 119
4131 129 120
4132 129 121
4133 129 122
4134 129 123
4135 129 124
4136 129 125
4137 129 149
4138 130 1
4139 130 2
4140 130 5
4141 130 6
4142 130 7
4143 130 8
4144 130 12
4145 130 22
4146 130 48
4147 130 49
4148 130 50
4149 130 53
4150 130 62
4151 130 63
4152 130 67
4153 130 76
4154 130 82
4155 130 92
4156 130 93
4157 130 149
4158 131 3
4159 131 4
4160 131 9
4161 131 12
4162 131 22
4163 131 48
4164 131 50
4165 131 53
4166 131 62
4167 131 63
4168 131 67
4169 131 77
4170 131 82
4171 131 92
4172 131 93
4173 131 149
4174 132 3
4175 132 4
4176 132 9
4177 132 12
4178 132 22
4179 132 48
4180 132 50
4181 132 53
4182 132 62
4183 132 63
4184 132 67
4185 132 77
4186 132 82
4187 132 92
4188 132 93
4189 132 149
4190 133 3
4191 133 4
4192 133 9
4193 133 12
4194 133 22
4195 133 48
4196 133 50
4197 133 53
4198 133 62
4199 133 63
4200 133 67
4201 133 77
4202 133 82
4203 133 92
4204 133 93
4205 133 149
4206 134 3
4207 134 4
4208 134 9
4209 134 12
4210 134 22
4211 134 48
4212 134 50
4213 134 53
4214 134 62
4215 134 63
4216 134 67
4217 134 77
4218 134 82
4219 134 92
4220 134 93
4221 134 100
4222 134 101
4223 134 102
4224 134 103
4225 134 104
4226 134 105
4227 134 106
4228 134 126
4229 134 127
4230 134 128
4231 134 129
4232 134 133
4233 134 134
4234 134 149
4235 135 3
4236 135 4
4237 135 9
4238 135 12
4239 135 22
4240 135 48
4241 135 50
4242 135 53
4243 135 62
4244 135 64
4245 135 65
4246 135 67
4247 135 77
4248 135 82
4249 135 86
4250 135 87
4251 135 92
4252 135 93
4253 135 107
4254 135 126
4255 135 129
4256 135 133
4257 135 134
4258 135 150
4259 135 151
4260 136 3
4261 136 4
4262 136 9
4263 136 12
4264 136 22
4265 136 48
4266 136 50
4267 136 53
4268 136 62
4269 136 65
4270 136 67
4271 136 77
4272 136 80
4273 136 81
4274 136 82
4275 136 86
4276 136 87
4277 136 91
4278 136 94
4279 136 95
4280 136 107
4281 136 126
4282 136 129
4283 136 133
4284 136 134
4285 136 146
4286 136 147
4287 136 148
4288 136 150
4289 136 151
4290 137 3
4291 137 4
4292 137 10
4293 137 12
4294 137 22
4295 137 48
4296 137 49
4297 137 50
4298 137 53
4299 137 62
4300 137 65
4301 137 67
4302 137 77
4303 137 79
4304 137 86
4305 137 87
4306 137 91
4307 137 94
4308 137 95
4309 137 107
4310 137 126
4311 137 129
4312 137 133
4313 137 134
4314 137 146
4315 137 147
4316 137 148
4317 137 150
4318 137 151
4319 138 3
4320 138 4
4321 138 10
4322 138 11
4323 138 12
4324 138 22
4325 138 62
4326 138 65
4327 138 67
4328 138 77
4329 138 79
4330 138 86
4331 138 87
4332 138 91
4333 138 94
4334 138 95
4335 138 107
4336 138 126
4337 138 129
4338 138 133
4339 138 134
4340 138 141
4341 138 142
4342 138 143
4343 138 144
4344 138 145
4345 138 149
4346 139 3
4347 139 4
4348 139 22
4349 139 62
4350 139 65
4351 139 77
4352 139 79
4353 139 86
4354 139 87
4355 139 91
4356 139 94
4357 139 95
4358 139 104
4359 139 105
4360 139 106
4361 139 108
4362 139 109
4363 139 110
4364 139 111
4365 139 120
4366 139 121
4367 139 126
4368 139 129
4369 139 133
4370 139 134
4371 139 141
4372 139 145
4373 139 149
4374 140 3
4375 140 4
4376 140 23
4377 140 24
4378 140 62
4379 140 63
4380 140 65
4381 140 77
4382 140 79
4383 140 86
4384 140 87
4385 140 91
4386 140 94
4387 140 95
4388 140 104
4389 140 109
4390 140 110
4391 140 111
4392 140 120
4393 140 121
4394 140 126
4395 140 129
4396 140 133
4397 140 134
4398 140 141
4399 140 145
4400 140 149
4401 141 3
4402 141 4
4403 141 23
4404 141 24
4405 141 26
4406 141 27
4407 141 28
4408 141 29
4409 141 30
4410 141 31
4411 141 32
4412 141 44
4413 141 45
4414 141 47
4415 141 48
4416 141 49
4417 141 50
4418 141 53
4419 141 54
4420 141 55
4421 141 56
4422 141 58
4423 141 59
4424 141 60
4425 141 61
4426 141 64
4427 141 65
4428 141 77
4429 141 79
4430 141 86
4431 141 87
4432 141 92
4433 141 93
4434 141 104
4435 141 108
4436 141 120
4437 141 121
4438 141 126
4439 141 129
4440 141 133
4441 141 134
4442 141 135
4443 141 136
4444 141 141
4445 141 145
4446 141 149
4447 142 3
4448 142 4
4449 142 23
4450 142 24
4451 142 26
4452 142 32
4453 142 44
4454 142 45
4455 142 47
4456 142 48
4457 142 49
4458 142 50
4459 142 53
4460 142 54
4461 142 55
4462 142 56
4463 142 58
4464 142 61
4465 142 64
4466 142 65
4467 142 77
4468 142 78
4469 142 79
4470 142 86
4471 142 87
4472 142 92
4473 142 93
4474 142 104
4475 142 108
4476 142 120
4477 142 121
4478 142 126
4479 142 127
4480 142 128
4481 142 129
4482 142 137
4483 142 138
4484 142 139
4485 142 140
4486 142 141
4487 142 142
4488 142 143
4489 142 144
4490 142 145
4491 142 146
4492 142 147
4493 142 148
4494 142 150
4495 142 151
4496 143 3
4497 143 4
4498 143 23
4499 143 24
4500 143 26
4501 143 32
4502 143 44
4503 143 45
4504 143 59
4505 143 61
4506 143 64
4507 143 65
4508 143 80
4509 143 81
4510 143 82
4511 143 83
4512 143 84
4513 143 85
4514 143 88
4515 143 89
4516 143 90
4517 143 91
4518 143 94
4519 143 95
4520 143 96
4521 143 97
4522 143 98
4523 143 99
4524 143 100
4525 143 101
4526 143 102
4527 143 103
4528 143 104
4529 143 105
4530 143 106
4531 143 108
4532 143 116
4533 143 117
4534 144 3
4535 144 4
4536 144 10
4537 144 11
4538 144 12
4539 144 23
4540 144 24
4541 144 26
4542 144 27
4543 144 28
4544 144 29
4545 144 30
4546 144 31
4547 144 32
4548 144 44
4549 144 45
4550 144 59
4551 144 61
4552 144 64
4553 144 65
4554 144 80
4555 144 81
4556 144 82
4557 144 83
4558 144 84
4559 144 85
4560 144 88
4561 144 89
4562 144 90
4563 144 91
4564 144 93
4565 144 107
4566 144 108
4567 144 116
4568 144 117
4569 145 3
4570 145 4
4571 145 11
4572 145 12
4573 145 23
4574 145 25
4575 145 32
4576 145 44
4577 145 45
4578 145 59
4579 145 61
4580 145 64
4581 145 65
4582 145 76
4583 145 77
4584 145 78
4585 145 79
4586 145 107
4587 145 108
4588 145 133
4589 145 134
4590 145 137
4591 145 138
4592 145 139
4593 145 140
4594 145 141
4595 145 142
4596 145 143
4597 145 144
4598 145 145
4599 146 3
4600 146 4
4601 146 7
4602 146 8
4603 146 9
4604 146 11
4605 146 12
4606 146 23
4607 146 25
4608 146 32
4609 146 44
4610 146 45
4611 146 59
4612 146 60
4613 146 61
4614 146 64
4615 146 65
4616 146 76
4617 146 77
4618 146 78
4619 146 79
4620 146 107
4621 146 108
4622 146 133
4623 146 134
4624 146 137
4625 146 145
4626 147 3
4627 147 4
4628 147 7
4629 147 9
4630 147 11
4631 147 12
4632 147 23
4633 147 24
4634 147 25
4635 147 32
4636 147 62
4637 147 63
4638 147 107
4639 147 108
4640 147 111
4641 147 112
4642 147 113
4643 147 114
4644 147 115
4645 147 118
4646 147 119
4647 147 120
4648 147 121
4649 147 122
4650 147 123
4651 147 124
4652 147 125
4653 147 126
4654 147 127
4655 147 128
4656 147 133
4657 147 134
4658 147 137
4659 147 145
4660 147 149
4661 148 3
4662 148 4
4663 148 7
4664 148 9
4665 148 11
4666 148 12
4667 148 26
4668 148 27
4669 148 28
4670 148 29
4671 148 30
4672 148 31
4673 148 37
4674 148 62
4675 148 63
4676 148 107
4677 148 108
4678 148 116
4679 148 117
4680 148 120
4681 148 121
4682 148 122
4683 148 123
4684 148 124
4685 148 125
4686 148 126
4687 148 127
4688 148 128
4689 148 133
4690 148 134
4691 148 137
4692 148 145
4693 148 149
4694 149 3
4695 149 4
4696 149 7
4697 149 9
4698 149 11
4699 149 12
4700 149 26
4701 149 31
4702 149 37
4703 149 62
4704 149 63
4705 149 137
4706 149 145
4707 149 149
4708 150 3
4709 150 4
4710 150 7
4711 150 9
4712 150 11
4713 150 12
4714 150 26
4715 150 31
4716 150 37
4717 150 107
4718 150 108
4719 150 116
4720 150 117
4721 150 137
4722 150 145
4723 150 149
4724 151 3
4725 151 4
4726 151 7
4727 151 9
4728 151 11
4729 151 13
4730 151 14
4731 151 15
4732 151 16
4733 151 26
4734 151 31
4735 151 37
4736 151 107
4737 151 108
4738 151 111
4739 151 112
4740 151 113
4741 151 114
4742 151 115
4743 151 117
4744 151 137
4745 151 138
4746 151 139
4747 151 140
4748 151 141
4749 151 142
4750 151 143
4751 151 144
4752 151 145
4753 151 149
4754 152 3
4755 152 4
4756 152 7
4757 152 9
4758 152 11
4759 152 16
4760 152 26
4761 152 31
4762 152 37
4763 152 56
4764 152 62
4765 152 63
4766 152 64
4767 152 65
4768 152 107
4769 152 108
4770 152 111
4771 152 117
4772 152 149
4773 152 155
4774 152 158
4775 153 3
4776 153 4
4777 153 7
4778 153 9
4779 153 11
4780 153 16
4781 153 26
4782 153 32
4783 153 36
4784 153 38
4785 153 39
4786 153 40
4787 153 53
4788 153 57
4789 153 58
4790 153 59
4791 153 60
4792 153 61
4793 153 66
4794 153 67
4795 153 107
4796 153 108
4797 153 111
4798 153 114
4799 153 115
4800 153 116
4801 153 117
4802 153 120
4803 153 121
4804 153 122
4805 153 123
4806 153 124
4807 153 125
4808 153 126
4809 153 149
4810 153 155
4811 153 158
4812 154 3
4813 154 4
4814 154 7
4815 154 9
4816 154 11
4817 154 16
4818 154 26
4819 154 27
4820 154 28
4821 154 29
4822 154 30
4823 154 31
4824 154 32
4825 154 36
4826 154 38
4827 154 40
4828 154 53
4829 154 56
4830 154 62
4831 154 63
4832 154 64
4833 154 65
4834 154 107
4835 154 108
4836 154 111
4837 154 113
4838 154 118
4839 154 119
4840 154 126
4841 154 149
4842 154 155
4843 154 158
4844 154 159
4845 154 160
4846 155 3
4847 155 4
4848 155 7
4849 155 9
4850 155 11
4851 155 12
4852 155 13
4853 155 14
4854 155 15
4855 155 16
4856 155 17
4857 155 18
4858 155 19
4859 155 36
4860 155 38
4861 155 39
4862 155 40
4863 155 53
4864 155 56
4865 155 62
4866 155 65
4867 155 79
4868 155 80
4869 155 100
4870 155 101
4871 155 102
4872 155 103
4873 155 107
4874 155 108
4875 155 111
4876 155 113
4877 155 118
4878 155 126
4879 155 149
4880 155 155
4881 155 158
4882 155 160
4883 156 3
4884 156 4
4885 156 7
4886 156 10
4887 156 37
4888 156 53
4889 156 56
4890 156 62
4891 156 65
4892 156 76
4893 156 77
4894 156 78
4895 156 80
4896 156 100
4897 156 103
4898 156 107
4899 156 108
4900 156 111
4901 156 113
4902 156 118
4903 156 126
4904 156 133
4905 156 134
4906 156 135
4907 156 136
4908 156 137
4909 156 138
4910 156 139
4911 156 140
4912 156 141
4913 156 142
4914 156 143
4915 156 144
4916 156 145
4917 156 148
4918 156 150
4919 156 151
4920 156 152
4921 156 153
4922 156 154
4923 156 156
4924 156 157
4925 156 160
4926 157 3
4927 157 4
4928 157 7
4929 157 10
4930 157 17
4931 157 18
4932 157 37
4933 157 53
4934 157 56
4935 157 62
4936 157 63
4937 157 64
4938 157 65
4939 157 76
4940 157 77
4941 157 78
4942 157 79
4943 157 80
4944 157 100
4945 157 101
4946 157 102
4947 157 103
4948 157 107
4949 157 108
4950 157 111
4951 157 113
4952 157 117
4953 157 126
4954 157 133
4955 157 145
4956 157 148
4957 157 150
4958 157 154
4959 157 156
4960 157 160
4961 158 3
4962 158 4
4963 158 7
4964 158 10
4965 158 17
4966 158 18
4967 158 37
4968 158 44
4969 158 45
4970 158 52
4971 158 54
4972 158 55
4973 158 57
4974 158 58
4975 158 59
4976 158 60
4977 158 61
4978 158 66
4979 158 67
4980 158 75
4981 158 81
4982 158 82
4983 158 83
4984 158 84
4985 158 85
4986 158 86
4987 158 92
4988 158 93
4989 158 94
4990 158 95
4991 158 96
4992 158 97
4993 158 98
4994 158 99
4995 158 103
4996 158 104
4997 158 105
4998 158 106
4999 158 109
5000 158 110
5001 158 113
5002 158 117
5003 158 126
5004 158 133
5005 158 145
5006 158 148
5007 158 150
5008 158 154
5009 158 156
5010 158 160
5011 159 3
5012 159 4
5013 159 7
5014 159 10
5015 159 17
5016 159 18
5017 159 36
5018 159 38
5019 159 39
5020 159 40
5021 159 41
5022 159 42
5023 159 44
5024 159 45
5025 159 52
5026 159 54
5027 159 55
5028 159 57
5029 159 61
5030 159 66
5031 159 67
5032 159 75
5033 159 81
5034 159 86
5035 159 92
5036 159 96
5037 159 97
5038 159 98
5039 159 99
5040 159 103
5041 159 106
5042 159 109
5043 159 113
5044 159 117
5045 159 126
5046 159 133
5047 159 146
5048 159 147
5049 159 148
5050 159 150
5051 159 154
5052 159 156
5053 159 159
5054 159 160
5055 160 3
5056 160 4
5057 160 7
5058 160 8
5059 160 9
5060 160 10
5061 160 36
5062 160 38
5063 160 39
5064 160 40
5065 160 41
5066 160 42
5067 160 44
5068 160 45
5069 160 52
5070 160 54
5071 160 55
5072 160 57
5073 160 58
5074 160 59
5075 160 60
5076 160 61
5077 160 64
5078 160 65
5079 160 68
5080 160 69
5081 160 75
5082 160 81
5083 160 82
5084 160 83
5085 160 84
5086 160 85
5087 160 86
5088 160 92
5089 160 93
5090 160 94
5091 160 95
5092 160 100
5093 160 101
5094 160 102
5095 160 103
5096 160 104
5097 160 105
5098 160 106
5099 160 109
5100 160 110
5101 160 111
5102 160 112
5103 160 113
5104 160 117
5105 160 118
5106 160 119
5107 160 120
5108 160 121
5109 160 122
5110 160 123
5111 160 124
5112 160 125
5113 160 126
5114 160 133
5115 160 134
5116 160 135
5117 160 136
5118 160 137
5119 160 138
5120 160 139
5121 160 140
5122 160 141
5123 160 142
5124 160 143
5125 160 144
5126 160 145
5127 160 146
5128 160 147
5129 160 148
5130 160 150
5131 160 151
5132 160 152
5133 160 153
5134 160 154
5135 160 156
5136 160 157
5137 160 158
