584
0 0 10
1 0 15
2 0 16
3 0 17
4 0 18
5 1 6
6 1 7
7 1 8
8 1 9
9 1 10
10 1 15
11 1 18
12 2 6
13 2 7
14 2 15
15 2 19
16 2 20
17 2 21
18 2 22
19 3 6
20 3 7
21 3 15
22 3 22
23 3 30
24 3 31
25 3 32
26 3 33
27 3 34
28 3 35
29 3 36
30 3 37
31 3 38
32 3 39
33 4 6
34 4 7
35 4 15
36 4 18
37 4 19
38 4 20
39 4 21
40 4 22
41 4 23
42 4 24
43 4 25
44 4 26
45 4 27
46 4 28
47 4 29
48 4 38
49 4 39
50 5 6
51 5 7
52 5 15
53 5 17
54 5 25
55 5 26
56 5 37
57 5 40
58 6 6
59 6 8
60 6 9
61 6 10
62 6 11
63 6 15
64 6 18
65 6 19
66 6 20
67 6 21
68 6 22
69 6 23
70 6 24
71 6 27
72 6 28
73 6 29
74 6 37
75 6 40
76 7 6
77 7 11
78 7 15
79 7 16
80 7 17
81 7 24
82 7 27
83 7 28
84 7 29
85 7 34
86 7 35
87 7 36
88 8 6
89 8 9
90 8 10
91 8 11
92 8 12
93 8 13
94 8 14
95 8 18
96 8 24
97 8 29
98 8 32
99 8 33
100 9 6
101 9 7
102 9 8
103 9 12
104 9 13
105 9 14
106 9 18
107 9 23
108 9 25
109 9 26
110 9 32
111 9 34
112 9 35
113 10 5
114 10 19
115 10 23
116 10 26
117 10 32
118 10 33
119 10 35
120 11 5
121 11 19
122 11 20
123 11 21
124 11 22
125 11 23
126 11 26
127 11 29
128 11 30
129 11 31
130 11 34
131 11 35
132 11 38
133 11 39
134 11 40
135 12 5
136 12 6
137 12 7
138 12 9
139 12 10
140 12 11
141 12 12
142 12 13
143 12 14
144 12 15
145 12 16
146 12 17
147 12 18
148 12 24
149 12 25
150 12 27
151 12 28
152 12 31
153 12 34
154 12 35
155 12 38
156 12 39
157 12 40
158 13 5
159 13 7
160 13 9
161 13 10
162 13 11
163 13 13
164 13 19
165 13 20
166 13 21
167 13 22
168 13 23
169 13 26
170 13 29
171 13 31
172 13 34
173 13 36
174 13 37
175 14 5
176 14 6
177 14 7
178 14 12
179 14 13
180 14 20
181 14 21
182 14 22
183 14 23
184 14 26
185 14 29
186 14 31
187 14 34
188 14 36
189 14 37
190 15 1
191 15 2
192 15 3
193 15 4
194 15 8
195 15 9
196 15 10
197 15 11
198 15 14
199 15 15
200 15 16
201 15 20
202 15 24
203 15 25
204 15 27
205 15 28
206 15 29
207 15 30
208 15 31
209 15 34
210 15 35
211 15 38
212 15 39
213 15 40
214 16 0
215 16 4
216 16 5
217 16 6
218 16 7
219 16 11
220 16 14
221 16 16
222 16 32
223 16 33
224 16 36
225 16 37
226 16 40
227 17 0
228 17 4
229 17 7
230 17 10
231 17 12
232 17 13
233 17 16
234 17 17
235 17 18
236 17 19
237 17 20
238 17 21
239 17 22
240 17 23
241 17 32
242 17 33
243 17 36
244 17 40
245 18 0
246 18 4
247 18 5
248 18 6
249 18 7
250 18 10
251 18 12
252 18 13
253 18 14
254 18 15
255 18 17
256 18 18
257 18 19
258 18 23
259 18 31
260 18 36
261 18 37
262 18 38
263 18 39
264 18 40
265 19 0
266 19 1
267 19 8
268 19 9
269 19 11
270 19 16
271 19 20
272 19 23
273 19 34
274 19 35
275 20 0
276 20 2
277 20 8
278 20 11
279 20 16
280 20 20
281 20 21
282 20 22
283 20 23
284 20 31
285 20 32
286 20 33
287 20 36
288 20 37
289 20 38
290 20 39
291 21 0
292 21 2
293 21 3
294 21 4
295 21 5
296 21 6
297 21 7
298 21 12
299 21 13
300 21 14
301 21 15
302 21 17
303 21 18
304 21 19
305 21 24
306 21 25
307 21 36
308 21 39
309 22 0
310 22 1
311 22 7
312 22 8
313 22 11
314 22 14
315 22 16
316 22 20
317 22 21
318 22 22
319 22 23
320 22 26
321 22 27
322 22 28
323 22 29
324 22 36
325 22 40
326 23 0
327 23 1
328 23 7
329 23 8
330 23 11
331 23 12
332 23 13
333 23 15
334 23 16
335 23 26
336 23 27
337 23 28
338 23 29
339 23 36
340 23 37
341 23 38
342 23 39
343 23 40
344 24 17
345 24 18
346 24 19
347 24 23
348 24 24
349 24 25
350 24 26
351 24 31
352 24 32
353 24 33
354 24 34
355 24 35
356 25 13
357 25 15
358 25 16
359 25 17
360 25 18
361 25 19
362 25 23
363 25 26
364 25 31
365 25 32
366 25 33
367 25 34
368 25 35
369 25 36
370 25 37
371 25 38
372 25 39
373 25 40
374 26 13
375 26 15
376 26 16
377 26 20
378 26 23
379 26 25
380 26 26
381 26 39
382 26 40
383 27 7
384 27 8
385 27 11
386 27 12
387 27 14
388 27 17
389 27 21
390 27 22
391 27 24
392 28 7
393 28 8
394 28 11
395 28 12
396 28 14
397 28 18
398 28 19
399 28 21
400 28 23
401 28 25
402 28 26
403 28 27
404 28 28
405 28 33
406 29 7
407 29 8
408 29 11
409 29 12
410 29 14
411 29 18
412 29 19
413 29 21
414 29 22
415 29 23
416 29 25
417 29 26
418 29 27
419 29 28
420 29 31
421 29 32
422 29 34
423 30 7
424 30 8
425 30 11
426 30 12
427 30 14
428 30 18
429 30 19
430 30 21
431 30 25
432 30 29
433 30 30
434 30 33
435 31 7
436 31 8
437 31 11
438 31 12
439 31 14
440 31 18
441 31 19
442 31 21
443 31 24
444 31 26
445 31 27
446 31 29
447 31 31
448 31 32
449 31 33
450 31 35
451 31 36
452 31 37
453 31 38
454 31 39
455 31 40
456 32 18
457 32 19
458 32 21
459 32 24
460 32 25
461 32 26
462 32 27
463 32 29
464 32 31
465 32 32
466 32 33
467 32 35
468 32 37
469 32 38
470 33 18
471 33 19
472 33 21
473 33 24
474 33 29
475 33 30
476 33 34
477 33 36
478 33 39
479 33 40
480 34 18
481 34 19
482 34 21
483 34 24
484 34 29
485 34 30
486 34 34
487 34 36
488 35 0
489 35 1
490 35 2
491 35 3
492 35 7
493 35 8
494 35 11
495 35 12
496 35 18
497 35 19
498 35 21
499 35 23
500 35 25
501 35 26
502 35 27
503 35 28
504 35 31
505 35 32
506 35 33
507 35 35
508 35 37
509 35 38
510 36 0
511 36 3
512 36 7
513 36 8
514 36 11
515 36 12
516 36 14
517 36 15
518 36 16
519 36 17
520 36 19
521 36 21
522 36 23
523 36 25
524 36 29
525 36 30
526 36 32
527 36 34
528 36 36
529 37 0
530 37 1
531 37 2
532 37 3
533 37 7
534 37 8
535 37 11
536 37 12
537 37 14
538 37 17
539 37 19
540 37 21
541 37 23
542 37 24
543 37 32
544 37 34
545 37 36
546 38 13
547 38 15
548 38 17
549 38 19
550 38 21
551 38 23
552 38 25
553 38 26
554 38 27
555 38 28
556 38 29
557 38 30
558 38 31
559 38 32
560 38 34
561 38 36
562 39 13
563 39 15
564 39 18
565 39 20
566 39 21
567 39 23
568 39 24
569 39 34
570 39 36
571 40 13
572 40 15
573 40 16
574 40 17
575 40 18
576 40 20
577 40 21
578 40 22
579 40 23
580 40 24
581 40 35
582 40 37
583 40 38
