4726
0 0 1
1 0 2
2 0 3
3 0 65
4 0 66
5 0 67
6 0 68
7 0 69
8 0 70
9 0 71
10 0 72
11 0 73
12 0 74
13 0 75
14 0 76
15 0 77
16 0 78
17 0 79
18 0 80
19 0 81
20 0 82
21 0 83
22 0 84
23 0 85
24 0 86
25 0 87
26 0 88
27 0 89
28 0 90
29 0 91
30 0 92
31 0 93
32 0 94
33 0 95
34 0 96
35 0 97
36 0 98
37 0 99
38 0 100
39 0 101
40 0 102
41 0 159
42 0 160
43 1 1
44 1 3
45 1 23
46 1 24
47 1 25
48 1 26
49 1 27
50 1 28
51 1 29
52 1 30
53 1 31
54 1 32
55 1 49
56 1 50
57 1 65
58 1 66
59 1 67
60 1 68
61 1 69
62 1 70
63 1 71
64 1 72
65 1 73
66 1 74
67 1 75
68 1 76
69 1 77
70 1 78
71 1 79
72 1 80
73 1 81
74 1 82
75 1 83
76 1 84
77 1 85
78 1 86
79 1 87
80 1 88
81 1 89
82 1 90
83 1 91
84 1 92
85 1 93
86 1 94
87 1 95
88 1 96
89 1 97
90 1 98
91 1 99
92 1 100
93 1 101
94 1 102
95 1 159
96 1 160
97 2 1
98 2 2
99 2 4
100 2 5
101 2 6
102 2 7
103 2 8
104 2 9
105 2 10
106 2 23
107 2 24
108 2 25
109 2 26
110 2 27
111 2 28
112 2 29
113 2 30
114 2 31
115 2 32
116 2 49
117 2 50
118 2 64
119 2 103
120 2 104
121 2 105
122 2 106
123 2 110
124 2 159
125 2 160
126 3 1
127 3 3
128 3 10
129 3 14
130 3 15
131 3 16
132 3 17
133 3 18
134 3 19
135 3 20
136 3 21
137 3 22
138 3 33
139 3 49
140 3 51
141 3 52
142 3 53
143 3 54
144 3 60
145 3 64
146 3 103
147 3 106
148 3 110
149 4 1
150 4 2
151 4 3
152 4 4
153 4 5
154 4 6
155 4 10
156 4 14
157 4 22
158 4 33
159 4 49
160 4 51
161 4 54
162 4 61
163 4 62
164 4 63
165 4 64
166 4 103
167 4 106
168 4 110
169 5 7
170 5 10
171 5 14
172 5 22
173 5 33
174 5 49
175 5 51
176 5 54
177 5 61
178 5 62
179 5 63
180 5 64
181 5 103
182 5 105
183 5 106
184 5 110
185 5 138
186 5 139
187 5 140
188 5 141
189 5 142
190 5 143
191 5 144
192 5 145
193 5 146
194 5 147
195 5 148
196 5 149
197 5 150
198 5 151
199 5 152
200 5 155
201 5 156
202 5 157
203 5 158
204 6 0
205 6 1
206 6 2
207 6 3
208 6 4
209 6 5
210 6 6
211 6 10
212 6 14
213 6 22
214 6 30
215 6 31
216 6 32
217 6 33
218 6 49
219 6 51
220 6 54
221 6 60
222 6 65
223 6 66
224 6 67
225 6 68
226 6 69
227 6 70
228 6 98
229 6 99
230 6 100
231 6 101
232 6 102
233 6 104
234 6 106
235 6 109
236 6 111
237 6 112
238 6 113
239 6 116
240 6 117
241 6 118
242 6 119
243 6 120
244 6 121
245 6 122
246 6 123
247 6 124
248 6 125
249 6 126
250 6 127
251 6 128
252 6 129
253 6 130
254 6 131
255 6 132
256 6 133
257 6 134
258 6 135
259 6 136
260 6 137
261 6 148
262 6 159
263 6 160
264 7 0
265 7 1
266 7 2
267 7 3
268 7 4
269 7 5
270 7 6
271 7 7
272 7 8
273 7 10
274 7 14
275 7 22
276 7 30
277 7 33
278 7 49
279 7 51
280 7 54
281 7 60
282 7 64
283 7 70
284 7 98
285 7 102
286 7 104
287 7 106
288 7 109
289 7 111
290 7 113
291 7 116
292 7 117
293 7 118
294 7 119
295 7 120
296 7 121
297 7 122
298 7 123
299 7 124
300 7 125
301 7 126
302 7 127
303 7 128
304 7 129
305 7 130
306 7 131
307 7 132
308 7 133
309 7 134
310 7 135
311 7 136
312 7 137
313 7 138
314 7 139
315 7 140
316 7 141
317 7 142
318 7 143
319 7 144
320 7 145
321 7 146
322 7 147
323 7 148
324 7 159
325 7 160
326 8 9
327 8 11
328 8 12
329 8 14
330 8 15
331 8 16
332 8 17
333 8 18
334 8 19
335 8 20
336 8 21
337 8 22
338 8 30
339 8 33
340 8 49
341 8 51
342 8 54
343 8 60
344 8 61
345 8 62
346 8 63
347 8 70
348 8 98
349 8 99
350 8 100
351 8 101
352 8 102
353 8 104
354 8 109
355 8 111
356 8 113
357 9 9
358 9 13
359 9 30
360 9 33
361 9 49
362 9 51
363 9 52
364 9 53
365 9 54
366 9 60
367 9 70
368 9 94
369 9 95
370 9 96
371 9 97
372 9 110
373 9 113
374 10 9
375 10 10
376 10 11
377 10 14
378 10 15
379 10 16
380 10 17
381 10 18
382 10 19
383 10 20
384 10 21
385 10 22
386 10 30
387 10 31
388 10 32
389 10 33
390 10 49
391 10 50
392 10 55
393 10 56
394 10 60
395 10 70
396 10 73
397 10 74
398 10 75
399 10 76
400 10 77
401 10 78
402 10 79
403 10 80
404 10 81
405 10 94
406 10 97
407 10 110
408 10 111
409 10 112
410 10 113
411 11 7
412 11 8
413 11 12
414 11 14
415 11 20
416 11 21
417 11 22
418 11 30
419 11 34
420 11 35
421 11 36
422 11 37
423 11 38
424 11 39
425 11 40
426 11 41
427 11 42
428 11 43
429 11 44
430 11 45
431 11 46
432 11 47
433 11 48
434 11 60
435 11 70
436 11 73
437 11 81
438 11 94
439 11 97
440 12 7
441 12 8
442 12 12
443 12 13
444 12 14
445 12 30
446 12 34
447 12 48
448 12 60
449 12 61
450 12 62
451 12 63
452 12 64
453 12 65
454 12 66
455 12 67
456 12 68
457 12 69
458 12 70
459 12 73
460 12 82
461 12 83
462 12 84
463 12 85
464 12 86
465 12 87
466 12 88
467 12 89
468 12 90
469 12 94
470 12 97
471 13 5
472 13 6
473 13 8
474 13 22
475 13 30
476 13 34
477 13 48
478 13 60
479 13 71
480 13 72
481 13 73
482 13 74
483 13 75
484 13 76
485 13 77
486 13 78
487 13 79
488 13 80
489 13 81
490 13 82
491 13 83
492 13 84
493 13 85
494 13 86
495 13 90
496 13 94
497 13 97
498 14 2
499 14 3
500 14 5
501 14 8
502 14 22
503 14 30
504 14 34
505 14 48
506 14 60
507 14 71
508 14 72
509 14 87
510 14 90
511 14 94
512 14 97
513 15 2
514 15 3
515 15 5
516 15 8
517 15 16
518 15 17
519 15 18
520 15 19
521 15 20
522 15 21
523 15 22
524 15 30
525 15 34
526 15 48
527 15 60
528 15 71
529 15 72
530 15 87
531 15 90
532 15 94
533 15 96
534 15 97
535 15 131
536 15 132
537 15 133
538 15 134
539 15 135
540 15 136
541 15 137
542 15 138
543 15 139
544 15 140
545 15 141
546 15 142
547 15 143
548 15 144
549 15 145
550 15 146
551 15 159
552 15 160
553 16 2
554 16 3
555 16 5
556 16 8
557 16 16
558 16 22
559 16 30
560 16 34
561 16 48
562 16 60
563 16 87
564 16 88
565 16 89
566 16 90
567 16 94
568 16 95
569 16 114
570 16 115
571 16 116
572 16 117
573 16 118
574 16 119
575 16 120
576 16 121
577 16 122
578 16 123
579 16 124
580 16 125
581 16 126
582 16 127
583 16 128
584 16 129
585 16 130
586 16 140
587 16 147
588 16 148
589 16 150
590 16 155
591 16 156
592 16 157
593 16 158
594 17 2
595 17 3
596 17 5
597 17 8
598 17 16
599 17 22
600 17 30
601 17 34
602 17 48
603 17 52
604 17 53
605 17 54
606 17 55
607 17 60
608 17 90
609 17 94
610 17 95
611 17 114
612 17 130
613 17 140
614 17 148
615 17 150
616 17 159
617 17 160
618 18 2
619 18 3
620 18 5
621 18 8
622 18 16
623 18 22
624 18 29
625 18 31
626 18 32
627 18 33
628 18 48
629 18 52
630 18 53
631 18 54
632 18 55
633 18 60
634 18 90
635 18 94
636 18 95
637 18 114
638 18 130
639 18 140
640 18 141
641 18 142
642 18 143
643 18 144
644 18 145
645 18 146
646 18 147
647 18 148
648 18 150
649 18 159
650 18 160
651 19 2
652 19 3
653 19 5
654 19 8
655 19 16
656 19 22
657 19 29
658 19 31
659 19 48
660 19 60
661 19 87
662 19 88
663 19 89
664 19 90
665 19 96
666 19 97
667 19 98
668 19 99
669 19 114
670 19 130
671 19 135
672 19 136
673 19 137
674 19 138
675 19 139
676 19 150
677 19 155
678 19 156
679 19 157
680 19 158
681 20 2
682 20 3
683 20 5
684 20 8
685 20 16
686 20 17
687 20 18
688 20 19
689 20 20
690 20 21
691 20 22
692 20 29
693 20 31
694 20 48
695 20 60
696 20 87
697 20 90
698 20 96
699 20 99
700 20 114
701 20 131
702 20 132
703 20 133
704 20 134
705 20 139
706 20 155
707 20 156
708 20 157
709 20 158
710 21 2
711 21 3
712 21 5
713 21 8
714 21 29
715 21 31
716 21 48
717 21 60
718 21 87
719 21 90
720 21 96
721 21 99
722 21 114
723 21 134
724 21 150
725 21 159
726 21 160
727 22 2
728 22 3
729 22 5
730 22 8
731 22 29
732 22 31
733 22 48
734 22 60
735 22 87
736 22 90
737 22 96
738 22 99
739 22 114
740 22 134
741 22 150
742 22 159
743 22 160
744 23 1
745 23 3
746 23 5
747 23 8
748 23 30
749 23 49
750 23 50
751 23 52
752 23 53
753 23 60
754 23 87
755 23 88
756 23 89
757 23 90
758 23 96
759 23 99
760 23 114
761 23 134
762 24 1
763 24 3
764 24 5
765 24 8
766 24 20
767 24 21
768 24 22
769 24 30
770 24 31
771 24 32
772 24 33
773 24 50
774 24 52
775 24 53
776 24 60
777 24 91
778 24 92
779 24 93
780 24 94
781 24 96
782 24 99
783 24 114
784 24 134
785 25 1
786 25 3
787 25 5
788 25 8
789 25 20
790 25 22
791 25 30
792 25 34
793 25 50
794 25 52
795 25 53
796 25 60
797 25 91
798 25 94
799 25 96
800 25 99
801 25 114
802 25 134
803 26 1
804 26 3
805 26 5
806 26 8
807 26 20
808 26 21
809 26 22
810 26 30
811 26 34
812 26 50
813 26 52
814 26 53
815 26 60
816 26 61
817 26 62
818 26 63
819 26 64
820 26 65
821 26 66
822 26 67
823 26 68
824 26 91
825 26 94
826 26 96
827 26 99
828 26 114
829 26 129
830 26 130
831 26 131
832 26 132
833 26 133
834 26 134
835 27 1
836 27 3
837 27 5
838 27 6
839 27 7
840 27 9
841 27 10
842 27 11
843 27 12
844 27 13
845 27 14
846 27 15
847 27 16
848 27 30
849 27 34
850 27 50
851 27 52
852 27 53
853 27 60
854 27 61
855 27 69
856 27 70
857 27 71
858 27 72
859 27 73
860 27 74
861 27 80
862 27 81
863 27 82
864 27 83
865 27 84
866 27 87
867 27 88
868 27 89
869 27 90
870 27 94
871 27 96
872 27 99
873 27 114
874 27 128
875 28 1
876 28 3
877 28 8
878 28 16
879 28 19
880 28 20
881 28 21
882 28 30
883 28 34
884 28 50
885 28 52
886 28 53
887 28 60
888 28 61
889 28 69
890 28 74
891 28 80
892 28 81
893 28 82
894 28 83
895 28 84
896 28 88
897 28 92
898 28 93
899 28 94
900 28 96
901 28 97
902 28 98
903 28 99
904 28 114
905 28 128
906 28 147
907 28 148
908 28 149
909 28 150
910 29 1
911 29 3
912 29 8
913 29 16
914 29 19
915 29 20
916 29 21
917 29 30
918 29 34
919 29 50
920 29 52
921 29 53
922 29 60
923 29 61
924 29 69
925 29 74
926 29 80
927 29 88
928 29 91
929 29 95
930 29 114
931 29 124
932 29 125
933 29 126
934 29 127
935 29 128
936 29 147
937 29 150
938 30 1
939 30 3
940 30 8
941 30 17
942 30 18
943 30 22
944 30 30
945 30 34
946 30 50
947 30 52
948 30 53
949 30 60
950 30 61
951 30 69
952 30 70
953 30 71
954 30 72
955 30 73
956 30 74
957 30 80
958 30 88
959 30 89
960 30 90
961 30 91
962 30 95
963 30 114
964 30 115
965 30 116
966 30 117
967 30 118
968 30 119
969 30 120
970 30 121
971 30 122
972 30 123
973 30 129
974 30 130
975 30 131
976 30 132
977 30 133
978 30 134
979 30 147
980 30 149
981 31 1
982 31 3
983 31 8
984 31 15
985 31 16
986 31 17
987 31 18
988 31 22
989 31 30
990 31 34
991 31 50
992 31 52
993 31 53
994 31 60
995 31 62
996 31 63
997 31 64
998 31 65
999 31 66
1000 31 67
1001 31 68
1002 31 127
1003 31 128
1004 31 147
1005 31 148
1006 31 149
1007 32 1
1008 32 3
1009 32 8
1010 32 12
1011 32 13
1012 32 14
1013 32 19
1014 32 20
1015 32 21
1016 32 30
1017 32 34
1018 32 50
1019 32 52
1020 32 53
1021 32 60
1022 32 68
1023 32 127
1024 32 128
1025 33 1
1026 33 3
1027 33 8
1028 33 11
1029 33 19
1030 33 21
1031 33 31
1032 33 32
1033 33 33
1034 33 35
1035 33 50
1036 33 52
1037 33 53
1038 33 60
1039 33 61
1040 33 62
1041 33 63
1042 33 64
1043 33 65
1044 33 66
1045 33 67
1046 33 68
1047 33 119
1048 33 120
1049 33 121
1050 33 122
1051 33 123
1052 33 124
1053 33 125
1054 33 126
1055 33 129
1056 33 130
1057 33 131
1058 33 132
1059 33 133
1060 33 134
1061 33 135
1062 33 136
1063 33 137
1064 33 138
1065 33 139
1066 33 140
1067 33 141
1068 34 1
1069 34 3
1070 34 8
1071 34 11
1072 34 19
1073 34 21
1074 34 31
1075 34 33
1076 34 35
1077 34 36
1078 34 37
1079 34 38
1080 34 39
1081 34 40
1082 34 41
1083 34 42
1084 34 43
1085 34 44
1086 34 45
1087 34 50
1088 34 52
1089 34 53
1090 34 57
1091 34 58
1092 34 59
1093 34 60
1094 34 69
1095 34 70
1096 34 71
1097 34 72
1098 34 73
1099 34 74
1100 34 75
1101 34 76
1102 34 88
1103 34 89
1104 34 90
1105 34 91
1106 34 95
1107 34 126
1108 34 127
1109 34 128
1110 34 141
1111 35 1
1112 35 3
1113 35 8
1114 35 11
1115 35 19
1116 35 21
1117 35 31
1118 35 34
1119 35 46
1120 35 50
1121 35 53
1122 35 57
1123 35 60
1124 35 69
1125 35 76
1126 35 88
1127 35 91
1128 35 126
1129 35 127
1130 35 141
1131 36 0
1132 36 4
1133 36 8
1134 36 9
1135 36 10
1136 36 11
1137 36 19
1138 36 21
1139 36 31
1140 36 34
1141 36 46
1142 36 50
1143 36 53
1144 36 57
1145 36 60
1146 36 68
1147 36 76
1148 36 88
1149 36 91
1150 36 126
1151 36 127
1152 36 141
1153 37 0
1154 37 19
1155 37 20
1156 37 21
1157 37 31
1158 37 34
1159 37 41
1160 37 42
1161 37 43
1162 37 44
1163 37 45
1164 37 50
1165 37 53
1166 37 57
1167 37 60
1168 37 68
1169 37 76
1170 37 88
1171 37 91
1172 37 127
1173 37 141
1174 38 0
1175 38 31
1176 38 34
1177 38 41
1178 38 50
1179 38 53
1180 38 57
1181 38 60
1182 38 68
1183 38 76
1184 38 88
1185 38 92
1186 38 93
1187 38 94
1188 38 95
1189 38 96
1190 38 97
1191 38 126
1192 38 128
1193 38 129
1194 38 130
1195 38 131
1196 38 132
1197 38 133
1198 38 134
1199 38 135
1200 38 136
1201 38 137
1202 38 138
1203 38 139
1204 38 140
1205 38 141
1206 39 31
1207 39 32
1208 39 33
1209 39 34
1210 39 35
1211 39 36
1212 39 37
1213 39 38
1214 39 39
1215 39 41
1216 39 50
1217 39 53
1218 39 57
1219 39 60
1220 39 68
1221 39 76
1222 39 88
1223 39 97
1224 39 126
1225 39 128
1226 39 141
1227 40 35
1228 40 39
1229 40 41
1230 40 50
1231 40 53
1232 40 54
1233 40 57
1234 40 60
1235 40 68
1236 40 76
1237 40 88
1238 40 97
1239 40 115
1240 40 116
1241 40 117
1242 40 118
1243 40 119
1244 40 120
1245 40 121
1246 40 128
1247 40 141
1248 40 154
1249 41 18
1250 41 19
1251 41 20
1252 41 21
1253 41 35
1254 41 36
1255 41 37
1256 41 38
1257 41 39
1258 41 40
1259 41 41
1260 41 42
1261 41 43
1262 41 44
1263 41 45
1264 41 46
1265 41 47
1266 41 48
1267 41 49
1268 41 50
1269 41 53
1270 41 54
1271 41 57
1272 41 58
1273 41 59
1274 41 60
1275 41 68
1276 41 76
1277 41 88
1278 41 97
1279 41 115
1280 41 121
1281 41 128
1282 41 135
1283 41 136
1284 41 137
1285 41 138
1286 41 139
1287 41 140
1288 41 141
1289 41 154
1290 42 0
1291 42 4
1292 42 18
1293 42 21
1294 42 68
1295 42 76
1296 42 88
1297 42 97
1298 42 115
1299 42 121
1300 42 128
1301 42 134
1302 42 142
1303 42 143
1304 42 144
1305 42 154
1306 43 0
1307 43 4
1308 43 18
1309 43 19
1310 43 20
1311 43 21
1312 43 68
1313 43 69
1314 43 70
1315 43 71
1316 43 72
1317 43 73
1318 43 74
1319 43 75
1320 43 76
1321 43 88
1322 43 97
1323 43 115
1324 43 119
1325 43 120
1326 43 121
1327 43 128
1328 43 134
1329 43 142
1330 43 144
1331 43 154
1332 44 0
1333 44 10
1334 44 11
1335 44 12
1336 44 13
1337 44 14
1338 44 15
1339 44 16
1340 44 17
1341 44 22
1342 44 23
1343 44 24
1344 44 25
1345 44 26
1346 44 27
1347 44 28
1348 44 31
1349 44 32
1350 44 33
1351 44 34
1352 44 35
1353 44 36
1354 44 37
1355 44 38
1356 44 39
1357 44 40
1358 44 41
1359 44 42
1360 44 63
1361 44 64
1362 44 65
1363 44 66
1364 44 67
1365 44 88
1366 44 97
1367 44 111
1368 44 112
1369 44 115
1370 44 116
1371 44 117
1372 44 118
1373 44 128
1374 44 129
1375 44 130
1376 44 131
1377 44 132
1378 44 133
1379 44 134
1380 44 135
1381 44 142
1382 44 143
1383 44 144
1384 44 154
1385 45 0
1386 45 10
1387 45 17
1388 45 22
1389 45 28
1390 45 31
1391 45 42
1392 45 63
1393 45 67
1394 45 88
1395 45 89
1396 45 90
1397 45 91
1398 45 92
1399 45 93
1400 45 94
1401 45 95
1402 45 96
1403 45 97
1404 45 111
1405 45 112
1406 45 115
1407 45 127
1408 45 136
1409 45 137
1410 45 138
1411 45 139
1412 45 140
1413 45 141
1414 46 0
1415 46 10
1416 46 17
1417 46 22
1418 46 28
1419 46 31
1420 46 42
1421 46 63
1422 46 64
1423 46 65
1424 46 66
1425 46 67
1426 47 0
1427 47 10
1428 47 11
1429 47 12
1430 47 13
1431 47 14
1432 47 15
1433 47 16
1434 47 17
1435 47 22
1436 47 28
1437 47 31
1438 47 32
1439 47 33
1440 47 34
1441 47 35
1442 47 36
1443 47 37
1444 47 38
1445 47 39
1446 47 40
1447 47 41
1448 47 42
1449 48 0
1450 48 9
1451 48 22
1452 48 29
1453 48 30
1454 48 43
1455 48 44
1456 48 45
1457 48 46
1458 48 47
1459 48 54
1460 49 0
1461 49 9
1462 49 22
1463 49 30
1464 49 43
1465 49 47
1466 49 54
1467 50 0
1468 50 9
1469 50 22
1470 50 30
1471 50 43
1472 50 47
1473 50 54
1474 50 100
1475 50 101
1476 50 102
1477 50 103
1478 50 111
1479 50 112
1480 50 115
1481 51 0
1482 51 9
1483 51 22
1484 51 30
1485 51 43
1486 51 47
1487 51 53
1488 51 54
1489 51 100
1490 51 103
1491 51 111
1492 51 112
1493 51 115
1494 52 0
1495 52 9
1496 52 22
1497 52 30
1498 52 43
1499 52 48
1500 52 49
1501 52 50
1502 52 53
1503 52 54
1504 52 56
1505 52 57
1506 52 58
1507 52 59
1508 52 60
1509 52 61
1510 52 62
1511 52 63
1512 52 64
1513 52 65
1514 52 66
1515 52 100
1516 52 101
1517 52 102
1518 52 103
1519 52 111
1520 52 112
1521 52 115
1522 52 116
1523 52 117
1524 52 118
1525 53 0
1526 53 9
1527 53 22
1528 53 30
1529 53 43
1530 53 50
1531 53 53
1532 53 54
1533 53 56
1534 53 66
1535 53 111
1536 53 112
1537 53 128
1538 53 147
1539 53 148
1540 53 149
1541 53 150
1542 53 154
1543 53 160
1544 54 0
1545 54 9
1546 54 22
1547 54 30
1548 54 43
1549 54 50
1550 54 53
1551 54 54
1552 54 56
1553 54 66
1554 54 78
1555 54 79
1556 54 80
1557 54 86
1558 54 87
1559 54 88
1560 54 89
1561 55 0
1562 55 9
1563 55 22
1564 55 30
1565 55 43
1566 55 50
1567 55 53
1568 55 54
1569 55 56
1570 55 67
1571 55 68
1572 55 69
1573 55 70
1574 55 71
1575 55 72
1576 55 73
1577 55 74
1578 55 75
1579 55 76
1580 55 77
1581 55 79
1582 55 80
1583 55 86
1584 55 89
1585 56 0
1586 56 9
1587 56 22
1588 56 30
1589 56 43
1590 56 50
1591 56 53
1592 56 54
1593 56 56
1594 56 59
1595 56 60
1596 56 61
1597 56 62
1598 56 63
1599 56 64
1600 56 65
1601 56 66
1602 56 69
1603 56 79
1604 56 80
1605 56 86
1606 56 87
1607 56 88
1608 56 89
1609 57 0
1610 57 9
1611 57 22
1612 57 28
1613 57 29
1614 57 30
1615 57 43
1616 57 50
1617 57 53
1618 57 54
1619 57 56
1620 57 58
1621 57 67
1622 57 69
1623 57 160
1624 58 1
1625 58 9
1626 58 22
1627 58 27
1628 58 30
1629 58 43
1630 58 50
1631 58 53
1632 58 54
1633 58 56
1634 58 58
1635 58 67
1636 58 69
1637 58 160
1638 59 1
1639 59 9
1640 59 22
1641 59 28
1642 59 29
1643 59 43
1644 59 50
1645 59 53
1646 59 54
1647 59 56
1648 59 58
1649 59 67
1650 59 69
1651 59 160
1652 60 1
1653 60 9
1654 60 22
1655 60 29
1656 60 43
1657 60 50
1658 60 53
1659 60 54
1660 60 56
1661 60 57
1662 60 58
1663 60 67
1664 60 68
1665 60 70
1666 60 71
1667 60 72
1668 60 73
1669 60 74
1670 60 75
1671 60 76
1672 60 77
1673 60 78
1674 60 79
1675 60 80
1676 60 81
1677 60 82
1678 60 83
1679 60 84
1680 60 85
1681 60 86
1682 60 87
1683 60 88
1684 60 89
1685 60 90
1686 60 91
1687 60 92
1688 60 93
1689 60 128
1690 60 129
1691 60 160
1692 61 1
1693 61 9
1694 61 22
1695 61 29
1696 61 43
1697 61 50
1698 61 59
1699 61 60
1700 61 61
1701 61 62
1702 61 63
1703 61 64
1704 61 65
1705 61 66
1706 61 70
1707 61 93
1708 61 106
1709 61 107
1710 61 108
1711 61 109
1712 61 110
1713 61 118
1714 61 127
1715 61 128
1716 61 129
1717 61 130
1718 61 131
1719 61 132
1720 61 133
1721 61 160
1722 62 1
1723 62 9
1724 62 22
1725 62 29
1726 62 43
1727 62 44
1728 62 45
1729 62 46
1730 62 47
1731 62 48
1732 62 49
1733 62 50
1734 62 59
1735 62 66
1736 62 70
1737 62 71
1738 62 72
1739 62 73
1740 62 74
1741 62 75
1742 62 76
1743 62 77
1744 62 78
1745 62 79
1746 62 80
1747 62 81
1748 62 82
1749 62 83
1750 62 84
1751 62 85
1752 62 86
1753 62 87
1754 62 88
1755 62 93
1756 62 106
1757 62 110
1758 62 112
1759 62 113
1760 62 114
1761 62 115
1762 62 116
1763 62 117
1764 62 119
1765 62 120
1766 62 121
1767 62 122
1768 62 123
1769 62 124
1770 62 125
1771 62 126
1772 62 134
1773 62 135
1774 62 136
1775 62 137
1776 62 138
1777 62 139
1778 62 142
1779 62 143
1780 62 144
1781 62 145
1782 62 146
1783 62 147
1784 62 148
1785 62 149
1786 62 150
1787 62 151
1788 62 152
1789 62 153
1790 62 154
1791 62 158
1792 62 159
1793 63 1
1794 63 9
1795 63 22
1796 63 29
1797 63 53
1798 63 59
1799 63 60
1800 63 61
1801 63 62
1802 63 63
1803 63 64
1804 63 65
1805 63 66
1806 63 89
1807 63 93
1808 63 106
1809 63 110
1810 63 112
1811 63 113
1812 63 114
1813 63 115
1814 63 116
1815 63 117
1816 63 121
1817 63 122
1818 63 123
1819 63 124
1820 63 125
1821 63 126
1822 63 134
1823 63 135
1824 63 136
1825 63 137
1826 63 138
1827 63 139
1828 63 155
1829 63 156
1830 63 157
1831 64 1
1832 64 10
1833 64 11
1834 64 22
1835 64 29
1836 64 53
1837 64 54
1838 64 56
1839 64 57
1840 64 58
1841 64 67
1842 64 68
1843 64 69
1844 64 70
1845 64 71
1846 64 72
1847 64 73
1848 64 74
1849 64 75
1850 64 76
1851 64 77
1852 64 78
1853 64 79
1854 64 80
1855 64 81
1856 64 82
1857 64 83
1858 64 84
1859 64 85
1860 64 89
1861 64 93
1862 64 96
1863 64 97
1864 64 98
1865 64 99
1866 64 102
1867 64 106
1868 64 107
1869 64 110
1870 64 118
1871 64 119
1872 64 120
1873 64 127
1874 64 128
1875 64 129
1876 64 130
1877 64 131
1878 64 132
1879 64 133
1880 64 142
1881 64 143
1882 64 144
1883 64 145
1884 64 146
1885 64 147
1886 64 148
1887 64 149
1888 64 150
1889 64 151
1890 64 152
1891 64 153
1892 64 154
1893 64 158
1894 64 159
1895 64 160
1896 65 1
1897 65 10
1898 65 11
1899 65 22
1900 65 29
1901 65 53
1902 65 54
1903 65 56
1904 65 58
1905 65 67
1906 65 85
1907 65 89
1908 65 93
1909 65 96
1910 65 99
1911 65 102
1912 65 108
1913 65 109
1914 65 110
1915 65 118
1916 65 119
1917 65 120
1918 65 127
1919 65 128
1920 65 129
1921 65 130
1922 65 131
1923 65 132
1924 65 133
1925 65 142
1926 65 143
1927 65 144
1928 65 145
1929 65 146
1930 65 147
1931 65 148
1932 65 149
1933 65 150
1934 65 151
1935 65 152
1936 65 153
1937 65 154
1938 65 158
1939 65 159
1940 65 160
1941 66 0
1942 66 10
1943 66 11
1944 66 22
1945 66 23
1946 66 24
1947 66 25
1948 66 26
1949 66 27
1950 66 28
1951 66 29
1952 66 53
1953 66 54
1954 66 56
1955 66 59
1956 66 60
1957 66 61
1958 66 62
1959 66 63
1960 66 64
1961 66 67
1962 66 85
1963 66 89
1964 66 93
1965 66 96
1966 66 99
1967 66 102
1968 66 103
1969 66 104
1970 66 105
1971 66 106
1972 66 107
1973 66 111
1974 66 112
1975 66 113
1976 66 114
1977 66 115
1978 66 116
1979 66 117
1980 66 121
1981 66 122
1982 66 123
1983 66 124
1984 66 125
1985 66 126
1986 66 134
1987 66 135
1988 66 136
1989 66 137
1990 66 155
1991 66 156
1992 66 157
1993 67 0
1994 67 16
1995 67 17
1996 67 18
1997 67 19
1998 67 20
1999 67 21
2000 67 30
2001 67 31
2002 67 32
2003 67 47
2004 67 48
2005 67 49
2006 67 50
2007 67 53
2008 67 54
2009 67 56
2010 67 64
2011 67 67
2012 67 85
2013 67 89
2014 67 93
2015 67 96
2016 67 99
2017 67 102
2018 67 107
2019 67 111
2020 67 112
2021 67 113
2022 67 114
2023 67 115
2024 67 116
2025 67 117
2026 67 121
2027 67 122
2028 67 123
2029 67 124
2030 67 125
2031 67 126
2032 67 134
2033 67 135
2034 67 136
2035 67 137
2036 67 155
2037 67 156
2038 67 157
2039 68 0
2040 68 33
2041 68 34
2042 68 35
2043 68 36
2044 68 37
2045 68 38
2046 68 39
2047 68 40
2048 68 41
2049 68 42
2050 68 43
2051 68 44
2052 68 47
2053 68 50
2054 68 53
2055 68 54
2056 68 56
2057 68 64
2058 68 67
2059 68 73
2060 68 74
2061 68 75
2062 68 76
2063 68 77
2064 68 78
2065 68 79
2066 68 80
2067 68 81
2068 68 82
2069 68 83
2070 68 84
2071 68 85
2072 68 89
2073 68 93
2074 68 96
2075 68 99
2076 68 102
2077 68 106
2078 68 108
2079 68 109
2080 68 110
2081 68 118
2082 68 119
2083 68 120
2084 68 127
2085 68 128
2086 68 129
2087 68 130
2088 68 131
2089 68 132
2090 68 133
2091 68 142
2092 68 143
2093 68 144
2094 68 145
2095 68 146
2096 68 147
2097 68 148
2098 68 149
2099 68 150
2100 68 151
2101 68 152
2102 68 153
2103 68 154
2104 68 158
2105 68 159
2106 68 160
2107 69 1
2108 69 4
2109 69 5
2110 69 10
2111 69 11
2112 69 12
2113 69 13
2114 69 14
2115 69 15
2116 69 16
2117 69 17
2118 69 18
2119 69 19
2120 69 20
2121 69 21
2122 69 33
2123 69 34
2124 69 35
2125 69 36
2126 69 37
2127 69 38
2128 69 39
2129 69 40
2130 69 41
2131 69 42
2132 69 43
2133 69 44
2134 69 47
2135 69 48
2136 69 49
2137 69 50
2138 69 53
2139 69 54
2140 69 56
2141 69 57
2142 69 64
2143 69 67
2144 69 72
2145 69 85
2146 69 89
2147 69 93
2148 69 96
2149 69 99
2150 69 102
2151 69 106
2152 69 118
2153 69 120
2154 69 127
2155 69 133
2156 69 142
2157 69 143
2158 69 144
2159 69 145
2160 69 146
2161 69 147
2162 69 148
2163 69 149
2164 69 150
2165 69 151
2166 69 152
2167 69 153
2168 69 154
2169 69 158
2170 69 159
2171 69 160
2172 70 1
2173 70 4
2174 70 5
2175 70 10
2176 70 21
2177 70 45
2178 70 46
2179 70 58
2180 70 64
2181 70 67
2182 70 71
2183 70 73
2184 70 85
2185 70 89
2186 70 93
2187 70 96
2188 70 99
2189 70 102
2190 70 106
2191 70 118
2192 70 119
2193 70 120
2194 70 127
2195 70 128
2196 70 129
2197 70 130
2198 70 131
2199 70 132
2200 70 134
2201 70 135
2202 70 136
2203 70 155
2204 70 156
2205 70 157
2206 71 1
2207 71 4
2208 71 5
2209 71 10
2210 71 21
2211 71 45
2212 71 46
2213 71 58
2214 71 64
2215 71 67
2216 71 71
2217 71 73
2218 71 85
2219 71 89
2220 71 93
2221 71 96
2222 71 99
2223 71 102
2224 71 107
2225 71 108
2226 71 109
2227 71 110
2228 71 111
2229 71 112
2230 71 113
2231 71 114
2232 71 115
2233 71 116
2234 71 117
2235 71 121
2236 71 122
2237 71 123
2238 71 124
2239 71 125
2240 71 126
2241 71 134
2242 71 136
2243 71 142
2244 71 143
2245 71 144
2246 71 145
2247 71 146
2248 71 147
2249 71 148
2250 71 149
2251 71 150
2252 71 151
2253 71 152
2254 71 153
2255 71 154
2256 71 158
2257 71 159
2258 71 160
2259 72 1
2260 72 5
2261 72 10
2262 72 14
2263 72 15
2264 72 16
2265 72 17
2266 72 21
2267 72 45
2268 72 46
2269 72 58
2270 72 64
2271 72 67
2272 72 71
2273 72 73
2274 72 85
2275 72 89
2276 72 94
2277 72 95
2278 72 99
2279 72 102
2280 72 114
2281 72 115
2282 72 116
2283 72 117
2284 72 121
2285 72 122
2286 72 123
2287 72 124
2288 72 125
2289 72 126
2290 72 134
2291 72 135
2292 72 136
2293 72 142
2294 72 154
2295 72 158
2296 72 160
2297 73 1
2298 73 5
2299 73 10
2300 73 13
2301 73 18
2302 73 21
2303 73 45
2304 73 46
2305 73 59
2306 73 64
2307 73 67
2308 73 71
2309 73 73
2310 73 85
2311 73 88
2312 73 92
2313 73 93
2314 73 94
2315 73 95
2316 73 96
2317 73 97
2318 73 98
2319 73 99
2320 73 102
2321 73 103
2322 73 104
2323 73 105
2324 73 106
2325 73 107
2326 73 108
2327 73 109
2328 73 110
2329 73 111
2330 73 112
2331 73 113
2332 73 118
2333 73 119
2334 73 120
2335 73 127
2336 73 128
2337 73 129
2338 73 130
2339 73 131
2340 73 132
2341 73 133
2342 73 137
2343 73 142
2344 73 143
2345 73 144
2346 73 145
2347 73 146
2348 73 147
2349 73 148
2350 73 149
2351 73 150
2352 73 151
2353 73 152
2354 73 153
2355 73 154
2356 73 158
2357 73 159
2358 73 160
2359 74 1
2360 74 5
2361 74 10
2362 74 13
2363 74 18
2364 74 21
2365 74 45
2366 74 46
2367 74 59
2368 74 64
2369 74 67
2370 74 71
2371 74 73
2372 74 85
2373 74 88
2374 74 91
2375 74 118
2376 74 119
2377 74 120
2378 74 127
2379 74 128
2380 74 129
2381 74 130
2382 74 131
2383 74 132
2384 74 137
2385 74 138
2386 74 139
2387 74 140
2388 74 141
2389 74 155
2390 74 156
2391 74 157
2392 75 1
2393 75 10
2394 75 13
2395 75 18
2396 75 21
2397 75 45
2398 75 46
2399 75 59
2400 75 60
2401 75 61
2402 75 62
2403 75 63
2404 75 64
2405 75 67
2406 75 68
2407 75 69
2408 75 70
2409 75 71
2410 75 73
2411 75 85
2412 75 88
2413 75 89
2414 75 90
2415 75 91
2416 75 144
2417 75 145
2418 75 146
2419 75 147
2420 75 148
2421 75 149
2422 75 150
2423 75 155
2424 75 157
2425 76 1
2426 76 10
2427 76 13
2428 76 18
2429 76 21
2430 76 65
2431 76 66
2432 76 74
2433 76 75
2434 76 76
2435 76 77
2436 76 78
2437 76 79
2438 76 80
2439 76 81
2440 76 82
2441 76 83
2442 76 84
2443 76 144
2444 76 150
2445 76 155
2446 76 157
2447 77 1
2448 77 10
2449 77 13
2450 77 18
2451 77 21
2452 77 30
2453 77 31
2454 77 32
2455 77 33
2456 77 34
2457 77 35
2458 77 36
2459 77 37
2460 77 38
2461 77 59
2462 77 60
2463 77 61
2464 77 65
2465 77 66
2466 77 74
2467 77 75
2468 77 76
2469 77 77
2470 77 78
2471 77 79
2472 77 80
2473 77 81
2474 77 82
2475 77 83
2476 77 84
2477 77 144
2478 77 145
2479 77 146
2480 77 147
2481 77 148
2482 77 149
2483 77 150
2484 77 155
2485 77 157
2486 78 1
2487 78 10
2488 78 13
2489 78 18
2490 78 21
2491 78 24
2492 78 25
2493 78 26
2494 78 27
2495 78 28
2496 78 29
2497 78 38
2498 78 59
2499 78 60
2500 78 61
2501 78 120
2502 78 151
2503 78 152
2504 78 153
2505 78 154
2506 78 157
2507 79 1
2508 79 10
2509 79 13
2510 79 18
2511 79 21
2512 79 24
2513 79 29
2514 79 38
2515 79 151
2516 79 157
2517 80 1
2518 80 10
2519 80 13
2520 80 18
2521 80 21
2522 80 24
2523 80 25
2524 80 26
2525 80 27
2526 80 29
2527 80 151
2528 80 156
2529 80 157
2530 81 1
2531 81 10
2532 81 13
2533 81 18
2534 81 21
2535 81 24
2536 81 28
2537 81 29
2538 81 151
2539 81 153
2540 81 154
2541 81 155
2542 81 158
2543 81 159
2544 81 160
2545 82 1
2546 82 10
2547 82 13
2548 82 18
2549 82 21
2550 82 24
2551 82 28
2552 82 29
2553 82 151
2554 82 152
2555 83 1
2556 83 10
2557 83 13
2558 83 18
2559 83 21
2560 83 24
2561 83 28
2562 83 29
2563 84 1
2564 84 10
2565 84 11
2566 84 12
2567 84 13
2568 84 18
2569 84 21
2570 84 24
2571 84 28
2572 84 29
2573 84 118
2574 85 1
2575 85 7
2576 85 8
2577 85 9
2578 85 18
2579 85 21
2580 85 24
2581 85 28
2582 85 29
2583 86 1
2584 86 7
2585 86 9
2586 86 18
2587 86 19
2588 86 20
2589 86 21
2590 86 24
2591 86 30
2592 86 31
2593 86 32
2594 86 33
2595 86 34
2596 86 35
2597 86 36
2598 86 37
2599 86 77
2600 86 78
2601 86 79
2602 86 80
2603 86 81
2604 86 82
2605 86 83
2606 86 84
2607 86 89
2608 86 90
2609 86 91
2610 86 92
2611 86 105
2612 86 106
2613 86 107
2614 86 108
2615 86 109
2616 86 110
2617 86 111
2618 86 118
2619 87 1
2620 87 7
2621 87 8
2622 87 10
2623 87 11
2624 87 12
2625 87 13
2626 87 14
2627 87 15
2628 87 16
2629 87 17
2630 87 24
2631 87 30
2632 87 37
2633 88 1
2634 88 7
2635 88 8
2636 88 10
2637 88 16
2638 88 25
2639 88 26
2640 88 27
2641 88 30
2642 88 37
2643 89 1
2644 89 7
2645 89 8
2646 89 10
2647 89 11
2648 89 16
2649 89 25
2650 89 27
2651 89 30
2652 89 37
2653 89 81
2654 89 82
2655 89 83
2656 89 84
2657 89 118
2658 89 149
2659 89 150
2660 89 151
2661 90 1
2662 90 7
2663 90 9
2664 90 12
2665 90 16
2666 90 25
2667 90 26
2668 90 27
2669 90 30
2670 90 31
2671 90 32
2672 90 33
2673 90 34
2674 90 35
2675 90 36
2676 90 37
2677 90 81
2678 90 82
2679 90 83
2680 90 84
2681 91 1
2682 91 7
2683 91 9
2684 91 12
2685 91 16
2686 92 1
2687 92 7
2688 92 9
2689 92 12
2690 92 16
2691 93 1
2692 93 7
2693 93 9
2694 93 12
2695 93 16
2696 94 1
2697 94 5
2698 94 6
2699 94 9
2700 94 12
2701 94 16
2702 95 1
2703 95 5
2704 95 9
2705 95 12
2706 95 16
2707 95 32
2708 95 33
2709 95 34
2710 95 35
2711 95 36
2712 95 37
2713 96 1
2714 96 5
2715 96 9
2716 96 12
2717 96 16
2718 96 32
2719 96 33
2720 96 34
2721 96 35
2722 96 36
2723 96 37
2724 96 154
2725 96 155
2726 96 158
2727 96 159
2728 96 160
2729 97 1
2730 97 5
2731 97 9
2732 97 12
2733 97 16
2734 97 30
2735 97 31
2736 97 38
2737 97 40
2738 97 44
2739 97 45
2740 97 59
2741 97 60
2742 97 61
2743 97 62
2744 97 65
2745 97 66
2746 97 67
2747 97 82
2748 97 83
2749 97 84
2750 97 154
2751 97 155
2752 97 158
2753 97 160
2754 98 1
2755 98 5
2756 98 9
2757 98 12
2758 98 16
2759 98 30
2760 98 31
2761 98 38
2762 98 40
2763 98 44
2764 98 45
2765 98 59
2766 98 62
2767 98 65
2768 98 68
2769 98 69
2770 98 70
2771 98 74
2772 98 75
2773 98 76
2774 98 77
2775 98 82
2776 98 84
2777 98 127
2778 98 128
2779 98 129
2780 98 130
2781 98 131
2782 98 132
2783 98 133
2784 98 134
2785 98 135
2786 98 136
2787 98 137
2788 98 138
2789 98 147
2790 98 154
2791 98 155
2792 98 158
2793 98 160
2794 99 1
2795 99 5
2796 99 9
2797 99 12
2798 99 13
2799 99 14
2800 99 15
2801 99 16
2802 99 30
2803 99 31
2804 99 38
2805 99 40
2806 99 44
2807 99 45
2808 99 59
2809 99 62
2810 99 65
2811 99 66
2812 99 67
2813 99 68
2814 99 69
2815 99 70
2816 99 74
2817 99 75
2818 99 76
2819 99 77
2820 99 82
2821 99 84
2822 99 87
2823 99 88
2824 99 105
2825 99 114
2826 99 115
2827 99 118
2828 99 119
2829 99 120
2830 99 121
2831 99 122
2832 99 125
2833 99 126
2834 99 132
2835 99 135
2836 99 147
2837 99 154
2838 99 155
2839 99 158
2840 99 160
2841 100 1
2842 100 5
2843 100 9
2844 100 12
2845 100 16
2846 100 30
2847 100 31
2848 100 38
2849 100 40
2850 100 44
2851 100 45
2852 100 59
2853 100 62
2854 100 78
2855 100 79
2856 100 80
2857 100 81
2858 100 84
2859 100 86
2860 100 89
2861 100 90
2862 100 91
2863 100 92
2864 100 93
2865 100 94
2866 100 95
2867 100 96
2868 100 98
2869 100 99
2870 100 100
2871 100 101
2872 100 102
2873 100 103
2874 100 104
2875 100 106
2876 100 107
2877 100 108
2878 100 109
2879 100 110
2880 100 113
2881 100 116
2882 100 117
2883 100 125
2884 100 126
2885 100 132
2886 100 135
2887 100 147
2888 100 154
2889 100 155
2890 100 158
2891 100 159
2892 100 160
2893 101 1
2894 101 5
2895 101 10
2896 101 11
2897 101 30
2898 101 31
2899 101 38
2900 101 40
2901 101 44
2902 101 45
2903 101 59
2904 101 62
2905 101 78
2906 101 84
2907 101 86
2908 101 89
2909 101 96
2910 101 98
2911 101 104
2912 101 106
2913 101 110
2914 101 113
2915 101 116
2916 101 117
2917 101 125
2918 101 126
2919 101 132
2920 101 135
2921 101 160
2922 102 1
2923 102 5
2924 102 11
2925 102 30
2926 102 31
2927 102 38
2928 102 40
2929 102 44
2930 102 45
2931 102 58
2932 102 62
2933 102 78
2934 102 84
2935 102 86
2936 102 89
2937 102 96
2938 102 98
2939 102 104
2940 102 106
2941 102 110
2942 102 113
2943 102 116
2944 102 117
2945 102 125
2946 102 126
2947 102 132
2948 102 135
2949 103 1
2950 103 5
2951 103 11
2952 103 30
2953 103 31
2954 103 38
2955 103 40
2956 103 43
2957 103 44
2958 103 45
2959 103 58
2960 103 62
2961 103 78
2962 103 79
2963 103 80
2964 103 81
2965 103 84
2966 103 86
2967 103 89
2968 103 96
2969 103 98
2970 103 104
2971 103 106
2972 103 110
2973 103 113
2974 103 116
2975 103 117
2976 103 125
2977 103 126
2978 103 132
2979 103 133
2980 103 134
2981 103 135
2982 103 154
2983 103 155
2984 104 1
2985 104 5
2986 104 11
2987 104 32
2988 104 33
2989 104 34
2990 104 35
2991 104 36
2992 104 37
2993 104 58
2994 104 62
2995 104 82
2996 104 83
2997 104 84
2998 104 86
2999 104 89
3000 104 90
3001 104 91
3002 104 92
3003 104 93
3004 104 94
3005 104 95
3006 104 96
3007 104 98
3008 104 99
3009 104 100
3010 104 101
3011 104 102
3012 104 103
3013 104 104
3014 104 106
3015 104 107
3016 104 108
3017 104 109
3018 104 114
3019 104 115
3020 104 118
3021 104 119
3022 104 120
3023 104 121
3024 104 122
3025 104 123
3026 104 124
3027 104 127
3028 104 128
3029 104 129
3030 104 130
3031 104 131
3032 104 154
3033 104 155
3034 104 156
3035 104 157
3036 104 158
3037 104 159
3038 104 160
3039 105 1
3040 105 5
3041 105 7
3042 105 8
3043 105 9
3044 105 10
3045 105 11
3046 105 32
3047 105 37
3048 105 58
3049 105 62
3050 105 105
3051 105 127
3052 105 131
3053 106 1
3054 106 5
3055 106 6
3056 106 30
3057 106 31
3058 106 32
3059 106 33
3060 106 34
3061 106 35
3062 106 36
3063 106 37
3064 106 58
3065 106 62
3066 106 105
3067 106 127
3068 106 131
3069 106 158
3070 106 159
3071 107 1
3072 107 5
3073 107 6
3074 107 58
3075 107 62
3076 107 105
3077 107 127
3078 107 131
3079 108 1
3080 108 58
3081 108 59
3082 108 60
3083 108 61
3084 108 62
3085 108 100
3086 108 101
3087 108 102
3088 108 103
3089 108 104
3090 108 127
3091 108 132
3092 108 133
3093 108 134
3094 108 135
3095 108 136
3096 108 137
3097 108 138
3098 108 139
3099 108 140
3100 108 141
3101 108 142
3102 108 143
3103 108 144
3104 108 145
3105 108 146
3106 108 147
3107 108 148
3108 108 149
3109 108 150
3110 108 151
3111 108 152
3112 108 153
3113 108 154
3114 108 155
3115 108 156
3116 108 157
3117 108 158
3118 108 159
3119 108 160
3120 109 1
3121 109 105
3122 109 114
3123 109 115
3124 109 118
3125 109 119
3126 109 120
3127 109 121
3128 109 127
3129 109 131
3130 109 134
3131 109 160
3132 110 1
3133 110 105
3134 110 114
3135 110 115
3136 110 118
3137 110 121
3138 110 127
3139 110 131
3140 110 134
3141 110 148
3142 110 149
3143 110 150
3144 110 151
3145 110 152
3146 110 153
3147 110 154
3148 110 155
3149 110 156
3150 110 157
3151 110 158
3152 110 159
3153 110 160
3154 111 1
3155 111 61
3156 111 62
3157 111 63
3158 111 64
3159 111 105
3160 111 114
3161 111 115
3162 111 118
3163 111 119
3164 111 120
3165 111 121
3166 111 127
3167 111 131
3168 111 134
3169 111 135
3170 111 136
3171 111 137
3172 111 138
3173 111 139
3174 111 140
3175 111 141
3176 111 147
3177 112 5
3178 112 61
3179 112 64
3180 112 75
3181 112 76
3182 112 77
3183 112 87
3184 112 88
3185 112 89
3186 112 90
3187 112 91
3188 112 92
3189 112 93
3190 112 94
3191 112 95
3192 112 96
3193 112 98
3194 112 99
3195 112 100
3196 112 101
3197 112 102
3198 112 103
3199 112 104
3200 112 109
3201 112 110
3202 112 121
3203 112 127
3204 112 131
3205 112 142
3206 112 147
3207 113 5
3208 113 55
3209 113 61
3210 113 62
3211 113 63
3212 113 64
3213 113 74
3214 113 87
3215 113 96
3216 113 98
3217 113 104
3218 113 109
3219 113 110
3220 113 121
3221 113 127
3222 113 131
3223 113 142
3224 113 147
3225 114 2
3226 114 3
3227 114 4
3228 114 6
3229 114 10
3230 114 11
3231 114 12
3232 114 16
3233 114 22
3234 114 23
3235 114 24
3236 114 25
3237 114 55
3238 114 87
3239 114 96
3240 114 98
3241 114 99
3242 114 100
3243 114 101
3244 114 102
3245 114 103
3246 114 104
3247 114 109
3248 114 110
3249 114 121
3250 114 127
3251 114 132
3252 114 133
3253 114 134
3254 114 135
3255 114 136
3256 114 137
3257 114 138
3258 114 139
3259 114 142
3260 114 147
3261 115 2
3262 115 4
3263 115 6
3264 115 10
3265 115 12
3266 115 16
3267 115 22
3268 115 23
3269 115 24
3270 115 25
3271 115 54
3272 115 56
3273 115 57
3274 115 58
3275 115 59
3276 115 60
3277 115 61
3278 115 62
3279 115 63
3280 115 64
3281 115 87
3282 115 96
3283 115 105
3284 115 106
3285 115 107
3286 115 108
3287 115 110
3288 115 121
3289 115 127
3290 115 139
3291 115 142
3292 115 143
3293 115 147
3294 116 2
3295 116 4
3296 116 6
3297 116 10
3298 116 12
3299 116 16
3300 116 54
3301 116 56
3302 116 59
3303 116 87
3304 116 96
3305 116 105
3306 116 110
3307 116 121
3308 116 127
3309 116 140
3310 116 141
3311 116 144
3312 116 147
3313 117 2
3314 117 4
3315 117 6
3316 117 10
3317 117 12
3318 117 16
3319 117 54
3320 117 56
3321 117 59
3322 117 87
3323 117 96
3324 117 105
3325 117 106
3326 117 107
3327 117 108
3328 117 109
3329 117 110
3330 117 121
3331 117 127
3332 117 141
3333 117 144
3334 117 147
3335 118 2
3336 118 4
3337 118 6
3338 118 10
3339 118 12
3340 118 16
3341 118 33
3342 118 34
3343 118 35
3344 118 36
3345 118 37
3346 118 38
3347 118 39
3348 118 40
3349 118 54
3350 118 56
3351 118 59
3352 118 87
3353 118 95
3354 118 101
3355 118 102
3356 118 103
3357 118 104
3358 118 111
3359 118 113
3360 118 114
3361 118 115
3362 118 121
3363 118 127
3364 118 141
3365 118 144
3366 118 147
3367 119 2
3368 119 4
3369 119 6
3370 119 10
3371 119 12
3372 119 16
3373 119 33
3374 119 40
3375 119 54
3376 119 55
3377 119 59
3378 119 87
3379 119 95
3380 119 101
3381 119 104
3382 119 111
3383 119 113
3384 119 115
3385 119 121
3386 119 127
3387 119 128
3388 119 129
3389 119 130
3390 119 131
3391 119 132
3392 119 133
3393 119 134
3394 119 135
3395 119 136
3396 119 137
3397 119 139
3398 119 140
3399 119 141
3400 119 144
3401 119 145
3402 119 146
3403 119 147
3404 120 2
3405 120 4
3406 120 6
3407 120 10
3408 120 12
3409 120 33
3410 120 40
3411 120 54
3412 120 57
3413 120 58
3414 120 60
3415 120 63
3416 120 64
3417 120 87
3418 120 95
3419 120 101
3420 120 104
3421 120 111
3422 120 113
3423 120 115
3424 120 121
3425 120 127
3426 120 138
3427 120 142
3428 120 143
3429 120 148
3430 120 149
3431 120 150
3432 120 151
3433 120 152
3434 120 153
3435 120 154
3436 120 155
3437 120 156
3438 120 157
3439 120 158
3440 120 159
3441 120 160
3442 121 2
3443 121 4
3444 121 6
3445 121 10
3446 121 11
3447 121 12
3448 121 33
3449 121 40
3450 121 54
3451 121 55
3452 121 56
3453 121 59
3454 121 63
3455 121 65
3456 121 74
3457 121 82
3458 121 87
3459 121 95
3460 121 100
3461 121 104
3462 121 111
3463 121 113
3464 121 115
3465 121 121
3466 121 127
3467 121 138
3468 121 142
3469 121 143
3470 121 148
3471 121 160
3472 122 2
3473 122 4
3474 122 6
3475 122 10
3476 122 22
3477 122 23
3478 122 24
3479 122 25
3480 122 26
3481 122 27
3482 122 28
3483 122 33
3484 122 37
3485 122 38
3486 122 39
3487 122 40
3488 122 63
3489 122 65
3490 122 82
3491 122 83
3492 122 84
3493 122 87
3494 122 95
3495 122 100
3496 122 104
3497 122 111
3498 122 113
3499 122 115
3500 122 121
3501 122 122
3502 122 127
3503 122 138
3504 122 142
3505 122 143
3506 122 148
3507 122 149
3508 122 150
3509 122 151
3510 122 152
3511 122 153
3512 122 154
3513 122 160
3514 123 1
3515 123 4
3516 123 6
3517 123 10
3518 123 22
3519 123 28
3520 123 33
3521 123 36
3522 123 63
3523 123 65
3524 123 82
3525 123 84
3526 123 87
3527 123 95
3528 123 100
3529 123 104
3530 123 111
3531 123 113
3532 123 115
3533 123 121
3534 123 122
3535 123 127
3536 123 138
3537 123 142
3538 123 143
3539 123 155
3540 123 160
3541 124 1
3542 124 4
3543 124 6
3544 124 10
3545 124 22
3546 124 28
3547 124 33
3548 124 36
3549 124 63
3550 124 65
3551 124 82
3552 124 83
3553 124 84
3554 124 87
3555 124 88
3556 124 89
3557 124 90
3558 124 91
3559 124 92
3560 124 93
3561 124 94
3562 124 95
3563 124 100
3564 124 104
3565 124 111
3566 124 113
3567 124 114
3568 124 121
3569 124 122
3570 124 127
3571 124 138
3572 124 142
3573 124 143
3574 124 155
3575 124 160
3576 125 1
3577 125 4
3578 125 6
3579 125 11
3580 125 22
3581 125 28
3582 125 33
3583 125 36
3584 125 51
3585 125 52
3586 125 53
3587 125 54
3588 125 55
3589 125 56
3590 125 59
3591 125 60
3592 125 61
3593 125 62
3594 125 64
3595 125 100
3596 125 104
3597 125 111
3598 125 113
3599 125 114
3600 125 121
3601 125 122
3602 125 127
3603 125 138
3604 125 142
3605 125 143
3606 125 144
3607 125 155
3608 125 160
3609 126 1
3610 126 4
3611 126 6
3612 126 11
3613 126 22
3614 126 28
3615 126 33
3616 126 36
3617 126 51
3618 126 56
3619 126 59
3620 126 64
3621 126 100
3622 126 101
3623 126 102
3624 126 103
3625 126 104
3626 126 111
3627 126 113
3628 126 114
3629 126 121
3630 126 122
3631 126 127
3632 126 138
3633 126 155
3634 126 160
3635 127 1
3636 127 4
3637 127 6
3638 127 11
3639 127 22
3640 127 28
3641 127 33
3642 127 35
3643 127 36
3644 127 51
3645 127 56
3646 127 59
3647 127 64
3648 127 99
3649 127 111
3650 127 113
3651 127 114
3652 127 121
3653 127 122
3654 127 127
3655 127 139
3656 127 140
3657 127 155
3658 127 160
3659 128 1
3660 128 4
3661 128 6
3662 128 11
3663 128 22
3664 128 28
3665 128 33
3666 128 34
3667 128 51
3668 128 56
3669 128 59
3670 128 62
3671 128 63
3672 128 64
3673 128 99
3674 128 103
3675 128 104
3676 128 105
3677 128 106
3678 128 107
3679 128 108
3680 128 109
3681 128 110
3682 128 121
3683 128 122
3684 128 127
3685 128 141
3686 128 142
3687 128 143
3688 128 155
3689 128 160
3690 129 1
3691 129 4
3692 129 6
3693 129 11
3694 129 12
3695 129 13
3696 129 14
3697 129 15
3698 129 16
3699 129 17
3700 129 22
3701 129 28
3702 129 33
3703 129 34
3704 129 51
3705 129 56
3706 129 60
3707 129 61
3708 129 99
3709 129 103
3710 129 110
3711 129 121
3712 129 122
3713 129 127
3714 129 141
3715 129 143
3716 129 155
3717 129 160
3718 130 1
3719 130 4
3720 130 6
3721 130 7
3722 130 11
3723 130 12
3724 130 13
3725 130 14
3726 130 15
3727 130 16
3728 130 17
3729 130 18
3730 130 22
3731 130 23
3732 130 24
3733 130 25
3734 130 26
3735 130 27
3736 130 28
3737 130 33
3738 130 34
3739 130 51
3740 130 56
3741 130 60
3742 130 61
3743 130 99
3744 130 103
3745 130 110
3746 130 121
3747 130 122
3748 130 127
3749 130 141
3750 130 143
3751 130 155
3752 130 160
3753 131 1
3754 131 4
3755 131 6
3756 131 7
3757 131 33
3758 131 34
3759 131 35
3760 131 36
3761 131 37
3762 131 38
3763 131 39
3764 131 40
3765 131 41
3766 131 42
3767 131 43
3768 131 51
3769 131 52
3770 131 53
3771 131 54
3772 131 55
3773 131 56
3774 131 60
3775 131 61
3776 131 64
3777 131 65
3778 131 77
3779 131 79
3780 131 80
3781 131 81
3782 131 82
3783 131 83
3784 131 84
3785 131 87
3786 131 88
3787 131 89
3788 131 90
3789 131 91
3790 131 92
3791 131 93
3792 131 99
3793 131 103
3794 131 104
3795 131 105
3796 131 106
3797 131 107
3798 131 108
3799 131 109
3800 131 110
3801 131 120
3802 131 123
3803 131 124
3804 131 125
3805 131 126
3806 131 141
3807 131 143
3808 131 155
3809 131 156
3810 131 157
3811 131 158
3812 131 159
3813 131 160
3814 132 1
3815 132 4
3816 132 6
3817 132 7
3818 132 35
3819 132 43
3820 132 47
3821 132 48
3822 132 49
3823 132 50
3824 132 60
3825 132 61
3826 132 64
3827 132 65
3828 132 77
3829 132 79
3830 132 84
3831 132 87
3832 132 93
3833 132 99
3834 132 103
3835 132 120
3836 132 123
3837 132 125
3838 132 126
3839 132 141
3840 132 143
3841 132 153
3842 132 154
3843 133 1
3844 133 2
3845 133 3
3846 133 4
3847 133 6
3848 133 7
3849 133 24
3850 133 25
3851 133 26
3852 133 27
3853 133 35
3854 133 36
3855 133 37
3856 133 43
3857 133 46
3858 133 60
3859 133 61
3860 133 64
3861 133 65
3862 133 77
3863 133 79
3864 133 84
3865 133 87
3866 133 93
3867 133 99
3868 133 104
3869 133 105
3870 133 106
3871 133 107
3872 133 108
3873 133 109
3874 133 110
3875 133 120
3876 133 123
3877 133 124
3878 133 127
3879 133 128
3880 133 129
3881 133 130
3882 133 131
3883 133 132
3884 133 133
3885 133 134
3886 133 135
3887 133 136
3888 133 137
3889 133 138
3890 133 139
3891 133 140
3892 133 143
3893 133 153
3894 133 154
3895 134 6
3896 134 7
3897 134 38
3898 134 43
3899 134 46
3900 134 60
3901 134 61
3902 134 64
3903 134 65
3904 134 77
3905 134 79
3906 134 84
3907 134 87
3908 134 93
3909 134 99
3910 134 102
3911 134 103
3912 134 110
3913 134 120
3914 134 123
3915 134 124
3916 134 127
3917 134 128
3918 134 129
3919 134 130
3920 134 143
3921 134 153
3922 134 154
3923 135 6
3924 135 7
3925 135 38
3926 135 39
3927 135 40
3928 135 43
3929 135 46
3930 135 60
3931 135 61
3932 135 64
3933 135 65
3934 135 77
3935 135 79
3936 135 84
3937 135 87
3938 135 93
3939 135 99
3940 135 102
3941 135 110
3942 135 120
3943 135 125
3944 135 126
3945 135 131
3946 135 132
3947 135 133
3948 135 134
3949 135 135
3950 135 136
3951 135 137
3952 135 138
3953 135 143
3954 135 153
3955 135 154
3956 136 10
3957 136 11
3958 136 12
3959 136 13
3960 136 14
3961 136 15
3962 136 16
3963 136 17
3964 136 18
3965 136 41
3966 136 43
3967 136 46
3968 136 60
3969 136 61
3970 136 77
3971 136 79
3972 136 80
3973 136 81
3974 136 82
3975 136 83
3976 136 84
3977 136 87
3978 136 88
3979 136 89
3980 136 90
3981 136 91
3982 136 92
3983 136 93
3984 136 98
3985 136 99
3986 136 102
3987 136 103
3988 136 104
3989 136 105
3990 136 106
3991 136 107
3992 136 108
3993 136 109
3994 136 110
3995 136 121
3996 136 122
3997 136 125
3998 136 126
3999 136 139
4000 136 140
4001 136 141
4002 136 142
4003 136 143
4004 136 155
4005 136 156
4006 136 157
4007 136 158
4008 137 10
4009 137 13
4010 137 41
4011 137 43
4012 137 46
4013 137 48
4014 137 49
4015 137 50
4016 137 60
4017 137 61
4018 137 100
4019 137 101
4020 137 125
4021 137 126
4022 137 128
4023 137 129
4024 137 130
4025 137 131
4026 137 132
4027 137 133
4028 137 144
4029 137 146
4030 137 147
4031 137 148
4032 137 155
4033 137 158
4034 138 10
4035 138 11
4036 138 12
4037 138 13
4038 138 41
4039 138 42
4040 138 43
4041 138 48
4042 138 50
4043 138 60
4044 138 61
4045 138 64
4046 138 65
4047 138 100
4048 138 101
4049 138 121
4050 138 122
4051 138 125
4052 138 127
4053 138 129
4054 138 133
4055 138 144
4056 138 146
4057 138 148
4058 138 155
4059 138 158
4060 139 14
4061 139 15
4062 139 16
4063 139 17
4064 139 18
4065 139 19
4066 139 20
4067 139 33
4068 139 34
4069 139 47
4070 139 50
4071 139 57
4072 139 58
4073 139 59
4074 139 62
4075 139 63
4076 139 66
4077 139 67
4078 139 68
4079 139 69
4080 139 77
4081 139 79
4082 139 80
4083 139 81
4084 139 82
4085 139 83
4086 139 84
4087 139 87
4088 139 88
4089 139 100
4090 139 101
4091 139 121
4092 139 122
4093 139 125
4094 139 127
4095 139 130
4096 139 133
4097 139 144
4098 139 146
4099 139 148
4100 139 155
4101 139 158
4102 140 9
4103 140 10
4104 140 11
4105 140 12
4106 140 13
4107 140 43
4108 140 47
4109 140 51
4110 140 52
4111 140 53
4112 140 54
4113 140 55
4114 140 56
4115 140 59
4116 140 62
4117 140 63
4118 140 66
4119 140 67
4120 140 68
4121 140 69
4122 140 77
4123 140 79
4124 140 80
4125 140 81
4126 140 82
4127 140 83
4128 140 84
4129 140 87
4130 140 88
4131 140 89
4132 140 90
4133 140 91
4134 140 92
4135 140 94
4136 140 95
4137 140 98
4138 140 99
4139 140 102
4140 140 103
4141 140 104
4142 140 105
4143 140 106
4144 140 107
4145 140 108
4146 140 109
4147 140 110
4148 140 121
4149 140 122
4150 140 125
4151 140 127
4152 140 130
4153 140 133
4154 140 144
4155 140 146
4156 140 148
4157 140 155
4158 140 158
4159 141 9
4160 141 13
4161 141 43
4162 141 47
4163 141 56
4164 141 60
4165 141 61
4166 141 64
4167 141 65
4168 141 93
4169 141 95
4170 141 98
4171 141 99
4172 141 102
4173 141 110
4174 141 121
4175 141 122
4176 141 125
4177 141 127
4178 141 130
4179 141 133
4180 141 144
4181 141 146
4182 141 148
4183 141 155
4184 141 158
4185 142 7
4186 142 8
4187 142 13
4188 142 43
4189 142 47
4190 142 48
4191 142 49
4192 142 50
4193 142 51
4194 142 52
4195 142 53
4196 142 54
4197 142 55
4198 142 56
4199 142 60
4200 142 61
4201 142 64
4202 142 65
4203 142 93
4204 142 95
4205 142 98
4206 142 99
4207 142 102
4208 142 110
4209 142 121
4210 142 122
4211 142 125
4212 142 127
4213 142 130
4214 142 133
4215 142 144
4216 142 146
4217 142 148
4218 142 155
4219 142 158
4220 143 7
4221 143 13
4222 143 93
4223 143 96
4224 143 97
4225 143 99
4226 143 102
4227 143 108
4228 143 110
4229 143 121
4230 143 122
4231 143 125
4232 143 127
4233 143 130
4234 143 133
4235 143 144
4236 143 146
4237 143 148
4238 143 155
4239 143 158
4240 144 7
4241 144 13
4242 144 93
4243 144 99
4244 144 102
4245 144 107
4246 144 109
4247 144 110
4248 144 121
4249 144 122
4250 144 125
4251 144 127
4252 144 130
4253 144 133
4254 144 144
4255 144 146
4256 144 148
4257 144 155
4258 144 158
4259 145 7
4260 145 13
4261 145 41
4262 145 42
4263 145 43
4264 145 47
4265 145 48
4266 145 49
4267 145 50
4268 145 51
4269 145 77
4270 145 88
4271 145 89
4272 145 90
4273 145 93
4274 145 94
4275 145 95
4276 145 96
4277 145 97
4278 145 98
4279 145 99
4280 145 102
4281 145 103
4282 145 104
4283 145 105
4284 145 106
4285 145 107
4286 145 109
4287 145 110
4288 145 121
4289 145 122
4290 145 125
4291 145 126
4292 145 127
4293 145 130
4294 145 133
4295 145 144
4296 145 146
4297 145 148
4298 145 155
4299 145 158
4300 146 7
4301 146 13
4302 146 41
4303 146 43
4304 146 47
4305 146 51
4306 146 108
4307 146 121
4308 146 122
4309 146 125
4310 146 130
4311 146 133
4312 146 144
4313 146 146
4314 146 148
4315 146 155
4316 146 158
4317 147 7
4318 147 13
4319 147 41
4320 147 43
4321 147 47
4322 147 51
4323 147 54
4324 147 55
4325 147 56
4326 147 60
4327 147 61
4328 147 64
4329 147 65
4330 147 108
4331 147 121
4332 147 122
4333 147 125
4334 147 130
4335 147 131
4336 147 132
4337 147 133
4338 147 144
4339 147 146
4340 147 148
4341 147 155
4342 147 158
4343 148 4
4344 148 5
4345 148 6
4346 148 13
4347 148 41
4348 148 42
4349 148 43
4350 148 47
4351 148 51
4352 148 54
4353 148 55
4354 148 56
4355 148 60
4356 148 61
4357 148 64
4358 148 65
4359 148 108
4360 148 121
4361 148 122
4362 148 125
4363 148 133
4364 148 144
4365 148 146
4366 148 147
4367 148 148
4368 148 155
4369 148 156
4370 148 157
4371 148 158
4372 149 4
4373 149 13
4374 149 17
4375 149 18
4376 149 19
4377 149 27
4378 149 28
4379 149 29
4380 149 30
4381 149 33
4382 149 34
4383 149 38
4384 149 39
4385 149 40
4386 149 46
4387 149 47
4388 149 48
4389 149 49
4390 149 50
4391 149 51
4392 149 57
4393 149 58
4394 149 59
4395 149 62
4396 149 63
4397 149 65
4398 149 108
4399 149 121
4400 149 122
4401 149 125
4402 149 133
4403 149 134
4404 149 135
4405 149 136
4406 149 137
4407 149 138
4408 149 139
4409 149 140
4410 149 141
4411 149 142
4412 149 143
4413 149 159
4414 149 160
4415 150 4
4416 150 13
4417 150 17
4418 150 19
4419 150 27
4420 150 30
4421 150 33
4422 150 34
4423 150 41
4424 150 42
4425 150 43
4426 150 57
4427 150 59
4428 150 62
4429 150 65
4430 150 77
4431 150 88
4432 150 89
4433 150 100
4434 150 101
4435 150 102
4436 150 103
4437 150 104
4438 150 105
4439 150 106
4440 150 107
4441 150 109
4442 150 110
4443 150 121
4444 150 123
4445 150 124
4446 150 137
4447 150 138
4448 150 139
4449 150 140
4450 150 141
4451 150 142
4452 150 143
4453 150 159
4454 150 160
4455 151 4
4456 151 5
4457 151 6
4458 151 7
4459 151 8
4460 151 9
4461 151 10
4462 151 11
4463 151 12
4464 151 13
4465 151 17
4466 151 19
4467 151 27
4468 151 30
4469 151 33
4470 151 34
4471 151 41
4472 151 43
4473 151 57
4474 151 59
4475 151 62
4476 151 65
4477 151 77
4478 151 88
4479 151 89
4480 151 102
4481 151 107
4482 151 109
4483 151 110
4484 151 121
4485 151 124
4486 152 17
4487 152 19
4488 152 27
4489 152 29
4490 152 41
4491 152 43
4492 152 57
4493 152 59
4494 152 62
4495 152 65
4496 152 77
4497 152 88
4498 152 89
4499 152 102
4500 152 107
4501 152 109
4502 152 110
4503 152 121
4504 152 122
4505 152 123
4506 152 124
4507 153 17
4508 153 19
4509 153 27
4510 153 29
4511 153 41
4512 153 43
4513 153 57
4514 153 59
4515 153 62
4516 153 65
4517 153 77
4518 153 88
4519 153 89
4520 153 102
4521 153 107
4522 153 109
4523 153 110
4524 153 125
4525 153 130
4526 153 131
4527 153 132
4528 153 138
4529 153 139
4530 153 140
4531 153 141
4532 153 142
4533 153 143
4534 153 159
4535 153 160
4536 154 17
4537 154 19
4538 154 27
4539 154 30
4540 154 33
4541 154 34
4542 154 38
4543 154 39
4544 154 41
4545 154 42
4546 154 43
4547 154 57
4548 154 59
4549 154 62
4550 154 63
4551 154 64
4552 154 65
4553 154 77
4554 154 88
4555 154 89
4556 154 94
4557 154 95
4558 154 96
4559 154 97
4560 154 100
4561 154 101
4562 154 107
4563 154 109
4564 154 110
4565 154 125
4566 154 130
4567 154 133
4568 154 134
4569 154 135
4570 154 136
4571 154 137
4572 154 159
4573 154 160
4574 155 17
4575 155 19
4576 155 27
4577 155 30
4578 155 33
4579 155 34
4580 155 38
4581 155 39
4582 155 57
4583 155 59
4584 155 77
4585 155 88
4586 155 89
4587 155 94
4588 155 95
4589 155 96
4590 155 97
4591 155 100
4592 155 107
4593 155 109
4594 155 110
4595 155 125
4596 155 130
4597 155 137
4598 156 17
4599 156 18
4600 156 19
4601 156 27
4602 156 28
4603 156 29
4604 156 30
4605 156 33
4606 156 34
4607 156 38
4608 156 39
4609 156 57
4610 156 59
4611 156 77
4612 156 88
4613 156 89
4614 156 100
4615 156 107
4616 156 109
4617 156 110
4618 156 125
4619 156 130
4620 156 133
4621 156 134
4622 156 135
4623 156 136
4624 156 137
4625 156 138
4626 156 139
4627 156 140
4628 156 141
4629 156 142
4630 156 143
4631 156 159
4632 156 160
4633 157 33
4634 157 34
4635 157 38
4636 157 39
4637 157 53
4638 157 57
4639 157 59
4640 157 77
4641 157 88
4642 157 89
4643 157 100
4644 157 107
4645 157 109
4646 157 110
4647 157 125
4648 157 130
4649 157 132
4650 158 33
4651 158 34
4652 158 38
4653 158 39
4654 158 53
4655 158 57
4656 158 59
4657 158 65
4658 158 100
4659 158 101
4660 158 102
4661 158 103
4662 158 104
4663 158 105
4664 158 106
4665 158 107
4666 158 109
4667 158 110
4668 158 125
4669 158 130
4670 158 132
4671 158 155
4672 158 156
4673 158 157
4674 158 158
4675 158 159
4676 158 160
4677 159 33
4678 159 34
4679 159 38
4680 159 39
4681 159 53
4682 159 57
4683 159 59
4684 159 65
4685 159 108
4686 159 110
4687 159 125
4688 159 130
4689 159 132
4690 159 155
4691 159 160
4692 160 1
4693 160 2
4694 160 3
4695 160 4
4696 160 5
4697 160 6
4698 160 7
4699 160 8
4700 160 9
4701 160 10
4702 160 11
4703 160 12
4704 160 33
4705 160 34
4706 160 38
4707 160 39
4708 160 53
4709 160 57
4710 160 58
4711 160 59
4712 160 63
4713 160 64
4714 160 108
4715 160 110
4716 160 125
4717 160 130
4718 160 131
4719 160 132
4720 160 155
4721 160 156
4722 160 157
4723 160 158
4724 160 159
4725 160 160
