107
0 0 11
1 0 12
2 1 7
3 1 8
4 1 9
5 1 10
6 1 11
7 2 2
8 2 3
9 2 4
10 2 5
11 2 6
12 2 7
13 2 11
14 2 19
15 2 20
16 3 2
17 3 3
18 3 5
19 3 6
20 3 7
21 3 11
22 3 12
23 3 14
24 3 15
25 3 16
26 3 17
27 3 18
28 4 1
29 4 4
30 4 11
31 4 12
32 4 14
33 4 15
34 4 16
35 4 17
36 4 18
37 5 1
38 5 4
39 5 11
40 5 12
41 5 14
42 5 19
43 5 20
44 6 0
45 6 4
46 6 10
47 6 12
48 6 14
49 7 0
50 7 10
51 7 12
52 7 14
53 8 0
54 8 10
55 8 12
56 8 14
57 9 0
58 9 8
59 9 9
60 9 10
61 9 11
62 9 12
63 9 14
64 10 0
65 10 1
66 11 0
67 11 1
68 12 0
69 12 1
70 12 16
71 12 17
72 12 18
73 12 19
74 12 20
75 13 2
76 13 3
77 13 16
78 14 2
79 14 3
80 14 10
81 14 16
82 15 2
83 15 3
84 15 10
85 15 16
86 16 2
87 16 3
88 16 10
89 16 15
90 17 2
91 17 3
92 17 10
93 17 15
94 18 2
95 18 3
96 18 15
97 19 2
98 19 3
99 19 15
100 20 6
101 20 7
102 20 8
103 20 10
104 20 12
105 20 13
106 20 14
